Start of this file: 14:28:16 01/05/2017

0
22.00  20.27  21.20  21.25  

1.45  21.68  20.94  19.41  20.49  20.73  19.02  20.81  20.27  20.96  21.81  20.54  21.82  20.87  21.04  22.01  21.73  21.25  

0
20.77  19.82  21.32  21.49  20.70  20.89  20.92  20.69  21.20  20.88  20.72  21.47  20.86  21.08  22.41  21.51  20.09  20.57  19.60  20.48  20.82  21.99  20.97  20.74  21.06  20.49  20.39  21.30  20.67  20.89  21.07  20.26  20.29  21.37  21.24  20.58  18.70  20.55  20.90  21.06  20.34  20.62  20.80  20.60  20.57  19.99  19.63  21.23  19.60  21.06  21.66  20.48  19.30  21.16  20.72  21.52  21.58  21.58  21.22  20.50  20.77  22.01  19.94  21.61  

0
21.21  20.24  20.78  20.37  20.21  21.22  20.34  20.68  20.74  21.20  19.92  20.76  20.96  20.81  21.55  21.97  20.22  20.43  19.95  20.47  20.04  20.61  20.03  20.62  21.05  21.52  21.13  19.98  20.31  20.50  20.64  20.09  21.13  20.98  21.11  20.69  18.52  21.18  20.36  21.36  21.68  21.47  20.79  20.26  21.03  20.48  20.60  20.60  21.08  20.77  21.13  21.46  19.70  20.45  21.05  21.39  20.98  21.22  21.33  21.59  20.89  21.71  20.59  20.51  

0
21.53  21.11  20.79  20.63  20.34  20.89  20.58  21.14  20.65  20.99  21.40  20.89  20.61  20.16  21.43  21.03  20.92  20.18  19.96  20.83  20.92  21.26  21.18  20.02  20.95  20.49  20.71  20.54  20.32  19.88  20.79  20.26  22.13  20.35  20.16  20.02  18.04  21.72  21.33  21.17  20.55  21.16  20.70  20.71  20.69  20.11  20.05  19.23  21.68  21.06  21.66  21.72  19.86  21.16  20.39  20.84  19.94  20.65  21.34  20.62  21.30  20.86  19.94  20.15  

0
20.16  19.69  20.94  21.50  21.07  21.37  20.37  20.59  21.33  20.67  20.96  21.02  21.23  20.31  21.86  20.08  20.25  20.58  20.10  20.03  20.83  21.16  21.19  20.75  20.44  21.44  21.05  20.55  20.10  20.77  19.82  21.04  19.73  20.62  20.65  20.94  17.72  21.74  20.49  21.38  21.39  20.85  20.92  20.73  21.64  20.63  20.62  22.00  21.10  20.66  21.02  21.36  19.31  20.94  21.41  21.42  21.01  21.71  21.35  21.37  20.79  20.73  20.61  21.62  

0
20.07  19.74  20.45  20.68  20.74  21.04  20.17  20.84  20.79  20.80  20.76  21.86  20.66  21.14  22.05  21.91  21.92  20.75  21.20  21.33  20.74  21.28  20.17  21.69  20.46  21.25  20.53  20.35  20.71  20.43  20.71  21.57  21.35  20.40  20.32  20.39  18.13  21.01  20.83  21.70  20.89  20.98  21.57  20.64  20.73  21.30  21.23  21.00  21.31  21.25  20.67  21.76  19.92  20.85  20.87  20.54  20.92  21.28  20.91  22.02  22.01  20.93  20.03  22.43  

0
20.29  20.53  20.65  21.23  20.80  20.99  20.23  21.58  21.75  21.20  20.94  21.23  20.48  20.94  20.85  20.70  20.77  20.68  21.27  20.24  20.48  21.45  20.14  20.62  19.99  20.79  21.24  20.75  20.19  21.25  20.22  21.63  20.42  20.60  20.39  21.25  18.19  21.07  21.42  21.05  21.68  21.15  21.63  21.25  20.91  21.36  20.18  20.76  21.23  21.18  21.26  21.46  19.98  21.03  20.94  21.06  21.22  20.64  20.49  20.86  21.81  20.70  21.40  23.03  

0
20.77  20.83  20.66  21.37  21.29  21.12  20.58  21.26  21.32  20.09  20.95  20.78  21.57  20.03  21.29  21.51  20.23  21.21  20.20  20.71  20.92  21.15  20.46  21.15  20.74  21.53  21.14  21.41  20.44  20.76  21.07  20.10  21.00  20.23  20.88  21.15  18.20  21.41  21.01  21.06  21.90  20.94  20.70  22.03  21.28  20.62  20.89  21.83  21.24  21.19  21.01  21.59  20.14  21.85  20.72  21.96  20.76  21.93  21.58  21.60  21.30  21.87  20.92  22.33  

0
20.60  20.67  21.05  21.11  21.40  21.22  20.57  21.47  20.97  21.20  20.82  21.69  21.08  20.94  21.83  20.37  21.04  20.43  20.91  20.47  20.37  20.93  20.75  21.24  20.94  20.90  20.37  21.07  20.78  20.50  20.92  20.09  21.84  21.23  20.15  20.91  19.02  20.75  21.10  21.15  20.95  21.25  21.53  21.91  21.97  21.11  20.60  21.21  20.63  21.59  21.39  20.60  20.12  21.03  20.71  21.84  20.98  22.03  21.33  21.71  21.03  20.99  21.88  21.78  

0
21.35  21.09  20.24  21.34  20.79  20.86  20.67  20.66  20.62  21.07  21.37  21.33  20.95  20.67  21.68  21.80  20.34  20.93  20.06  20.80  20.68  20.81  20.95  20.71  21.14  20.99  20.58  21.17  21.23  20.86  20.63  20.85  20.69  19.56  20.25  20.79  18.51  20.95  20.77  21.75  21.15  20.92  21.52  20.69  21.72  21.48  20.87  21.20  21.21  21.58  21.11  20.21  19.41  20.67  .04  19.23  21.56  21.22  21.34  20.82  21.52  20.68  21.42  21.89  21.37  21.51  22.62  

0
20.43  19.65  21.56  20.60  20.55  22.14  21.24  22.02  21.18  21.63  20.47  20.75  20.35  21.58  21.68  21.32  19.66  21.18  20.54  21.84  20.90  21.02  20.12  20.82  20.51  20.88  20.58  20.73  20.88  20.99  21.04  21.01  20.84  21.09  20.01  21.24  18.51  21.59  20.77  21.04  21.25  21.45  21.10  21.35  21.37  21.73  20.73  21.35  21.21  21.44  20.98  21.32  19.55  21.94  20.81  20.48  21.32  21.44  21.32  20.23  21.15  21.84  21.22  22.12  

0
20.43  20.52  20.50  21.59  21.03  21.09  20.90  21.57  20.28  21.07  20.59  20.63  21.31  20.93  21.54  21.48  20.48  20.67  20.42  21.15  21.44  21.44  20.64  20.82  21.55  20.99  20.14  20.62  21.23  20.99  20.07  21.77  20.27  21.22  20.86  21.57  19.17  21.06  21.09  22.06  20.94  21.56  21.41  21.57  21.61  20.85  21.28  20.90  21.51  21.44  21.63  21.08  21.22  21.94  21.15  21.15  22.24  20.86  21.08  20.85  21.41  21.12  21.54  21.58  

0
21.38  21.40  20.40  20.38  20.70  20.77  21.94  21.14  20.76  21.21  20.50  21.47  20.61  21.21  21.85  21.03  20.51  21.08  20.68  21.41  21.36  20.52  20.97  21.25  20.22  21.22  21.14  21.30  20.67  20.00  21.21  20.88  19.58  21.49  20.40  20.81  19.85  20.55  21.43  20.65  21.59  20.84  21.54  20.71  20.69  21.50  21.03  21.38  21.24  20.79  21.27  21.23  19.30  21.50  21.29  21.85  21.23  20.89  22.05  21.36  21.04  20.86  21.89  21.79  

0
21.21  20.39  20.91  21.48  20.92  20.76  20.80  21.24  21.08  20.86  20.94  21.23  21.20  21.07  21.83  20.86  20.77  21.20  20.79  20.47  20.70  20.72  21.47  19.90  20.94  20.90  20.37  20.86  20.31  20.75  20.64  21.63  21.27  21.10  20.03  20.80  19.51  20.75  20.78  21.76  21.58  21.36  20.69  21.47  21.50  20.73  20.60  19.83  21.67  21.32  21.51  20.47  20.12  21.49  21.27  21.39  21.91  20.88  20.85  21.96  20.76  21.42  22.04  21.96  

0
20.16  20.27  21.07  20.52  20.59  21.25  20.71  21.38  21.55  21.45  20.63  21.14  20.51  21.62  21.02  21.52  19.69  21.09  19.86  20.26  20.40  20.42  20.47  21.16  21.49  20.61  21.58  21.10  20.45  20.65  20.66  21.66  21.30  21.00  20.77  20.71  19.86  21.31  21.02  21.18  21.08  20.96  21.45  20.73  20.82  22.01  20.62  21.09  21.10  21.07  21.54  22.10  19.17  21.40  20.85  20.97  21.36  21.60  22.18  20.27  20.92  22.31  20.94  21.44  

0
19.71  20.14  21.22  21.15  21.55  21.14  20.50  21.73  21.12  20.57  20.86  21.04  19.91  21.11  21.03  19.93  21.08  20.72  21.42  21.20  20.41  20.75  21.10  20.14  20.35  20.41  20.95  20.89  20.93  20.91  19.70  19.82  21.17  21.39  19.82  20.50  18.56  21.64  20.82  21.50  20.99  21.40  21.36  20.52  20.71  20.01  19.79  20.49  20.37  20.40  20.65  21.62  19.74  21.07  21.54  20.76  21.60  20.45  21.60  20.65  21.33  20.88  19.64  19.44  

0
21.66  20.23  20.90  21.34  20.55  21.68  21.35  20.44  20.06  20.40  20.47  20.87  20.59  21.71  21.40  21.00  20.75  21.95  20.42  21.38  20.79  21.23  20.54  20.82  20.93  20.68  21.12  20.62  21.00  20.61  21.60  21.16  21.26  20.07  19.89  20.79  19.00  21.70  21.41  21.14  20.94  20.60  21.83  20.91  21.02  21.60  21.14  21.05  21.06  20.90  20.85  21.57  19.83  21.25  21.04  20.71  21.32  20.51  21.67  21.70  21.28  21.99  21.22  22.66  

0
20.29  21.39  20.65  20.99  21.75  21.11  21.25  20.79  19.96  20.64  21.39  20.65  21.08  21.46  21.55  22.29  19.39  20.68  20.79  21.05  20.70  20.82  20.75  21.14  20.31  20.79  21.13  21.07  20.89  21.13  22.30  22.09  20.14  21.61  20.63  20.57  19.02  21.07  21.10  21.87  20.95  20.82  21.32  20.26  21.03  22.36  20.88  21.67  21.23  20.64  21.00  20.84  20.40  20.68  21.61  21.73  20.98  21.69  20.97  20.98  21.55  21.71  21.23  22.32  

0
20.59  21.23  21.43  20.60  20.55  20.74  20.67  20.89  20.73  21.07  20.25  21.57  21.67  20.93  21.68  21.16  21.03  20.16  20.78  20.57  20.14  20.39  20.95  20.82  20.30  20.99  20.79  20.30  20.30  21.11  20.76  21.31  20.27  20.46  20.86  20.33  19.00  21.70  20.88  21.65  21.04  21.45  22.14  20.80  20.54  21.22  20.87  20.74  20.92  20.08  21.76  20.71  19.69  22.05  21.82  20.59  20.97  20.98  21.55  21.21  20.88  20.54  20.90  21.76  

0
20.43  19.94  20.24  21.46  20.67  20.86  21.01  21.57  20.84  20.74  20.70  21.33  21.43  21.32  21.68  21.00  20.21  20.67  20.18  20.69  21.22  20.91  20.02  21.02  20.51  21.19  20.58  20.51  20.18  21.36  19.64  20.70  20.98  20.96  20.13  20.90  19.17  21.38  20.67  21.04  21.25  21.45  20.89  21.68  20.43  20.47  20.31  20.44  21.51  22.38  21.24  21.08  19.55  21.48  21.37  21.60  21.67  22.02  21.55  21.21  20.75  21.70  20.90  21.58  

0
20.75  20.53  20.39  21.84  20.80  21.34  20.69  21.81  20.41  20.75  20.71  21.58  20.84  21.33  21.41  20.70  20.08  20.94  20.67  20.12  21.24  20.93  20.65  20.93  20.94  21.00  20.81  20.31  21.13  21.00  19.23  20.86  20.99  20.60  20.39  20.46  19.67  21.50  21.10  21.56  21.27  21.47  21.21  21.03  20.91  20.86  20.46  21.21  20.78  21.45  21.00  20.72  19.70  21.15  21.27  21.39  20.52  21.80  21.45  20.98  21.03  21.85  20.26  21.60  

0
20.40  20.92  19.81  20.82  20.05  19.78  20.65  21.21  20.82  20.60  20.79  21.31  20.44  20.77  20.95  22.09  20.04  20.26  20.15  21.01  20.55  20.68  20.61  20.07  21.01  20.44  20.33  20.71  19.45  20.58  19.76  19.89  21.38  20.68  20.59  20.76  17.99  21.14  20.64  20.91  20.91  21.32  20.44  21.21  20.52  21.45  20.00  20.72  20.44  20.73  21.35  21.05  19.95  21.11  21.01  21.35  19.89  20.95  21.29  21.68  21.25  21.10  20.38  21.74  

0
20.17  19.70  20.82  20.28  20.61  20.68  20.27  20.83  20.67  20.68  21.42  21.38  21.12  20.98  21.17  20.25  20.39  21.11  20.23  20.86  20.52  20.96  20.28  21.17  20.66  20.73  20.52  21.11  20.35  20.28  20.26  20.13  21.17  21.01  19.94  20.61  18.89  21.22  20.82  21.29  21.41  21.08  20.72  21.18  20.12  20.27  19.65  20.49  21.12  20.68  21.29  20.88  19.88  21.99  20.98  21.32  21.49  21.38  21.84  21.02  22.11  21.32  22.08  21.99  

0
20.73  20.07  20.49  20.84  20.42  20.96  19.63  21.67  20.83  20.61  20.57  20.62  20.09  21.04  20.54  19.54  20.19  20.91  19.32  20.56  20.67  20.16  20.83  20.29  19.86  20.14  20.24  20.83  19.82  20.72  20.61  20.06  20.40  20.70  20.36  20.77  18.00  20.94  20.55  20.92  21.55  20.15  21.61  20.23  21.00  21.34  20.15  19.19  20.90  21.97  20.84  20.32  19.54  21.23  20.46  20.92  20.84  22.01  20.94  21.93  20.07  20.97  20.07  19.01  

0
19.66  19.65  21.30  20.97  19.72  20.98  20.56  20.78  20.40  21.07  20.36  20.98  20.35  20.40  20.70  22.43  19.79  20.29  20.42  21.04  20.79  20.17  20.64  21.12  20.72  20.88  21.12  21.06  19.83  20.86  19.50  21.77  20.98  19.82  20.25  20.90  18.34  20.95  20.67  21.24  20.84  20.81  20.67  20.80  20.66  20.34  21.28  21.05  21.36  20.62  20.98  21.45  19.97  20.78  20.47  21.83  21.09  20.40  21.32  20.72  21.01  21.70  21.06  22.48  

0
21.05  19.94  20.11  21.34  20.67  20.63  21.01  20.89  21.07  21.07  21.04  20.75  20.11  20.93  21.40  21.16  19.93  21.69  20.66  20.92  21.33  21.02  20.33  20.09  20.19  20.57  21.12  20.62  20.65  20.23  21.04  20.70  20.98  21.22  20.50  21.24  18.84  20.85  20.77  21.45  20.94  21.35  21.10  20.25  20.78  20.34  20.59  20.74  21.65  21.30  20.72  21.57  19.97  21.25  20.70  20.59  21.55  21.56  20.96  20.60  21.41  21.41  21.06  22.30  

0
21.30  21.32  21.90  20.68  20.27  20.46  20.39  21.52  21.02  20.69  20.20  20.58  19.93  21.53  20.93  21.59  20.97  21.13  21.20  21.21  21.17  21.18  20.17  19.94  19.72  20.94  21.50  20.68  20.01  20.05  20.85  21.11  21.35  20.02  21.16  21.75  18.46  21.01  20.72  21.19  20.89  20.44  20.94  21.19  21.20  21.30  21.23  21.00  19.97  20.43  21.32  21.64  20.89  20.97  20.65  21.77  20.92  21.16  20.30  21.04  22.01  21.07  20.85  21.89  

0
21.94  20.63  19.95  20.82  20.29  20.72  19.51  21.77  20.93  20.94  19.88  20.61  20.08  20.90  21.09  20.82  20.73  20.52  20.27  20.89  20.44  21.20  20.20  20.38  20.80  20.13  21.84  20.71  21.32  20.84  20.32  22.21  20.24  20.05  20.95  20.42  18.48  21.04  20.96  21.42  20.81  20.57  21.18  20.33  20.04  20.95  21.26  20.41  19.39  20.46  20.31  20.56  19.67  21.80  21.01  21.35  20.83  22.00  20.81  20.45  21.38  20.81  20.38  21.92  

0
21.07  20.69  20.53  21.24  20.82  20.65  20.36  20.23  22.31  21.21  20.72  21.24  20.86  20.82  20.15  20.55  20.64  19.93  20.20  20.83  20.16  20.62  20.15  20.33  20.43  21.12  20.60  20.21  20.09  20.38  21.48  21.65  20.72  20.74  20.16  21.04  18.37  21.72  20.58  20.86  21.17  21.16  21.12  20.49  20.92  21.50  20.47  20.77  21.39  20.79  21.79  21.10  19.86  20.35  21.73  20.84  21.23  21.58  21.10  20.50  20.51  21.44  20.76  21.79  

0
20.60  20.82  20.12  20.62  20.80  20.76  20.80  21.24  20.52  21.09  21.27  20.76  20.96  20.55  20.85  20.70  19.81  21.58  20.07  20.93  20.37  20.40  21.06  20.73  20.63  20.90  20.70  20.97  20.89  20.12  20.92  21.17  20.85  20.09  20.99  20.46  18.52  20.97  21.21  21.56  21.37  21.79  20.37  20.59  20.32  21.74  20.74  20.45  22.25  21.18  21.13  21.21  18.72  21.15  21.27  21.28  21.10  21.46  20.97  21.47  21.29  20.85  20.26  22.14  

0
20.91  20.24  21.31  20.86  20.09  21.57  20.80  21.36  20.63  20.42  20.60  20.18  21.80  20.94  20.00  20.70  19.94  20.43  19.71  20.70  20.70  20.72  20.65  20.11  21.25  21.10  20.59  20.75  20.43  20.50  20.36  20.86  19.85  20.72  20.87  20.57  18.36  20.65  21.31  21.15  21.99  21.36  21.32  20.48  21.50  20.23  20.04  20.76  21.37  21.32  21.51  20.84  20.40  21.26  20.94  21.62  20.87  20.88  21.69  21.35  20.76  20.56  21.56  20.32  

0
21.05  21.09  20.77  20.85  20.32  20.39  20.33  20.78  21.40  21.07  21.04  21.22  20.11  20.53  20.98  21.32  20.21  21.57  20.18  20.92  20.90  20.81  20.95  20.61  20.40  21.09  20.47  20.41  19.95  20.36  21.04  20.08  21.12  20.58  20.13  20.79  18.01  20.74  20.67  21.65  21.57  20.92  21.20  21.13  20.43  21.10  19.88  20.59  21.51  21.03  21.37  20.58  18.71  20.09  20.13  21.04  19.92  21.44  21.43  20.23  20.75  20.69  21.06  21.76  

0
21.17  20.63  21.01  20.70  21.12  20.72  19.96  21.54  20.71  20.83  21.24  20.73  21.28  21.03  21.80  21.14  21.27  21.03  20.63  21.01  20.98  21.20  20.41  21.10  20.69  20.65  20.23  20.82  20.16  20.58  20.74  21.90  20.95  20.43  21.07  21.10  18.98  21.04  21.17  21.73  21.12  21.00  21.07  20.44  20.87  22.20  20.98  21.93  20.89  21.41  21.99  21.91  19.95  21.45  20.79  21.02  21.53  21.65  21.17  21.31  21.78  21.39  20.55  22.64  

0
20.12  19.36  20.11  20.60  20.08  21.79  20.22  20.21  21.51  20.52  20.47  20.87  21.31  21.58  21.68  21.16  20.07  21.82  20.90  21.15  20.90  21.12  20.95  20.09  20.30  20.47  21.01  20.62  20.65  20.48  20.90  22.08  20.41  20.07  20.74  20.56  19.33  21.49  20.67  20.83  20.94  21.24  20.89  21.57  20.66  20.34  20.87  21.35  20.77  20.90  21.50  21.32  19.55  21.59  21.26  20.37  20.62  21.91  21.43  21.82  22.06  22.27  20.73  21.40  

0
20.89  19.94  20.64  20.48  20.44  21.09  20.10  21.46  21.74  20.74  21.04  21.10  20.95  21.32  21.82  21.64  20.48  20.16  20.30  20.46  20.90  20.49  21.86  20.71  20.40  21.91  20.58  20.51  20.88  21.11  21.18  21.77  20.69  20.46  19.77  20.90  19.17  21.06  20.98  21.34  21.25  21.03  20.89  21.02  20.78  21.10  21.42  21.20  20.62  21.30  21.63  21.81  19.97  20.78  20.92  21.71  21.55  21.44  20.84  21.09  20.88  20.69  22.35  20.68  

0
21.96  20.66  21.82  20.23  20.67  21.33  20.79  21.34  20.96  20.63  21.15  21.80  20.59  21.84  20.98  21.64  19.79  20.80  19.82  20.69  20.14  20.81  20.12  20.51  21.14  21.61  20.90  20.41  21.23  21.36  21.32  20.70  21.40  20.46  20.37  21.01  18.34  21.17  21.51  22.26  21.15  21.56  20.99  21.35  20.90  19.96  20.59  20.59  20.77  20.76  20.59  21.94  20.53  20.90  21.04  23.37  23.39  22.37  20.72  21.09  20.09  21.70  21.06  21.76  

0
20.87  20.78  20.48  20.08  21.12  21.88  20.42  20.87  21.49  20.27  20.34  21.08  22.36  20.11  21.09  21.14  20.32  21.03  20.15  21.01  20.98  20.47  20.61  21.41  21.01  21.27  20.66  20.71  20.97  20.08  21.43  20.83  20.24  19.66  20.83  20.76  20.44  26.02  23.78  23.14  22.47  21.85  21.18  20.88  20.99  20.70  20.98  21.63  21.19  20.46  21.09  20.19  19.81  21.45  21.24  23.89  24.83  23.03  21.65  21.43  21.51  21.67  20.87  21.20  

0
21.35  20.23  20.24  21.34  22.21  21.56  21.24  21.46  21.07  20.52  20.92  20.98  20.71  20.53  20.98  22.12  20.48  20.42  20.78  21.73  24.40  22.48  22.57  21.23  20.61  20.88  21.22  20.95  20.65  20.74  21.32  21.47  21.82  21.59  20.98  20.79  22.23  22.23  23.70  25.15  23.21  21.35  21.83  21.13  21.37  20.59  19.74  21.05  20.17  20.49  21.50  21.32  20.39  20.32  21.49  22.38  25.30  22.37  21.91  21.46  21.15  21.27  20.90  22.30  

0
21.17  20.20  20.74  21.32  22.18  22.69  21.10  21.43  20.82  21.05  20.34  20.61  21.04  21.03  20.95  20.50  20.32  19.74  20.99  21.59  24.17  21.94  22.95  22.12  21.01  21.27  20.98  20.05  20.97  20.46  19.62  20.67  21.38  19.92  20.95  21.55  22.05  22.62  23.37  24.63  23.90  20.79  21.81  20.33  21.35  20.32  19.72  20.41  20.29  21.41  21.09  21.05  20.36  21.11  22.13  24.66  25.39  21.19  22.00  21.80  20.59  21.53  20.55  20.47  

0
21.66  20.66  20.24  21.10  21.97  22.83  22.02  22.35  20.84  21.52  20.47  21.45  20.59  21.84  21.26  21.64  19.93  20.80  21.02  21.15  23.14  23.82  23.77  22.95  20.82  21.40  20.90  20.62  20.65  20.86  19.50  21.62  21.40  20.71  20.50  20.67  21.27  22.44  22.14  25.05  23.32  21.35  20.25  21.57  21.14  20.85  21.14  20.44  21.95  21.03  22.66  21.32  20.53  20.67  22.60  25.97  24.63  21.21  21.43  20.72  21.80  21.55  20.25  22.30  

0
21.51  20.95  21.43  21.71  21.50  22.14  22.58  21.91  20.84  21.07  21.26  21.22  20.71  20.53  20.98  21.64  20.07  21.18  20.54  21.27  22.83  24.13  25.06  24.35  21.66  20.57  21.12  20.84  20.42  20.74  20.49  20.70  21.40  21.34  20.74  22.02  21.91  21.80  25.65  25.83  23.11  20.81  20.78  20.80  20.90  21.10  21.42  21.20  21.06  22.25  20.98  21.08  20.53  23.30  25.64  24.35  23.05  22.25  22.15  22.19  21.80  21.55  22.35  21.58  

0
21.33  20.20  20.35  21.81  22.65  22.11  23.55  22.89  20.93  20.83  20.90  20.73  21.52  21.16  21.80  22.25  19.90  21.67  21.23  21.70  23.54  23.39  26.11  24.82  21.63  21.37  21.09  21.69  22.01  20.96  21.43  21.59  20.24  21.19  21.55  21.32  21.25  22.83  25.42  24.53  22.68  21.11  20.97  21.43  22.28  21.58  20.84  21.48  20.00  21.68  21.35  20.68  19.67  24.18  25.19  23.68  21.99  21.88  21.88  22.40  20.86  21.67  21.20  21.92  

0
20.56  21.06  21.40  21.32  21.95  23.26  23.44  24.43  21.49  20.60  20.67  21.42  22.24  21.55  21.66  20.66  20.32  21.54  20.75  21.93  24.06  24.41  25.62  24.13  22.05  20.65  20.77  20.60  20.27  20.21  21.02  21.59  21.09  21.57  20.59  21.66  21.09  23.25  23.99  23.54  23.09  22.07  20.97  21.65  21.70  20.82  20.00  21.02  20.89  21.82  22.38  22.03  20.08  22.26  24.22  26.59  24.38  22.46  21.29  21.06  21.12  21.67  21.36  21.74  

0
21.03  20.79  22.20  22.18  22.89  22.93  24.11  24.00  22.28  21.51  20.80  21.32  20.82  20.91  22.23  21.95  20.19  21.43  21.00  22.28  24.91  23.40  24.46  24.04  22.37  21.49  21.53  21.16  20.98  20.34  20.19  21.30  20.96  21.33  21.20  21.11  19.32  22.00  25.13  27.27  25.12  23.24  21.71  20.46  21.24  20.83  21.41  19.50  21.20  20.88  21.49  21.68  20.79  22.95  27.44  28.07  26.07  24.29  21.30  22.05  20.87  21.54  22.01  21.39  

0
21.35  20.80  21.16  21.71  22.09  23.06  25.32  25.11  22.29  21.52  21.15  21.33  21.07  21.84  21.40  21.64  20.62  21.06  20.54  22.41  25.03  23.62  25.06  26.41  24.93  23.94  21.65  21.50  20.53  21.49  20.76  21.31  20.69  21.09  20.98  20.10  18.51  22.23  27.05  29.00  26.03  25.12  21.31  20.69  21.61  21.60  20.31  21.35  20.77  21.30  21.50  21.20  19.83  21.71  24.89  25.44  24.85  24.19  21.55  21.94  21.15  20.69  20.25  21.58  

0
21.67  21.24  21.05  22.09  22.80  23.18  24.57  25.23  24.27  21.09  20.49  21.00  20.60  20.68  20.85  21.18  21.17  21.20  20.79  21.97  22.63  22.18  23.89  26.82  25.55  24.95  21.88  20.31  21.13  20.50  21.06  21.48  20.28  21.73  21.47  20.91  19.34  21.29  25.56  27.30  25.65  24.82  21.74  21.25  20.56  20.10  20.46  20.45  21.08  20.77  21.26  21.58  19.70  20.80  23.93  24.91  24.19  23.41  22.04  21.59  21.68  20.99  19.93  19.59  

0
20.57  21.64  21.28  21.70  23.36  24.07  23.56  24.88  23.59  21.95  21.36  20.62  20.94  21.82  21.11  21.15  20.47  20.79  21.00  21.37  21.64  21.43  24.46  27.18  25.12  24.53  21.10  20.50  20.64  20.97  20.47  21.61  21.39  21.33  20.96  20.77  19.32  21.58  25.63  26.99  25.52  24.90  22.13  21.01  20.65  20.46  19.59  19.50  20.75  20.61  20.84  20.94  19.82  21.00  22.69  24.67  23.72  23.15  22.37  21.32  20.21  20.24  19.58  20.30  

0
21.01  22.04  21.52  23.12  25.84  24.16  23.76  25.51  24.43  23.57  20.89  21.41  20.43  20.76  20.51  21.92  20.85  20.76  20.50  20.53  20.75  21.61  25.51  27.73  24.69  24.80  23.00  20.15  20.26  20.45  20.86  21.43  21.22  20.92  20.58  21.31  18.80  21.02  25.20  25.60  25.10  24.57  21.79  21.20  20.74  20.68  20.55  20.40  21.47  20.86  21.46  21.77  20.21  20.51  22.67  23.99  23.80  23.02  22.93  21.30  20.58  20.50  21.18  21.91  

0
21.65  20.22  21.94  22.30  23.36  23.27  24.22  26.71  24.89  22.94  21.14  20.62  20.82  20.78  21.11  21.15  20.88  21.30  20.88  21.83  21.21  21.11  25.24  27.56  24.62  24.73  22.07  20.06  21.45  20.97  21.31  22.07  20.96  20.82  21.32  21.22  18.33  21.26  25.02  25.43  24.92  23.97  23.58  21.34  21.83  21.59  21.27  21.64  20.46  20.75  20.84  21.19  19.68  20.66  22.25  23.36  24.28  22.81  23.31  20.95  21.00  20.53  20.88  22.11  

0
22.10  22.35  20.62  21.94  22.43  21.78  24.22  27.03  26.17  23.70  21.92  21.90  20.94  20.26  20.54  21.31  20.47  21.17  19.93  20.79  20.56  21.01  25.05  27.08  24.21  24.93  22.07  20.72  20.40  20.97  21.31  21.76  21.39  20.06  20.96  20.32  19.15  21.58  24.82  25.14  25.22  23.24  22.55  21.01  20.77  19.82  20.01  20.58  21.20  22.51  20.71  20.82  20.93  20.89  21.47  23.14  24.39  23.61  24.59  21.44  21.40  21.97  20.88  21.39  

0
21.20  20.09  21.82  21.83  21.74  22.02  24.23  27.79  24.36  23.71  21.49  20.52  19.86  20.80  20.84  20.84  21.16  21.06  20.42  20.11  20.68  21.02  25.45  26.32  24.63  24.64  22.08  20.95  20.65  20.99  20.90  21.31  21.26  21.47  21.33  20.45  18.18  20.74  24.32  24.66  24.43  23.46  22.56  21.02  20.54  20.85  20.45  19.67  20.92  20.21  21.89  21.57  20.25  21.13  20.92  22.93  24.07  24.19  23.44  21.09  21.67  21.12  20.57  21.04  

0
20.55  20.48  21.78  20.93  21.34  21.64  24.31  28.07  23.89  23.46  21.22  21.18  20.43  20.89  21.78  21.92  20.99  19.99  20.62  21.11  20.86  20.45  25.22  25.21  24.49  25.00  23.10  20.70  20.61  21.20  20.03  21.27  21.36  20.54  20.94  20.75  19.13  21.34  22.63  24.82  24.39  23.00  23.35  21.53  21.45  20.05  19.56  20.09  21.91  20.58  20.81  20.92  19.79  20.75  21.22  22.90  24.03  24.60  25.03  21.05  20.84  20.65  21.83  21.55  

0
20.56  20.35  22.06  21.19  21.48  21.19  25.51  27.55  24.55  24.66  21.12  21.54  20.32  20.25  20.67  20.50  20.32  20.52  20.15  20.78  20.44  21.73  25.92  25.32  24.30  23.62  23.22  20.93  20.39  20.33  20.60  20.98  20.95  20.56  20.35  20.53  18.32  21.14  23.27  24.04  23.29  22.81  23.47  20.88  20.64  21.07  21.12  21.18  21.63  21.68  21.09  21.30  19.81  20.88  20.67  23.02  24.38  24.50  24.58  21.43  20.59  20.66  20.55  20.65  

0
21.81  20.66  21.95  20.73  21.15  20.86  24.78  27.26  24.47  23.82  21.60  20.98  21.19  20.40  21.40  21.32  19.66  21.31  20.30  20.69  21.01  21.96  25.45  24.65  24.53  24.74  22.93  20.41  20.42  20.99  19.93  21.31  21.82  21.72  21.10  20.67  19.82  21.49  22.46  23.86  24.13  21.77  23.29  21.02  20.66  20.09  20.73  20.44  21.80  20.49  20.33  20.58  18.85  20.78  21.37  22.49  24.40  25.31  24.49  21.82  19.95  20.54  21.06  21.40  

0
20.88  19.78  21.28  21.21  20.18  21.20  25.31  26.71  24.56  24.35  21.36  20.74  20.33  21.17  21.95  20.67  20.88  20.91  20.17  20.44  20.89  21.22  25.15  24.54  24.72  23.73  23.55  21.05  20.64  19.96  19.63  20.68  20.68  20.95  20.60  20.21  18.82  20.62  22.03  23.25  24.32  21.76  23.48  21.34  20.29  20.71  19.31  20.88  20.31  21.29  20.97  20.45  19.54  21.00  21.25  22.26  24.84  24.29  24.47  20.09  21.26  20.82  19.41  20.48  

0
20.78  21.55  21.60  21.26  20.35  21.25  25.36  27.40  25.47  23.64  21.08  20.56  21.71  20.31  20.45  20.40  19.83  20.33  19.62  20.96  20.94  20.74  24.80  24.29  24.16  23.68  22.44  20.22  20.34  20.27  21.08  20.58  21.86  21.38  20.65  19.69  17.89  20.46  22.60  24.10  23.96  21.70  23.53  20.73  20.94  20.00  20.76  20.63  20.96  20.66  20.89  20.25  20.15  20.24  22.08  23.41  23.99  25.01  24.06  20.88  20.79  21.02  20.61  21.80  

0
20.57  20.36  21.81  21.57  21.02  21.66  25.42  27.03  24.78  23.37  21.70  20.74  20.21  20.91  21.39  21.31  19.64  20.53  20.88  21.14  21.21  20.48  24.16  24.44  24.42  24.03  22.70  20.83  20.40  20.97  21.31  20.84  20.54  21.46  20.00  20.09  18.82  20.73  21.50  23.85  23.51  22.29  23.79  20.57  21.36  21.21  20.01  20.42  20.90  21.02  20.97  20.94  19.54  20.54  21.25  23.14  24.50  24.96  24.24  21.08  20.74  20.68  21.05  22.29  

0
21.33  22.20  21.66  22.29  20.77  20.95  25.62  26.59  25.73  23.90  21.57  21.19  21.52  21.55  20.81  21.30  20.59  21.03  19.07  20.31  20.33  21.31  25.13  24.23  25.01  23.41  22.90  20.71  20.86  20.71  21.02  21.13  21.23  20.94  21.07  20.99  18.98  20.61  21.49  23.84  24.61  22.07  24.08  21.32  21.11  20.95  20.70  20.41  20.59  20.87  21.22  21.67  20.08  21.11  22.57  22.80  24.49  25.17  24.11  21.55  20.86  21.39  21.68  20.83  

0
19.21  21.82  21.58  22.22  21.29  21.00  26.74  25.24  24.28  23.63  21.73  19.96  20.49  21.08  21.57  21.83  20.92  19.67  20.32  20.60  21.25  21.15  24.10  24.48  24.35  23.36  23.16  20.87  20.32  20.76  20.09  20.88  21.85  21.37  21.24  20.58  19.03  24.23  22.80  24.19  24.05  22.85  24.34  20.71  20.09  21.00  20.05  21.68  21.53  20.24  20.23  21.35  21.24  22.88  25.99  24.92  24.54  24.77  23.35  21.60  21.17  20.86  20.43  21.43  

0
21.93  21.05  21.13  21.55  21.46  22.22  26.04  24.20  25.08  23.57  20.66  21.06  20.43  21.54  20.23  21.92  20.44  20.12  20.38  21.11  20.21  21.92  24.63  24.12  23.58  23.50  22.15  20.37  20.84  21.33  20.73  20.66  21.79  20.54  20.94  20.41  18.80  21.98  23.05  24.82  22.87  23.00  23.35  20.21  20.27  21.31  20.55  19.78  20.88  20.17  21.07  20.92  19.93  20.98  22.34  24.10  24.26  25.49  23.29  20.07  21.11  22.38  20.53  21.00  

0
21.17  21.06  21.40  20.45  21.12  24.17  25.51  24.32  25.09  23.69  21.57  20.96  20.20  21.16  21.09  20.50  20.45  21.03  20.39  21.12  20.77  21.31  23.65  23.73  23.80  22.71  23.95  20.38  20.39  20.21  20.18  20.67  21.23  20.68  21.19  20.99  18.65  20.93  23.58  24.93  22.68  23.64  23.36  20.66  21.35  20.32  20.70  21.02  20.89  21.95  20.31  21.42  19.53  21.68  21.57  24.11  24.27  24.84  22.36  19.58  20.59  21.96  21.03  21.56  

0
19.78  20.49  20.48  20.95  21.12  22.69  24.86  24.76  24.88  22.27  21.12  20.38  19.96  19.98  22.08  21.14  21.14  20.39  20.03  21.59  20.77  21.31  23.15  24.23  24.00  22.81  22.27  20.16  20.39  20.21  20.18  20.98  20.95  20.43  20.83  21.21  19.14  20.82  23.27  24.83  23.19  23.43  22.85  20.55  20.64  19.55  19.43  19.33  20.44  20.46  21.22  21.54  18.96  20.18  21.91  24.00  24.38  25.17  20.57  20.45  20.19  20.52  19.40  20.83  

0
20.89  21.09  20.90  21.59  20.67  24.31  24.34  25.11  24.15  22.18  20.70  20.17  20.83  20.93  21.40  19.39  19.52  20.80  20.54  20.69  20.79  22.07  23.17  25.14  22.69  23.14  23.03  20.84  20.18  20.36  19.50  20.54  20.55  20.96  21.21  21.12  18.01  20.53  23.91  24.36  22.08  24.08  22.67  20.47  20.31  19.19  20.17  20.13  20.77  21.03  20.33  20.95  19.13  21.59  21.49  23.59  24.40  25.20  21.08  19.98  19.95  20.83  20.90  19.21  

0
20.85  19.90  21.39  21.06  21.34  23.02  24.31  24.09  24.32  23.13  20.89  20.48  20.67  20.50  21.22  20.96  20.17  21.65  20.98  20.77  21.18  22.03  23.54  24.41  22.76  22.79  22.04  20.15  20.38  21.20  20.59  21.12  20.51  20.92  20.58  20.41  17.64  20.70  24.28  24.82  22.87  23.74  23.25  20.65  20.51  20.56  20.69  20.86  19.98  21.81  20.42  21.53  19.23  21.09  20.21  23.77  24.93  25.16  21.99  20.93  21.37  21.23  21.02  21.18  

0
21.70  20.56  22.90  20.77  21.07  22.87  23.94  23.83  24.29  22.66  20.85  21.37  20.99  21.10  20.02  21.36  21.06  21.35  20.46  20.73  20.83  23.76  24.01  25.28  22.32  23.58  22.75  20.44  19.99  21.03  20.38  21.20  21.02  21.51  21.61  21.05  18.55  21.95  24.56  25.09  23.56  24.54  22.29  21.28  21.17  21.01  20.48  21.24  20.51  20.53  21.02  21.36  19.59  21.29  21.19  23.52  24.22  24.90  21.59  21.74  20.79  21.74  20.61  21.98  

0
20.57  21.50  20.62  21.70  20.18  22.36  24.22  24.99  24.13  22.72  21.47  20.86  20.94  21.31  21.11  21.15  20.47  20.53  20.41  21.14  21.42  24.22  24.85  25.62  21.44  23.12  22.17  20.83  20.87  20.85  21.03  22.07  20.82  21.46  20.48  20.55  18.82  23.37  25.33  24.25  24.01  25.11  22.55  20.68  20.89  20.46  20.43  21.04  21.05  21.29  21.49  20.57  20.51  21.12  21.36  23.47  24.95  24.29  20.58  21.57  20.07  20.97  21.05  21.57  

0
22.14  21.54  21.58  21.24  20.34  22.74  24.48  23.93  23.95  22.43  20.27  20.78  20.61  20.16  20.72  21.19  20.78  20.18  20.68  20.25  20.71  24.76  25.77  24.18  21.48  23.97  21.36  20.32  20.79  19.75  21.07  21.19  20.15  21.75  20.64  20.24  18.20  21.51  25.06  23.79  24.35  25.14  21.65  20.71  20.21  21.00  20.19  20.77  21.24  20.65  21.40  21.47  19.86  22.31  22.07  24.05  24.32  21.47  21.46  21.48  20.64  21.29  21.25  20.70  

0
22.74  21.10  21.18  20.86  21.16  25.22  23.37  23.59  21.86  22.19  20.49  20.65  21.68  19.89  21.69  21.34  21.72  21.20  21.39  20.59  21.13  23.01  23.29  22.46  23.93  23.55  20.91  20.97  20.43  19.86  21.06  20.24  20.71  21.36  20.27  21.02  19.02  21.82  23.20  25.06  25.65  21.79  21.63  20.81  21.15  21.36  21.02  21.37  20.18  20.64  21.39  21.21  19.84  21.15  20.60  23.60  24.30  21.22  20.97  21.23  21.03  20.56  20.75  21.78  

0
20.43  20.95  21.30  21.71  20.67  22.60  22.25  23.35  22.95  21.30  20.36  20.98  19.98  20.53  20.70  21.64  20.75  20.54  20.78  21.15  20.79  22.07  23.67  25.04  23.62  20.68  20.58  20.19  20.42  20.36  19.93  22.23  21.54  20.46  20.62  20.45  18.34  20.74  23.50  25.05  22.91  21.24  21.10  20.80  20.90  21.60  20.59  19.20  20.47  20.76  20.72  20.46  19.55  21.13  19.91  21.60  22.70  20.51  21.79  21.94  20.22  21.27  20.90  21.58  

0
20.88  21.64  21.28  21.21  21.72  22.70  23.67  24.77  23.04  20.95  20.12  20.15  20.46  20.13  20.54  20.67  21.56  20.79  20.41  20.56  21.32  22.37  24.36  23.74  21.44  20.35  19.80  20.72  20.17  20.34  20.47  20.06  21.11  20.70  20.36  20.66  18.66  21.26  22.24  23.95  21.55  20.58  20.77  20.12  20.06  20.83  20.15  19.81  19.56  21.02  19.93  21.31  19.96  21.23  20.80  23.25  21.77  21.20  20.82  20.46  20.47  20.24  20.56  20.85  

0
21.66  20.80  21.43  21.34  21.38  23.85  23.91  23.35  22.07  20.29  20.70  19.93  19.62  20.40  21.26  20.04  21.03  21.18  19.94  20.80  21.22  23.00  24.07  22.55  21.66  21.30  20.47  20.41  20.42  20.10  20.49  19.45  21.12  20.20  20.50  20.33  18.01  21.27  23.39  24.76  20.73  20.70  20.57  20.58  20.90  20.47  20.45  19.82  20.62  20.90  21.24  19.84  18.99  21.13  20.47  22.38  20.86  20.63  21.91  20.97  19.55  20.54  20.25  20.13  

0
21.66  21.23  20.64  22.07  22.21  24.42  22.69  23.58  21.18  20.63  20.25  20.28  20.47  20.27  21.26  21.16  21.03  21.57  21.25  19.99  21.76  21.23  24.47  22.55  21.35  20.88  20.90  20.51  21.58  19.72  20.21  20.85  21.26  19.69  20.74  21.01  19.66  20.85  21.20  21.34  20.52  21.77  20.57  20.80  19.83  21.35  21.00  21.81  19.87  22.12  20.46  20.71  19.69  20.78  20.25  20.59  21.32  20.75  20.72  20.97  21.15  21.55  22.19  20.13  

0
21.96  20.80  20.37  20.60  21.62  20.74  22.58  23.02  20.84  20.29  20.25  20.98  20.23  21.71  20.98  20.84  20.34  20.93  19.82  20.92  20.57  20.39  20.84  22.55  20.61  21.19  20.03  20.84  21.11  21.36  21.46  21.01  20.41  20.71  20.37  20.22  16.51  20.63  21.09  21.24  21.25  21.13  21.20  20.69  21.02  20.47  20.73  21.51  20.92  20.62  20.46  19.84  20.39  20.78  20.81  20.71  20.74  21.10  21.55  21.33  21.41  20.69  21.38  21.94  

0
21.51  21.23  20.50  21.10  21.03  21.44  19.99  24.78  22.18  20.96  20.59  20.63  20.83  21.32  20.70  20.52  19.79  20.54  20.54  20.69  21.44  21.12  21.15  21.33  21.55  21.40  20.36  20.95  20.65  20.36  20.76  20.85  21.54  20.84  20.86  20.67  18.51  20.42  20.98  21.14  21.25  21.13  20.89  21.02  20.66  20.72  21.28  20.59  21.06  21.30  20.33  20.83  18.57  21.48  20.92  20.48  21.44  21.10  21.20  21.33  20.75  21.27  20.57  22.12  

0
21.35  20.80  20.50  21.46  21.27  20.98  20.90  24.45  20.84  20.52  19.91  20.63  21.55  20.80  21.54  20.84  20.07  20.29  20.42  20.69  20.68  20.70  20.95  21.23  21.03  21.30  20.47  20.84  21.00  19.85  19.79  21.62  20.55  20.20  19.65  21.35  18.34  20.85  20.98  21.34  21.46  20.60  20.57  20.58  20.78  20.09  21.28  20.90  20.47  20.76  21.50  20.46  19.41  21.13  21.37  21.49  21.09  21.56  21.79  21.58  20.88  21.55  20.25  22.30  

0
21.48  20.78  21.27  21.44  20.89  21.19  20.31  22.11  21.04  20.94  20.34  21.19  20.56  20.51  20.24  20.82  20.18  20.65  20.99  21.36  20.55  20.99  20.20  20.79  19.42  20.86  20.55  20.38  20.74  20.71  21.02  20.21  21.23  20.43  20.59  20.19  17.82  20.18  20.96  21.73  20.81  20.25  20.54  20.99  20.40  20.70  19.43  21.18  20.00  20.73  21.48  20.43  19.95  20.53  20.90  20.23  20.83  21.30  20.21  20.57  21.12  20.95  21.03  20.83  

0
20.43  20.23  21.69  21.83  20.20  21.44  20.56  21.00  20.96  20.40  20.13  19.58  20.83  21.19  20.70  21.00  20.21  19.90  20.54  20.80  20.47  21.44  20.54  20.71  20.93  20.68  20.36  19.85  20.18  20.86  19.79  19.92  21.12  20.33  19.89  20.33  18.51  20.42  20.67  21.04  20.84  21.35  21.73  21.46  20.43  20.59  20.31  20.74  20.77  20.76  20.98  20.21  19.69  20.55  20.81  20.82  20.86  21.91  21.32  21.58  20.22  21.70  20.73  21.22  

0
21.05  21.37  21.82  21.34  21.15  20.63  20.10  21.57  20.96  20.74  19.91  20.63  19.98  20.01  20.84  20.36  20.21  20.80  20.66  20.80  20.47  20.81  20.95  20.51  19.98  21.30  20.58  20.30  19.95  20.23  19.50  20.23  20.98  21.22  20.25  20.56  18.01  20.85  20.88  22.16  20.94  21.24  20.78  21.02  20.43  20.59  19.60  20.13  22.10  20.76  21.11  20.46  19.55  21.36  20.47  21.60  20.97  20.98  21.08  19.36  20.62  20.25  20.08  20.49  

0
21.23  21.40  20.66  21.73  21.17  21.24  20.58  20.46  20.53  20.43  20.27  20.19  19.77  20.56  19.58  19.42  19.82  20.83  19.72  21.06  20.60  20.52  20.56  20.33  20.53  20.70  20.28  20.32  20.32  19.88  19.11  19.32  20.44  20.74  20.88  20.47  17.54  20.87  20.58  20.86  20.13  20.51  20.27  20.16  20.45  20.24  20.19  20.16  21.97  21.06  20.49  20.98  20.55  21.04  21.62  20.84  20.41  21.47  20.62  21.36  20.38  20.42  19.62  19.23  

0
20.42  20.79  21.15  21.94  21.25  21.20  20.66  20.42  19.82  20.39  20.80  20.97  20.46  21.04  20.82  21.31  21.01  20.66  19.93  20.79  20.45  20.69  20.01  20.49  20.81  20.46  20.02  19.95  20.17  20.47  19.21  21.61  20.68  20.19  20.00  21.11  17.67  20.84  21.18  20.92  20.93  20.69  20.87  20.34  20.65  20.33  21.41  20.27  21.05  20.75  21.23  20.94  18.84  22.04  20.35  20.80  20.73  21.32  20.70  21.20  21.79  21.40  21.69  21.75  

0
21.03  20.79  20.49  21.57  20.30  22.47  20.55  21.10  20.27  20.95  20.46  20.86  20.58  20.91  21.67  21.79  19.92  20.53  20.76  21.25  20.89  21.22  20.01  20.91  20.39  19.93  21.00  20.50  21.22  20.34  20.33  21.30  21.25  20.57  20.24  19.63  18.17  21.05  21.18  21.13  21.03  21.44  21.29  20.34  20.29  20.71  19.87  21.19  20.61  20.47  21.49  20.94  19.68  20.19  19.67  20.80  21.19  20.97  21.30  21.81  20.74  21.69  21.05  20.66  

0
21.39  21.13  20.68  21.87  21.30  20.66  20.71  20.59  21.22  20.22  20.85  21.02  20.75  20.97  21.02  21.36  19.83  20.84  21.17  20.61  21.26  20.85  21.80  20.65  19.49  20.61  20.61  20.66  20.80  20.40  20.52  20.12  20.02  21.00  20.65  20.26  19.37  20.57  21.23  20.97  21.71  21.60  21.55  21.28  20.70  20.76  20.34  21.70  19.46  20.66  21.15  20.37  19.31  20.36  21.63  20.63  19.96  20.55  21.59  20.64  20.92  20.58  20.94  22.34  

0
21.19  21.36  21.81  21.45  21.72  21.31  20.77  21.22  20.04  20.39  20.80  20.27  21.42  20.39  20.82  20.51  20.06  20.14  20.05  20.68  21.53  21.22  20.52  20.29  20.39  20.46  21.21  20.06  21.10  20.34  21.17  20.53  20.11  20.70  21.32  20.43  19.15  20.51  20.97  21.23  20.82  21.12  20.98  20.90  21.00  20.96  20.99  19.65  22.08  20.88  20.58  20.20  20.51  21.12  20.91  21.37  21.31  20.62  21.30  21.20  20.60  20.68  20.56  21.75  

0
20.56  21.06  21.66  21.32  21.12  20.13  20.42  21.43  20.71  20.38  20.79  20.84  20.92  20.77  20.39  20.50  19.77  21.03  20.51  20.89  21.30  20.89  19.99  20.69  21.22  20.55  21.20  20.82  20.27  21.96  20.60  20.98  20.38  20.43  20.47  20.42  19.14  20.39  20.85  20.81  21.64  20.89  20.75  21.10  19.92  21.07  19.86  20.87  20.14  21.01  21.86  21.17  20.64  19.83  20.34  21.69  21.18  20.60  21.05  20.57  19.93  21.39  22.16  21.20  

0
21.84  21.97  21.06  21.61  21.76  20.77  21.15  21.03  20.76  21.43  20.50  20.31  20.61  20.16  20.72  21.35  19.40  20.83  20.44  21.29  20.60  20.94  20.77  20.53  20.85  20.60  20.82  20.98  19.74  20.64  20.23  20.88  22.13  20.61  21.00  20.02  18.20  21.41  20.80  21.17  21.28  21.05  20.91  20.60  20.69  20.62  19.77  19.85  20.64  20.38  20.75  20.98  19.58  20.58  19.82  21.52  21.11  20.30  20.98  21.24  19.85  21.58  20.92  21.97  

0
20.64  21.71  21.61  22.37  20.25  20.68  21.06  22.07  20.67  20.01  20.30  20.57  20.52  20.98  21.17  19.44  20.39  20.47  20.23  20.74  20.84  20.33  20.28  20.87  20.24  20.73  21.17  20.35  21.28  21.16  19.98  21.21  20.46  21.01  21.03  21.40  18.23  20.58  20.61  20.58  21.41  21.40  21.67  21.07  20.00  20.01  20.22  20.64  21.12  21.22  20.78  20.51  19.46  21.53  20.86  21.54  20.79  21.73  21.48  21.14  20.54  20.45  21.11  21.27  

0
21.03  20.65  21.55  21.33  21.02  20.96  20.32  20.20  20.27  20.50  20.46  20.39  20.33  20.13  21.39  21.95  20.06  20.66  20.41  20.44  20.67  20.69  20.62  21.11  21.33  21.18  20.02  20.61  20.98  20.09  19.35  21.61  20.25  20.06  20.12  20.32  19.15  20.73  20.44  21.03  20.72  21.23  21.29  21.45  20.29  20.46  19.73  19.50  20.61  20.06  21.23  20.82  19.40  21.58  21.02  20.13  20.61  21.55  21.18  21.20  20.47  20.24  20.72  20.11  

0
19.99  20.97  20.79  21.24  20.46  20.30  21.49  21.14  20.76  20.88  19.71  20.78  19.16  20.30  21.43  20.23  20.09  20.44  20.32  20.37  20.60  21.26  20.15  20.53  20.85  21.42  20.71  19.99  21.26  20.51  20.51  21.03  20.72  20.48  20.88  21.04  17.54  21.19  20.80  21.17  21.38  20.51  21.02  19.83  20.45  20.11  20.89  20.62  21.68  20.51  21.01  19.86  18.03  21.50  19.93  21.63  20.18  21.00  21.70  21.24  20.91  19.69  20.92  21.97  

0
22.10  20.65  21.02  21.45  20.54  21.08  21.11  20.99  20.72  20.73  19.67  19.92  21.54  21.17  21.11  20.67  20.06  21.30  20.53  20.33  20.45  20.27  20.73  20.91  20.49  20.56  20.67  19.95  21.33  21.48  20.61  20.84  20.40  20.95  19.15  19.98  18.99  21.05  20.55  21.33  20.72  21.01  20.87  20.68  20.77  20.96  20.43  20.88  21.20  21.02  21.10  20.69  20.10  21.23  21.36  21.37  21.31  21.20  20.46  20.83  21.40  20.53  20.72  22.11  
