Start of this file: 14:22:06 01/05/2017

02 20.93  20.1.91  20.63  20.82  20.72  20.72  20.36  20.22  20.72  20.36  20.91  20.72  21.01  20.50  20.25  20.69  20.41  20.80  20.93  20.19 0
20.13  19.92  21.24  21.63  19.99  21.70  20.23  21.24  19.83  20.85  20.25  20.07  19.90  19.82  20.95  19.74  20.16  21.24  20.21  20.01  20.56  20.68  20.81  20.48  20.06  21.06  20.68  21.06  20.67  20.04  20.74  21.33  20.24  20.39  19.68  20.11  18.71  20.62  20.75  21.62  20.50  20.37  20.23  20.80  20.22  21.03  19.01  19.37  20.31  20.58  20.92  20.01  20.08  20.92  21.04  21.05  21.35  21.24  21.00  21.02  20.30  20.54  19.47  20.59  

0
21.23  20.95  20.74  21.05  22.49  20.44  21.38  20.93  20.87  19.98  20.05  19.98  19.93  20.64  21.12  20.57  19.91  21.65  19.99  21.31  20.91  21.13  20.63  20.50  20.51  21.40  21.13  20.42  20.58  19.94  20.90  20.11  20.26  20.92  21.27  20.59  18.57  20.75  21.20  21.44  20.52  21.25  20.36  20.82  20.25  21.18  20.17  21.54  19.89  20.60  20.95  20.90  21.62  21.29  21.29  20.96  21.26  21.26  20.90  22.02  21.65  20.85  20.31  20.44  

0
20.44  20.06  20.72  22.60  21.88  22.39  21.02  21.58  21.29  20.74  20.59  21.36  20.51  21.01  19.96  19.90  20.85  20.22  21.40  23.11  22.60  20.68  21.22  20.68  21.01  21.17  21.00  19.74  20.20  20.54  19.62  19.93  20.24  20.26  19.93  20.57  19.04  21.58  21.28  21.72  20.29  21.12  20.66  19.91  20.93  20.66  20.42  20.45  21.05  21.67  21.05  22.47  27.97  21.73  21.94  20.37  21.35  21.58  21.11  22.11  20.97  20.68  20.29  20.78  

0
20.74  20.06  20.19  22.00  22.47  22.51  22.03  21.24  20.40  20.74  20.25  21.01  19.54  20.35  20.39  19.58  20.57  20.99  20.69  22.20  21.75  20.36  20.91  20.68  20.06  20.96  20.89  20.29  21.02  21.17  20.88  20.24  20.67  20.00  21.25  20.45  18.87  20.73  21.39  20.08  20.92  20.91  20.02  21.02  20.46  20.53  19.58  19.99  18.96  21.40  21.57  23.56  27.45  22.30  22.27  21.94  20.76  20.65  20.27  20.65  20.17  19.81  19.14  19.49  

0
20.32  20.67  20.75  21.18  20.86  22.43  21.51  21.05  20.10  20.67  20.29  20.81  20.18  20.26  20.71  20.42  19.37  20.90  20.60  23.03  22.43  20.61  20.85  20.72  20.84  21.00  20.39  20.55  20.12  20.46  19.80  20.13  19.27  20.43  19.60  21.06  20.70  20.23  20.58  21.45  21.06  20.95  20.38  20.51  20.26  20.69  19.76  20.18  20.65  21.43  21.48  23.95  27.36  24.15  22.86  21.31  20.92  21.04  21.51  20.81  20.87  19.70  20.33  21.18  

0
20.58  20.48  20.17  21.62  20.45  22.95  21.01  21.68  21.06  20.28  20.47  20.41  20.01  19.55  20.80  21.02  20.56  21.10  20.91  22.41  22.70  20.56  20.28  20.88  20.37  20.43  20.99  20.06  20.54  19.77  21.14  20.85  20.65  20.76  21.00  20.90  19.84  20.50  20.85  20.38  21.11  20.25  21.49  20.01  19.85  20.52  21.53  20.43  20.15  21.65  21.30  23.67  27.96  23.54  21.93  21.15  20.99  20.76  20.62  20.02  20.42  20.67  19.95  21.85  

0
20.77  19.65  20.87  22.02  20.49  21.84  21.72  21.38  21.10  20.99  20.73  21.38  20.89  21.03  20.98  20.09  20.74  20.25  20.59  23.36  22.63  20.92  20.94  20.91  20.72  21.40  21.45  20.09  19.76  20.57  19.92  20.73  20.41  20.67  20.31  21.61  19.72  20.96  19.39  20.93  20.94  20.93  21.21  20.60  20.37  20.55  20.45  21.24  21.67  20.88  20.82  23.82  27.48  23.35  21.85  21.86  20.56  21.03  20.54  20.80  21.25  21.43  20.80  21.17  

0
20.74  19.77  20.85  21.02  20.58  21.70  21.47  21.92  20.51  20.74  19.80  20.89  20.27  22.05  20.81  20.22  20.44  20.48  21.40  24.12  23.24  21.00  20.71  20.37  20.70  20.75  20.78  20.95  20.55  20.54  20.18  20.24  19.38  19.49  20.05  21.81  19.04  21.05  20.65  20.70  21.65  21.23  20.66  20.69  20.22  20.66  19.58  21.21  20.16  20.44  21.18  24.87  27.32  24.56  21.72  22.05  21.92  20.65  20.51  21.14  20.97  20.68  20.13  20.59  

0
20.44  21.06  20.45  22.00  21.18  22.62  22.03  21.58  20.40  19.96  20.37  20.89  20.14  20.88  20.67  21.35  19.47  20.99  20.92  22.88  23.45  21.31  20.71  20.68  20.59  20.86  20.89  21.06  20.79  21.05  20.60  18.83  20.67  20.13  20.05  21.13  20.34  21.47  20.54  20.80  21.13  20.26  20.02  21.02  20.46  19.89  20.56  20.14  20.46  20.58  21.96  24.63  28.35  23.66  22.71  21.27  20.88  21.24420.22  21.24  21.12  

0
20.14  19.21  3  21.23  20.51  20.61  18.37  20.43  20.46  20.35  21.44  20.28  20.97  21.36  19.75  20.22  21.24  21.12  

0
20.14  19.21  19.26  20.91  20.95  20.43  20.35  20.12  21.53  20.31  20.27  19.61  20.88  20.89  21.25  20.72  18.93  21.26  19.50  20.72  21.33  20.80  20.20  20.70  20.39  20.87  21.12  20.19  21.26  21.31  20.33  20.10  20.39  20.65  20.30  20.01  18.56  21.48  20.66  20.92  20.62  20.92  20.67  20.70  19.88  20.42  20.44  20.77  20.47  20.59  21.45  21.02  20.09  20.82  21.28  20.84  21.59  21.25  19.68  20.66  20.71  20.40  20.95  21.52  

0
21.00  20.15  20.80  20.10  20.41  20.48  20.18  20.62  21.02  21.03  20.43  20.61  20.34  20.17  20.62  20.01  19.56  20.42  19.55  20.42  20.84  20.95  20.96  20.74  19.80  20.81  20.52  20.57  19.92  19.61  20.41  20.50  20.04  20.72  20.60  20.52  18.33  21.53  20.81  19.93  20.76  20.64  20.29  20.53  20.65  20.22  19.95  20.55  20.41  19.98  20.35  20.70  19.61  20.64  20.54  21.00  20.25  20.49  20.82  20.72  20.65  21.06  20.56  20.18  

0
19.67  21.08  19.80  20.42  20.83  20.66  19.78  20.80  19.73  19.97  20.04  19.85  20.76  20.89  20.26  21.04  20.31  20.75  20.94  21.06  19.59  20.80  20.62  20.90  20.08  21.28  20.25  20.08  20.57  20.05  20.19  20.72  20.54  19.38  19.94  21.26  17.90  19.66  20.45  20.30  20.20  20.06  20.03  20.26  20.71  20.29  20.30  20.77  19.72  19.77  20.94  20.27  18.55  20.70  21.62  20.72  20.43  21.02  20.53  20.66  20.58  21.13  19.81  20.97  

0
19.40  19.68  20.63  20.45  20.75  20.82  20.16  20.38  19.66  20.01  21.09  20.59  20.44  20.79  20.86  20.28  19.66  21.30  20.38  20.76  20.72  20.31  20.14  20.22  20.43  19.76  20.40  20.45  20.25  20.22  20.09  20.61  19.72  20.18  19.98  20.96  18.10  21.10  20.59  20.34  20.44  21.07  20.50  20.07  20.63  20.20  18.78  19.42  20.81  20.49  20.84  20.68  19.43  20.27  20.98  20.42  19.76  21.17  20.81  20.82  21.15  20.44  19.85  19.54  

0
21.22  18.91  20.33  20.54  20.12  20.31  20.69  20.34  20.52  20.42  20.38  20.67  20.76  20.76  20.54  19.26  19.49  20.36  19.86  20.02  20.25  21.01  20.62  20.39  20.29  20.56  20.36  21.07  20.45  19.67  19.49  20.26  20.39  21.29  19.94  20.13  18.06  20.42  20.13  20.09  20.72  20.28  20.14  19.93  20.47  19.65  19.45  20.15  20.17  21.00  20.55  20.89  20.09  20.00  20.72  19.70  19.84  21.36  21.25  20.42  19.78  19.67  19.81  19.69  

0
21.19  19.90  21.62  21.13  19.13  20.87  20.67  20.89  19.82  20.39  20.13  20.06  20.25  20.34  20.52  20.05  20.42  20.59  20.07  20.81  20.33  20.99  20.59  20.67  19.52  20.12  20.01  20.39  19.96  20.03  20.31  20.08  19.51  20.76  20.88  20.56  17.87  19.96  20.53  20.79  19.96  19.82  20.54  20.12  19.37  19.88  20.55  20.59  20.00  20.70  20.52  19.37  19.37  20.56  20.47  20.81  20.17  20.05  20.74  21.13  20.29  20.23  19.62  21.49  

0
20.14  20.07  20.60  20.17  20.12  20.31  20.24  20.23  20.52  20.08  20.38  20.90  21.00  20.36  21.95  21.04  19.62  19.59  20.82  20.49  20.03  20.48  20.20  20.18  20.92  20.77  20.04  20.08  20.22  21.06  20.75  21.03  20.25  19.63  20.78  20.58  19.22  20.74  20.34  20.92  20.20  20.60  20.46  20.92  20.35  20.92  20.86  21.22  20.32  19.77  20.94  20.40  19.81  20.47  20.83  20.05  20.54  20.55  19.80  20.42  20.05  20.55  20.47  20.61  

0
18.62  19.82  20.37  20.45  20.28  19.76  20.73  20.72  20.67  20.46  21.09  21.06  20.44  20.93  21.15  21.08  19.53  20.01  20.74  20.64  20.50  20.63  19.62  20.32  20.96  20.70  20.83  20.01  19.43  19.71  20.37  20.61  20.00  20.06  20.94  19.82  17.27  20.46  21.33  21.26  20.55  21.28  20.92  20.19  21.69  20.45  20.33  20.34  20.51  21.18  20.97  19.69  20.27  20.39  20.31  20.31  19.88  21.05  21.40  19.46  20.35  21.31  20.50  20.46  

0
21.05  19.77  19.92  20.53  19.63  20.30  20.23  20.67  20.85  20.63  20.37  20.19  20.87  20.61  19.96  21.35  20.57  20.48  20.33  21.51  20.67  21.00  20.19  20.89  20.06  20.44  20.68  20.62  20.79  20.16  20.04  20.40  20.24  20.00  20.53  20.00  18.54  19.97  20.75  20.80  20.60  20.69  20.76  20.25  19.86  19.89  19.30  21.06  20.31  20.30  20.53  20.76  18.82  20.45  20.71  20.37  20.41  21.12  21.35  20.89  20.17  21.26  19.47  20.59  

0
21.06  19.93  20.73  21.28  20.12  20.78  19.90  21.14  20.64  20.20  20.04  20.32  20.40  20.23  21.39  20.08  19.76  21.00  20.22  20.60  20.90  20.59  21.13  20.90  19.87  20.66  20.36  19.53  20.22  20.05  20.75  21.03  19.68  20.15  21.14  20.47  18.56  20.85  19.70  21.22  20.09  20.92  21.20  20.81  20.12  19.91  20.30  20.15  20.02  19.91  20.81  21.02  20.23  20.23  20.61  20.84  20.89  20.78  20.77  20.29  20.18  19.97  19.32  21.15  

0
19.82  19.63  21.24  20.40  20.11  20.06  19.77  20.79  21.07  20.30  20.37  20.19  20.39  20.35  20.24  20.55  20.02  21.12  20.45  20.82  19.69  21.00  20.29  19.75  20.49  20.34  20.24  19.96  20.32  20.67  19.90  19.78  22.22  20.00  18.95  20.34  17.88  20.94  21.18  20.18  19.55  20.59  21.19  20.14  20.46  20.78  20.28  20.14  20.31  20.71  20.27  20.14  18.96  20.80  19.80  20.15  20.65  20.54  20.88  20.65  20.17  20.68  20.13  20.96  

0
20.91  20.22  19.67  20.04  19.52  20.90  20.13  21.03  20.07  20.87  20.49  20.90  19.31  20.23  20.68  19.75  20.04  20.36  20.70  20.37  20.47  20.59  20.51  20.49  19.76  20.56  19.93  20.74  20.57  19.92  19.77  20.57  20.96  19.25  20.18  19.78  18.89  21.48  20.02  21.33  21.14  19.84  20.14  19.93  20.00  20.67  20.44  20.00  20.77  20.18  21.20  20.65  19.25  20.70  20.72  21.06  20.54  20.67  20.89  20.91  20.18  20.69  20.14  20.42  

0
20.62  19.07  20.87  20.68  19.77  20.09  20.14  20.59  19.63  20.66  19.48  20.10  20.29  19.98  20.84  19.11  19.91  20.89  19.87  20.03  20.15  20.60  20.01  20.30  19.98  20.15  20.16  20.42  19.76  20.82  20.06  19.96  20.98  20.16  19.59  19.45  19.55  20.75  20.88  20.21  20.21  20.50  20.68  20.05  19.41  18.64  20.31  18.77  20.04  20.06  20.43  20.16  18.70  20.71  20.05  20.28  20.20  20.09  20.18  20.80  19.93  20.42  19.17  20.07  

0
20.15  20.37  20.48  19.43  20.13  20.91  20.37  20.59  21.21  19.53  19.60  20.33  20.65  20.51  20.70  20.89  18.81  20.12  19.99  20.73  19.39  21.34  20.83  20.09  20.72  20.57  20.16  20.75  20.58  20.57  19.92  21.66  20.41  20.67  20.31  20.02  16.74  20.32  20.03  20.31  20.94  21.57  20.58  20.38  19.89  20.17  20.73  20.01  20.78  19.78  20.30  20.78  19.40  20.48  20.39  20.51  20.56  20.44  21.02  20.55  21.12  20.71  20.48  22.07  

0
20.28  20.06  20.98  19.16  20.46  20.77  19.89  21.13  21.07  20.63  20.25  20.66  20.02  21.27  20.81  21.03  20.71  20.99  20.57  20.47  21.00  20.68  20.50  20.48  20.38  20.44  21.11  20.40  20.55  20.80  21.15  21.94  21.09  20.39  20.41  20.68  17.88  20.83  20.11  20.70  20.71  20.48  20.97  20.36  20.58  19.64  20.70  20.45  20.31  20.44  21.44  20.88  19.66  20.57  20.48  20.60  20.53  20.54  20.64  20.40  20.30  20.97  18.98  21.14  

0
19.98  20.22  20.20  20.42  20.12  21.13  19.67  20.46  19.96  20.20  20.38  20.44  20.52  21.28  21.25  19.75  19.76  20.10  20.22  19.90  20.90  21.22  21.23  20.28  20.92  20.87  21.01  20.85  20.33  20.43  20.33  20.41  20.39  20.91  20.66  20.01  19.22  21.17  20.87  19.99  21.14  21.03  20.67  20.26  20.71  20.03  20.30  20.00  20.92  20.59  19.76  20.27  19.53  20.12  21.39  20.05  20.89  20.43  21.25  21.03  19.78  20.98  21.28  21.70  

0
21.04  20.48  20.57  20.39  20.45  20.99  20.44  20.55  21.50  20.62  20.36  21.23  20.37  20.86  20.37  20.21  20.01  20.08  20.19  20.58  20.77  20.56  20.80  19.84  20.37  21.26  20.23  20.17  20.31  20.53  21.00  19.92  19.80  19.22  19.91  20.10  19.19  21.46  20.95  20.79  20.38  21.64  20.33  19.23  20.80  20.90  20.41  21.50  19.55  20.29  20.91  20.87  19.37  20.33  20.36  20.81  20.99  21.46  20.38  21.13  20.82  21.10  19.79  20.95  

0
20.44  21.49  21.24  20.40  20.58  20.53  20.23  20.22  20.62  20.52  20.48  20.77  20.99  20.61  20.95  21.67  19.61  20.60  19.85  20.59  20.78  20.58  20.91  20.89  20.80  21.06  20.35  19.63  20.20  21.05  20.46  20.71  20.81  20.90  20.05  20.91  17.38  21.05  20.22  20.60  20.81  21.02  20.66  19.80  19.98  20.78  20.70  20.29  20.16  20.99  20.53  20.51  19.10  20.45  21.04  20.60  20.41  20.18  20.64  21.02  20.44  21.40  19.47  20.41  

0
20.45  20.79  21.39  20.04  20.12  21.13  20.69  20.46  19.39  19.75  20.38  21.02  19.91  21.15  22.09  20.88  19.49  21.26  20.34  21.06  20.68  20.48  20.41  20.80  20.39  20.87  21.12  20.19  20.10  20.43  20.19  21.65  20.25  21.16  19.94  20.92  19.22  20.42  20.66  20.81  21.24  20.49  21.51  20.15  20.12  20.16  19.73  20.31  19.57  20.59  21.20  20.27  19.95  20.93  21.06  21.29  20.43  20.67  21.13  20.79  20.71  20.26  20.95  21.15  

0
20.58  20.91  20.97  20.14  19.97  20.87  20.33  20.32  20.16  20.39  20.13  19.82  21.46  20.73  20.52  20.21  19.74  20.72  19.95  20.92  20.44  21.30  19.87  20.47  20.16  20.95  20.23  20.39  20.31  20.15  20.58  20.23  19.37  19.61  20.15  21.23  18.20  20.82  20.63  20.79  19.64  21.64  20.33  20.46  19.73  20.14  19.57  19.97  19.85  20.29  19.21  20.50  20.20  19.98  20.02  21.15  21.10  21.46  20.62  20.14  21.08  20.38  20.28  19.66  

0
20.44  21.21  21.51  20.90  20.23  20.41  20.34  20.67  20.51  19.85  21.04  19.84  20.63  20.48  20.24  21.35  19.20  20.09  20.57  21.28  20.78  20.36  20.71  20.89  20.70  20.55  20.57  20.07  19.73  20.67  20.32  21.02  20.95  19.88  20.65  21.02  18.05  21.37  20.86  20.39  20.18  20.91  20.45  20.58  19.98  20.15  20.14  19.83  20.76  20.85  20.92  21.62  19.66  20.45  20.93  21.05  21.00  20.42  21.00  20.28  19.50  20.54  21.59  20.05  

0
20.46  20.95  20.74  21.90  20.61  20.56  21.05  21.38  20.65  20.54  20.17  20.45  20.77  20.38  20.84  21.69  20.60  21.01  20.83  21.88  20.04  20.28  20.11  20.09  20.20  21.81  21.13  20.21  20.93  20.95  21.04  21.50  21.54  20.79  20.43  21.50  18.07  21.07  20.99  20.42  20.73  20.72  21.00  20.71  20.72  20.55  20.03  21.39  19.59  21.01  20.03  24.06  20.24  21.06  21.29  20.51  21.72  20.68  21.02  21.77  21.39  20.85  21.93  20.98  

0
19.80  19.90  21.49  20.02  20.81  20.64  19.64  21.00  20.61  20.17  20.58  20.76  20.25  21.51  21.08  21.02  19.74  20.98  20.43  22.30  21.09  20.46  20.90  20.67  19.95  20.53  20.45  20.72  20.54  20.78  21.00  20.23  21.08  20.50  20.64  20.10  19.19  20.71  20.95  20.99  21.32  20.68  20.65  19.90  20.92  20.26  19.71  20.28  20.30  20.15  20.91  24.50  19.65  20.44  21.03  20.92  21.57  20.99  20.62  20.14  20.95  20.67  20.60  21.13  

0
20.59  20.35  21.77  20.40  19.99  20.65  21.13  20.90  20.62  19.96  20.37  21.24  19.78  21.53  21.24  21.03  20.02  20.99  20.69  22.08  21.00  20.68  20.19  20.48  20.28  20.65  20.46  20.29  21.02  20.54  21.15  20.09  20.24  20.64  20.41  20.79  17.38  20.73  20.86  21.11  19.97  21.12  20.34  20.36  21.17  20.53  19.58  19.83  21.20  21.94  20.92  24.28  20.77  20.22  21.04  20.60  21.11  21.47  20.64  21.02  20.83  20.39  19.80  20.96  

0
20.89  21.62  21.10  21.62  20.33  20.75  20.90  20.32  20.16  21.51  21.48  21.34  20.25  20.34  20.80  20.86  20.56  20.98  21.03  22.19  20.12  21.41  20.49  20.67  19.95  20.95  20.45  20.83  20.77  19.90  20.03  20.23  20.23  20.76  21.00  20.67  19.52  20.50  20.31  20.99  20.59  20.36  21.38  20.12  20.33  20.39  20.27  19.97  21.19  20.70  21.43  25.45  20.34  21.71  20.36  20.13  20.75  21.22  20.98  21.13  20.16  20.52  19.79  21.85  

0
20.33  20.26  20.50  21.19  19.56  20.23  20.39  20.04  20.00  20.01  20.64  20.24  20.44  20.66  21.15  21.40  19.80  20.53  20.98  22.02  20.29  20.94  20.86  20.94  20.33  21.53  20.62  20.45  20.60  20.34  21.07  21.07  21.00  19.93  20.70  21.75  17.10  20.46  20.48  21.57  20.44  21.07  21.13  21.07  19.91  20.20  19.63  20.80  20.21  20.90  20.97  25.27  20.13  19.57  20.42  20.54  20.58  21.17  21.40  21.68  20.49  21.31  19.52  21.01  

0
20.90  20.63  21.37  20.53  20.46  19.94  20.23  20.33  19.95  20.63  20.37  20.77  20.27  20.74  20.81  19.90  20.30  21.50  20.57  22.20  20.89  21.31  20.81  20.48  20.06  20.75  20.02  20.84  19.97  20.42  20.32  19.15  20.24  19.62  20.77  20.57  18.71  20.94  20.65  21.42  21.13  20.69  20.55  20.25  19.98  20.40  20.00  19.52  19.86  19.62  21.44  25.34  19.10  20.34  20.37  20.82  20.30  21.35  20.76  20.28  20.44  20.97  19.47  21.32  

0
20.73  20.62  20.17  21.50  19.85  20.40  20.44  20.55  20.05  20.62  19.67  20.65  19.89  21.12  20.37  19.40  19.87  20.21  21.15  21.84  20.55  22.14  20.08  20.05  19.52  20.74  20.01  19.50  19.37  20.91  19.60  20.39  19.94  19.74  20.64  21.01  18.04  19.75  21.16  20.48  19.85  21.00  19.90  20.34  20.92  20.52  19.57  19.20  22.36  21.11  21.04  24.98  19.37  20.21  21.26  21.04  20.87  20.52  20.74  20.51  20.95  20.23  18.96  19.30  

0
20.62  20.80  20.87  21.66  19.77  20.44  20.48  20.24  20.87  20.43  20.62  20.92  20.53  20.64  20.84  21.53  20.74  20.89  21.54  21.42  20.48  20.71  20.63  20.91  20.09  20.57  19.94  20.21  19.88  20.69  20.76  20.27  20.83  20.29  20.67  20.37  17.74  20.43  20.35  20.21  20.42  20.61  20.89  20.38  20.25  19.67  19.75  19.70  20.78  21.29  22.62  25.13  18.84  19.78  20.05  20.51  20.09  21.72  20.30  19.81  19.80  20.27  19.17  21.71  

0
20.59  20.49  20.85  21.02  20.46  19.94  20.00  20.67  20.06  20.41  20.93  20.66  20.14  21.01  19.96  20.71  20.44  20.35  19.97  20.59  20.24  20.58  20.60  20.17  20.06  19.92  19.59  20.18  20.20  20.54  21.84  21.17  20.24  19.23  20.05  21.36  17.38  20.83  20.97  20.80  20.50  20.37  21.19  21.24  21.29  19.77  20.56  20.60  20.31  20.30  20.40  22.96  18.39  20.57  20.82  20.60  20.76  20.30  19.91  20.28  20.04  21.83  20.45  20.41  

0
20.37  19.71  20.12  20.09  19.44  20.59  19.94  20.72  20.67  20.46  21.65  20.59  19.72  20.94  21.45  20.80  20.78  21.82  21.10  21.56  21.26  20.93  20.02  19.90  19.90  21.41  19.96  20.12  20.26  20.35  19.97  20.95  20.60  19.94  20.71  20.05  18.48  20.56  21.11  20.22  20.44  21.81  21.33  20.07  20.04  20.47  20.64  19.77  20.09  20.24  20.21  20.57  19.31  20.62  20.64  20.31  20.47  20.59  20.45  20.71  20.77  20.62  19.57  22.34  

0
20.44  19.92  20.32  20.03  20.35  20.77  19.66  20.79  20.06  19.96  19.91  21.47  19.41  21.01  20.67  21.67  20.30  21.88  20.92  21.51  21.21  21.10  20.50  20.68  20.70  20.65  20.68  20.51  19.97  20.29  20.74  20.09  20.67  20.51  21.01  20.57  18.54  20.30  20.33  20.90  19.97  21.12  20.66  20.47  20.34  20.02  20.14  20.14  20.61  19.89  20.14  19.89  18.53  21.04  20.37  20.37  20.06  20.54  20.76  21.26  19.37  21.40  20.13  21.86  

0
21.79  20.32  20.16  20.01  20.20  21.56  20.09  20.53  19.36  19.37  19.55  20.75  20.48  20.72  20.36  20.04  21.23  20.71  20.66  20.68  20.54  20.45  20.37  20.56  20.67  20.31  20.00  20.70  20.06  20.39  20.15  21.15  20.36  19.98  20.86  21.00  18.85  20.49  20.73  20.88  21.21  21.10  20.53  19.89  20.32  20.50  19.98  19.34  19.83  19.73  20.25  20.23  19.63  20.20  20.57  21.02  20.97  21.33  20.37  20.99  19.61  21.09  19.61  20.57  

0
20.90  20.49  20.45  20.90  21.18  20.77  20.23  20.56  20.06  19.85  20.48  20.89  20.39  20.35  19.82  20.06  20.30  21.75  20.57  20.70  21.53  21.42  20.60  20.99  20.38  21.06  21.00  20.73  19.73  19.53  20.18  21.17  20.52  20.64  20.41  21.13  20.18  20.19  21.18  21.11  20.60  20.69  21.19  20.80  19.98  19.89  20.42  20.45  20.46  20.85  21.18  20.51  18.25  19.87  21.16  20.94  21.23  20.42  20.76  20.65  20.17  19.95  19.80  20.23  

0
19.94  20.47  20.16  21.24  21.15  20.86  20.09  20.65  20.15  20.49  20.46  19.58  20.24  20.19  20.36  20.04  20.14  21.09  21.85  21.72  21.08  21.18  20.99  20.14  20.88  20.83  19.89  19.82  19.71  19.50  20.57  19.75  20.64  20.49  20.38  20.88  17.69  20.38  21.05  20.37  20.37  20.24  20.21  20.44  20.67  19.61  20.54  20.27  20.73  20.14  20.77  20.11  19.63  20.55  20.91  20.46  20.74  20.63  20.61  21.24  19.88  20.37  20.10  19.84  

0
20.47  19.96  19.96  21.55  21.21  20.45  20.15  20.71  20.44  19.66  20.41  19.64  20.42  19.86  19.57  19.62  20.75  21.28  20.96  22.35  21.03  20.40  21.15  19.89  20.31  20.06  20.60  19.56  20.12  19.70  20.64  20.13  20.28  20.55  20.45  20.27  19.57  20.66  19.94  20.53  20.43  20.73  20.48  20.39  20.02  19.42  19.34  19.25  21.09  20.75  20.31  20.30  19.14  20.38  20.97  20.86  21.04  21.51  20.79  19.57  20.08  19.26  19.67  19.53  

0
20.72  20.47  21.48  20.99  22.09  21.79  21.45  20.65  20.15  20.27  20.46  20.28  19.63  19.80  21.21  20.20  20.55  21.22  20.78  21.14  21.40  20.66  20.58  20.66  20.57  19.79  20.11  20.04  19.71  19.63  20.71  20.37  19.21  20.11  21.34  20.66  20.15  20.81  20.73  20.06  20.47  19.80  20.84  20.22  20.43  19.74  20.26  20.11  20.28  20.28  19.85  20.36  18.65  20.66  21.02  20.69  20.27  20.28  20.97  20.62  20.28  20.22  21.08  21.30  

0
19.20  19.93  20.86  22.50  22.01  20.54  21.60  20.80  20.30  20.42  19.70  20.44  19.91  21.41  21.11  21.36  21.00  21.26  21.06  21.06  22.93  22.89  20.20  20.70  19.97  21.18  21.01  20.63  19.86  20.56  20.33  19.79  20.39  20.27  20.54  21.71  18.39  20.95  20.23  20.30  21.14  19.63  20.46  21.03  19.40  20.29  20.02  20.31  20.77  20.18  20.81  20.52  18.97  21.05  20.83  21.06  21.01  20.43  20.53  20.91  21.24  20.40  20.63  20.24  

0
21.04  20.48  21.62  23.32  23.38  24.99  21.68  21.79  20.05  20.17  20.92  20.65  20.98  21.25  21.36  20.05  20.83  21.99  21.15  21.96  25.62  23.27  20.49  19.84  20.26  20.43  20.23  20.17  20.07  20.15  21.14  21.31  20.08  20.63  20.03  21.12  19.19  20.71  20.74  20.79  20.17  20.68  20.33  20.90  21.04  20.39  20.41  19.82  20.45  20.43  20.39  20.25  19.79  20.56  20.36  20.59  20.87  20.64  21.34  20.76  19.89  19.94  20.44  19.48  

0
20.59  19.48  21.24  22.48  21.18  23.31  22.48  21.35  20.40  20.85  20.59  20.54  20.02  20.48  21.24  20.39  20.98  20.48  21.40  23.89  22.71  24.62  23.44  20.48  20.38  20.75  20.78  19.41  20.67  19.78  20.74  20.40  21.37  21.02  21.37  21.13  21.47  20.94  22.02  20.90  20.71  21.12  20.97  21.13  20.46  19.38  19.30  21.06  19.56  20.30  20.53  21.00  19.38  20.57  20.59  20.48  19.59  20.54  20.88  21.02  19.90  20.68  21.10  20.96  

0
20.77  20.52  21.66  21.41  21.91  22.19  23.72  22.39  20.31  20.66  20.51  19.98  20.41  20.51  21.40  20.57  21.01  21.40  21.19  24.37  22.31  22.07  24.26  21.43  20.41  21.19  20.05  20.42  20.35  20.82  20.06  20.73  21.40  20.79  20.79  21.72  24.95  21.28  23.71  22.05  20.73  20.61  21.10  20.38  20.48  19.41  19.46  19.70  21.67  20.06  20.56  21.27  19.54  20.94  20.51  22.63  21.14  21.14  20.66  20.43  19.53  20.42  20.48  20.98  

0
21.05  20.92  21.37  23.09  24.09  27.00  27.68  26.30  21.85  20.85  19.46  19.25  20.02  20.61  21.24  19.74  21.53  21.63  21.52  26.22  21.86  23.08  24.93  23.73  20.91  20.96  20.46  21.17  19.85  19.66  19.48  20.86  21.23  20.77  20.89  23.25  21.95  21.58  23.27  23.83  20.60  20.91  19.70  20.91  20.58  20.15  19.86  20.45  20.46  20.03  20.66  20.14  20.63  21.61  21.72  22.61  20.88  20.77  20.88  20.89  20.70  20.54  21.10  19.31  

0
20.27  20.05  21.10  22.47  23.61  26.88  28.20  23.90  22.39  22.17  20.13  19.59  20.25  20.99  21.36  20.21  19.87  22.62  21.62  25.11  23.23  26.51  27.44  27.44  24.40  21.36  20.45  20.06  19.96  20.53  19.74  20.23  20.94  20.88  20.52  24.88  22.41  22.62  24.29  25.40  24.60  21.75  20.22  19.79  20.09  20.01  19.71  19.97  19.85  21.65  21.04  21.11  21.86  21.48  22.26  23.91  21.45  21.22  20.86  20.88  19.62  19.94  19.79  19.66  

0
19.97  19.77  21.37  21.27  22.70  24.78  25.98  24.13  21.74  22.73  21.72  20.42  21.11  20.48  20.67  21.03  20.98  19.96  21.16  21.97  24.50  24.11  26.69  25.90  22.36  22.19  20.24  20.51  19.73  20.16  20.46  20.71  21.37  20.26  21.01  24.02  20.83  25.01  29.11  27.35  25.31  22.93  20.87  20.58  20.22  19.77  19.72  20.45  20.46  19.75  21.70  23.32  23.36  22.19  23.37  24.58  23.19  21.81  20.76  21.02  20.04  20.39  20.78  20.78  

0
21.21  20.06  20.19  20.90  21.41  22.74  23.69  25.12  24.47  24.90  21.60  20.54  20.87  21.53  20.67  21.51  20.30  21.12  20.92  21.51  22.18  24.21  24.63  26.00  25.31  22.91  25.83  21.06  20.67  20.54  20.60  22.09  20.52  21.28  21.01  22.03  24.15  24.91  24.41  27.45  25.51  22.29  21.50  20.58  20.22  20.66  20.42  20.91  21.50  20.99  20.40  21.62  24.83  22.98  24.25  27.36  25.10  23.64  20.51  21.14  20.17  21.55  20.78  22.58  

0
20.87  20.32  20.95  19.88  20.56  20.86  20.54  21.67  21.16  20.61  20.91  21.22  20.24  20.33  20.79  21.16  20.55  21.60  20.90  21.03  20.54  22.75  22.72  23.30  23.67  24.09  25.30  22.44  19.83  20.64  20.99  21.15  19.50  20.11  20.62  19.97  22.08  25.60  24.69  25.39  25.49  24.57  23.97  24.98  20.55  20.00  20.12  21.03  21.32  20.42  21.29  20.85  23.34  24.09  25.41  25.63  26.74  26.19  22.52  25.19  20.94  20.51  20.75  21.12  

0
19.32  21.61  19.89  20.63  20.32  20.74  20.54  21.44  20.15  21.16  20.46  20.75  20.00  20.98  20.79  20.36  20.82  21.22  20.42  21.60  20.65  23.37  23.22  23.60  23.16  22.37  21.08  20.70  21.34  21.40  20.85  20.68  20.92  19.98  20.86  21.56  21.60  24.48  25.20  24.40  23.88  23.43  22.83  23.06  21.73  21.26  20.82  20.57  21.32  21.78  21.16  21.47  20.75  22.85  24.44  24.23  25.08  24.75  24.50  25.54  23.54  21.23  19.94  20.20  

0
21.18  20.61  21.09  21.36  24.18  24.64  24.11  23.78  20.93  21.50  21.02  20.98  21.20  19.93  21.49  21.32  20.68  20.84  21.49  21.60  21.29  20.66  23.42  24.70  24.49  21.66  21.30  21.03  20.88  20.27  20.29  19.91  20.64  19.72  20.98  20.54  18.35  20.16  24.07  25.49  24.29  24.67  22.31  20.99  21.61  20.12  20.12  19.65  19.83  20.55  20.90  20.48  19.49  21.36  22.14  23.35  24.41  24.52  24.04  21.97  21.86  21.23  20.43  20.02  

0
21.21  20.49  20.85  21.02  20.58  21.00  21.02  23.91  24.47  20.63  20.03  20.66  20.39  20.88  20.67  20.71  21.25  20.86  21.40  21.40  20.45  21.00  20.50  24.52  25.62  24.42  20.89  19.63  20.44  19.78  19.62  21.17  20.81  20.90  20.65  20.45  18.21  20.83  20.97  24.82  24.51  24.39  24.80  20.91  20.22  20.53  19.30  20.60  21.50  20.44  20.79  20.51  19.94  19.64  21.27  23.16  24.09  24.32  23.01  22.11  21.23  19.81  20.78  21.14  

0
20.45  19.06  20.33  20.66  20.60  20.31  20.24  22.71  26.09  23.07  20.04  20.90  20.04  21.41  21.39  20.56  20.72  20.49  21.06  21.29  20.79  21.22  20.31  22.23  26.23  26.11  21.44  20.41  20.57  19.92  19.77  20.72  21.25  21.41  20.30  21.15  18.39  20.52  21.72  22.34  24.42  23.98  24.92  20.59  20.12  20.29  19.73  19.69  20.17  20.73  20.94  20.15  19.39  20.82  20.94  21.95  24.44  24.56  23.37  23.09  21.37  21.13  20.14  21.15  

0
20.58  19.76  21.10  20.76  21.16  20.75  20.78  21.34  26.07  23.92  20.47  20.53  19.89  19.68  20.66  19.56  20.97  21.99  20.07  20.81  20.66  20.46  20.59  21.29  26.30  25.60  21.95  19.84  20.07  21.03  19.88  20.23  19.94  20.12  20.88  21.01  18.37  20.71  21.27  22.62  23.08  23.33  22.95  21.01  20.68  20.39  19.43  19.51  19.70  20.70  20.65  21.48  19.65  21.14  21.03  22.71  24.42  24.54  22.53  21.98  20.95  19.94  19.46  19.48  

0
19.84  20.66  21.01  21.54  20.49  21.84  20.71  21.38  25.46  23.85  20.28  19.98  20.41  20.24  20.13  20.89  20.05  20.50  21.07  21.31  19.83  21.02  21.45  21.53  25.64  25.53  22.52  20.64  20.23  20.95  20.76  20.11  20.69  21.05  21.03  21.16  19.39  20.32  20.67  21.85  23.52  23.37  22.05  21.48  20.48  20.68  19.89  20.32  20.63  20.19  21.21  20.66  20.10  19.90  20.96  22.85  24.34  24.68  23.39  22.02  21.52  21.00  20.48  21.35  

0
20.76  21.22  20.46  20.91  20.60  20.54  20.92  20.91  25.66  23.84  20.15  20.90  20.88  20.89  20.54  20.72  20.31  21.26  21.41  21.06  20.79  20.69  21.03  21.42  26.32  25.82  21.66  20.85  20.57  20.68  21.17  20.72  20.96  20.78  20.66  20.69  18.72  20.95  22.24  22.44  23.00  23.25  22.14  21.36  21.18  19.40  19.59  20.31  20.62  20.45  20.68  21.02  19.11  19.65  21.06  23.50  24.67  24.22  22.79  22.01  20.18  20.98  20.47  21.33  

0
20.77  21.66  20.74  21.05  20.61  20.44  20.14  21.15  25.14  23.85  20.05  21.50  21.37  21.16  20.84  20.25  21.42  21.40  20.95  21.54  21.02  20.28  20.94  22.14  26.44  25.93  21.77  19.87  20.81  20.57  20.76  21.04  20.69  20.29  20.91  21.05  18.57  20.22  21.20  22.05  22.81  23.37  21.63  21.92  20.84  19.92  20.03  20.78  20.63  20.33  21.08  21.27  19.54  20.36  21.52  23.29  23.55  24.01  22.92  22.26  19.66  20.42  21.13  20.80  

0
20.14  20.65  20.73  20.66  20.95  20.43  21.26  21.59  24.49  23.51  20.38  20.44  20.64  21.15  21.53  20.88  20.18  21.26  21.65  20.37  20.79  21.64  20.92  20.70  26.62  26.02  21.55  19.31  19.98  20.56  20.75  21.49  19.54  21.16  21.14  20.47  18.89  21.06  22.14  23.25  23.61  24.71  22.14  21.03  20.35  19.91  20.86  20.15  19.87  20.73  20.68  21.26  19.39  20.93  22.17  24.26  24.55  24.22  22.55  21.15  20.58  20.55  20.95  22.24  

0
20.14  20.93  21.39  20.17  21.54  21.13  20.69  22.49  25.13  21.76  20.15  19.97  19.67  20.23  20.97  19.91  20.59  21.13  21.18  21.29  20.79  20.80  20.51  21.11  25.83  24.83  20.25  20.08  20.80  20.56  20.75  19.79  20.25  20.02  20.66  20.92  19.05  20.52  20.98  23.35  25.03  24.81  22.04  20.92  19.88  20.16  19.73  21.38  20.17  20.04  20.02  20.52  18.97  21.05  21.28  22.51  23.77  24.22  21.96  20.66  19.78  21.27  20.30  21.33  

0
21.04  20.05  20.31  21.01  20.81  21.22  21.23  23.79  25.43  21.29  20.02  20.53  20.74  21.12  20.66  20.05  21.65  21.49  21.03  20.69  20.88  20.77  20.49  21.08  25.00  24.61  20.55  20.93  20.77  20.28  20.86  19.76  20.65  20.63  21.24  21.35  19.19  20.71  21.38  22.22  25.80  25.61  20.75  19.79  19.97  20.77  20.13  19.66  20.00  20.70  20.13  20.12  20.76  21.25  21.59  23.26  22.49  23.41  21.82  21.98  20.16  20.38  20.28  18.37  

0
20.60  20.36  20.20  21.03  20.24  20.78  22.16  24.91  23.94  21.09  20.49  21.02  21.00  20.10  21.67  21.52  19.62  21.26  21.06  21.18  21.33  20.17  20.51  21.11  24.82  23.12  21.23  20.63  20.33  20.81  19.91  20.41  21.10  19.89  20.90  21.26  18.56  20.85  20.77  23.15  26.82  25.84  21.20  20.26  20.23  20.42  20.16  20.15  21.07  21.14  21.20  21.14  18.55  20.70  21.39  22.62  23.20  23.88  21.25  21.52  20.05  19.97  20.47  18.76  

0
20.13  21.63  20.98  21.14  20.46  20.06  22.59  25.33  24.36  20.74  20.03  20.54  20.39  19.96  20.53  18.76  21.66  21.88  20.81  20.94  21.32  21.00  21.32  21.20  24.91  23.31  20.35  20.18  20.55  20.04  20.32  19.62  20.67  20.39  20.29  21.13  20.50  20.62  20.65  23.13  25.91  25.42  21.19  20.14  20.10  20.40  19.01  19.83  20.76  19.75  20.14  20.51  19.38  20.45  21.60  22.94  24.09  25.00  21.83  20.89  20.04  20.54  18.98  20.23  

0
20.94  19.81  20.62  21.06  21.21  20.69  23.29  24.83  23.64  20.56  20.18  20.70  20.30  20.52  20.42  20.26  20.61  21.54  20.60  20.74  20.49  21.14  20.23  21.03  24.44  22.03  19.52  20.77  20.48  20.33  20.22  21.21  20.71  20.43  20.81  21.06  18.75  21.08  20.47  22.57  26.64  25.25  20.38  19.84  19.66  19.93  19.90  20.79  21.24  21.03  19.92  20.05  19.42  20.03  21.86  23.09  24.58  25.59  21.63  21.18  21.14  20.43  20.49  21.36  

0
20.62  20.66  21.66  20.55  20.25  21.02  24.16  25.57  23.96  20.88  20.39  20.33  20.77  20.90  20.98  20.73  21.55  20.76  21.07  21.08  20.15  21.44  20.63  21.63  24.84  23.24  20.27  20.53  20.58  21.07  21.59  21.81  20.55  21.05  21.39  21.27  17.91  20.32  20.88  22.45  26.53  25.64  21.21  20.49  20.13  20.17  20.31  20.01  20.48  21.29  20.43  20.29  20.52  21.75  22.41  23.18  24.57  25.80  22.92  20.55  19.80  21.43  19.33  20.80  

0
21.22  20.50  21.39  20.54  20.83  22.75  24.80  25.78  22.96  21.09  19.93  20.44  20.88  19.97  21.11  20.88  21.54  21.00  21.65  20.95  20.79  21.22  20.92  21.31  25.33  22.92  20.04  21.50  20.57  20.68  20.61  19.63  21.39  20.27  20.54  21.26  18.56  21.48  21.40  22.75  26.82  25.22  21.41  21.36  20.83  20.16  20.02  20.31  20.32  21.00  20.94  20.52  19.11  20.58  22.17  22.51  23.99  25.57  22.43  20.29  20.45  19.97  20.47  20.79  

0
20.91  19.64  21.12  20.91  21.54  24.11  25.67  25.24  23.94  21.09  21.28  20.55  21.00  21.41  20.54  20.72  21.00  20.36  21.29  21.87  20.47  20.59  20.82  21.42  25.13  23.93  20.47  19.75  20.80  20.30  20.89  19.95  21.25  21.29  20.66  21.26  18.72  21.06  21.93  22.95  26.72  26.14  22.14  19.93  20.12  20.67  20.16  20.92  21.21  21.54  20.68  20.77  18.83  20.47  21.73  22.84  23.54  25.23  21.84  20.42  21.50  20.69  19.81  20.79  

0
19.67  20.79  20.33  21.03  21.19  24.00  25.56  25.78  24.16  21.53  20.72  21.37  19.67  20.50  20.11  21.20  20.59  21.38  20.82  21.29  20.68  21.12  20.82  21.52  25.73  23.53  21.01  20.63  20.57  20.68  20.19  20.57  20.54  20.53  21.26  21.60  19.70  20.95  21.72  22.95  26.32  26.14  21.30  20.70  19.88  21.05  20.30  20.92  21.51  20.86  21.07  21.02  19.67  21.28  21.95  23.39  23.31  23.88  21.49  21.03  19.65  19.97  20.47  19.69  

0
20.32  21.10  21.28  21.06  21.80  22.43  24.61  26.13  24.29  21.56  20.07  21.16  21.03  20.26  21.13  19.13  20.61  21.03  20.25  21.32  21.36  20.93  20.64  21.13  25.75  23.85  20.93  20.33  20.12  20.83  20.08  21.52  21.13  20.30  20.21  21.06  19.57  20.98  21.32  23.17  26.35  25.35  21.96  20.62  20.97  20.95  19.62  20.18  20.65  21.30  20.70  20.05  20.26  21.42  22.31  22.98  23.11  21.62  21.87  21.30  20.87  20.57  19.84  21.36  

0
20.29  21.08  20.99  20.66  20.12  20.78  22.93  25.13  25.02  21.76  19.81  20.79  20.28  21.41  20.68  21.04  20.59  21.00  21.06  22.21  21.33  20.80  20.62  23.24  25.83  24.13  20.69  20.19  20.10  19.42  20.75  21.49  20.39  20.53  20.90  21.37  19.38  20.74  22.56  23.55  24.93  24.40  20.88  20.37  20.59  20.42  20.58  19.07  20.32  20.59  21.58  20.89  19.11  20.70  23.17  23.72  22.74  21.60  21.01  20.54  20.45  19.23  19.48  20.97  

0
21.55  19.81  20.75  20.93  20.26  20.80  22.29  24.28  25.05  20.78  21.08  21.28  20.42  20.78  20.00  20.42  20.75  21.03  21.44  20.97  21.14  21.25  20.13  23.56  26.25  23.65  21.14  19.89  19.89  20.33  19.65  20.44  20.13  20.55  20.69  21.51  18.58  21.08  21.74  22.57  25.55  24.21  21.43  20.62  20.50  19.68  19.90  19.56  20.80  21.30  20.96  20.67  19.56  20.73  23.96  23.09  23.56  21.85  21.15  20.44  20.74  20.43  19.01  20.63  

0
21.10  20.54  21.29  21.44  20.99  21.52  20.51  24.29  24.95  21.68  19.85  20.71  20.56  20.01  21.29  20.92  20.35  21.80  21.21  21.79  21.37  21.78  21.88  24.57  25.66  24.77  20.62  20.67  20.25  20.22  20.37  20.76  21.43  20.06  20.58  21.30  19.91  20.99  22.70  23.08  23.24  22.13  21.24  20.52  21.34  20.71  21.03  20.04  20.51  20.63  20.58  21.42  20.55  23.37  23.97  24.08  23.23  21.05  21.16  21.19  20.35  20.88  20.50  21.55  

0
20.89  20.91  20.70  21.50  20.93  21.45  21.57  24.23  25.85  22.39  20.92  20.88  20.86  20.73  22.62  19.89  20.70  21.36  21.98  20.69  21.20  21.30  21.92  23.21  23.99  23.80  20.01  20.61  20.77  21.03  20.58  21.47  19.22  20.12  21.12  21.12  18.20  23.56  24.09  23.92  23.79  21.43  21.07  20.01  21.04  21.02  19.71  20.28  21.63  19.33  21.43  21.11  22.27  24.32  24.99  24.78  23.06  21.69  20.38  21.13  20.42  20.81  20.60  20.58  

0
22.25  19.60  20.95  21.24  20.32  22.02  22.23  24.77  26.05  22.71  20.46  21.22  21.32  20.59  21.63  22.43  21.50  22.11  21.37  21.26  21.40  24.49  23.82  24.10  23.26  20.73  19.78  20.26  20.06  20.77  21.13  20.84  21.21  21.75  20.86  21.67  23.50  24.99  25.20  24.50  23.07  21.53  20.42  21.54  20.20  21.26  22.21  21.19  20.73  21.10  21.93  20.23  25.87  25.98  26.06  25.20  23.73  22.02  20.97  20.62  20.81  21.09  20.26  20.75  

0
20.17  19.96  20.09  21.18  22.27  24.48  24.72  23.40  23.75  21.89  20.97  21.39  21.15  20.78  20.42  21.71  20.06  20.90  21.08  22.01  24.85  24.55  25.36  23.86  22.30  21.31  19.63  20.98  20.24  20.58  20.08  20.59  21.98  20.81  20.93  22.29  27.41  26.98  27.17  24.76  22.41  21.48  20.80  20.28  20.50  20.31  20.60  20.18  19.75  21.03  21.61  21.78  21.50  24.82  24.28  23.85  24.24  21.51  20.67  21.30  20.61  19.84  20.33  22.26  

0
21.08  20.95  21.66  23.11  24.80  25.14  23.72  23.17  22.21  20.21  20.73  20.10  21.37  20.38  20.98  22.33  21.14  21.40  19.87  23.36  27.19  27.05  25.64  23.75  21.66  20.88  20.05  20.86  20.70  19.94  20.90  21.04  20.98  19.90  20.43  21.38  21.81  25.45  23.81  23.16  22.81  20.83  20.68  20.71  20.01  20.55  20.17  20.47  20.78  21.42  21.47  21.15  21.49  23.12  23.18  25.89  20.79  21.14  20.54  20.55  20.33  21.28  20.15  20.98  

0
20.94  20.10  21.28  23.24  25.49  25.26  25.26  23.07  20.77  19.77  19.84  20.58  20.18  20.91  21.69  20.59  21.02  21.66  21.20  21.09  24.85  25.46  24.08  23.06  21.05  21.21  20.60  20.98  19.54  19.95  19.94  21.21  21.55  21.31  21.29  21.62  21.51  22.88  24.34  24.56  21.68  21.16  20.59  19.95  20.02  19.04  19.76  19.41  21.24  20.75  21.35  21.16  21.77  25.60  25.47  23.63  21.50  20.57  21.15  21.06  20.21  21.73  20.82  20.45  

0
21.55  21.39  21.41  23.36  25.94  24.48  22.40  21.84  21.67  20.89  19.50  20.23  20.06  20.78  20.85  20.10  21.29  21.92  21.32  22.35  23.80  22.60  23.68  22.56  21.05  20.79  20.60  19.67  20.48  20.20  20.50  20.90  19.56  20.55  20.09  21.40  25.12  25.05  25.66  23.67  21.27  21.16  20.70  20.51  20.26  20.31  19.76  20.79  20.50  21.70  21.74  20.79  22.86  25.37  23.19  20.41  20.80  21.04  20.91  20.44  20.34  20.14  20.65  19.72  

0
19.84  20.37  21.27  22.27  23.07  23.45  20.48  20.47  21.21  20.21  19.83  19.86  19.81  20.11  20.55  21.05  21.01  21.27  21.66  22.34  22.41  23.00  25.05  22.65  20.93  21.50  20.27  20.75  20.11  19.81  21.04  19.33  21.26  21.30  21.27  23.17  27.69  24.83  24.94  22.96  20.94  20.72  21.10  20.05  20.13  20.68  19.04  18.30  20.04  21.56  20.95  21.03  23.12  23.01  21.96  20.62  20.09  22.19  20.66  20.80  20.20  20.27  19.33  20.25  

0
21.65  20.33  21.10  21.50  22.10  22.72  21.57  20.55  20.50  20.39  20.81  20.76  19.65  20.07  21.08  20.86  21.65  21.10  21.86  23.09  24.48  25.21  24.33  22.71  20.47  21.05  20.23  20.28  20.89  19.90  20.72  21.77  22.21  20.76  21.95  25.75  26.14  24.59  22.53  22.11  20.80  20.57  20.43  20.12  20.45  20.26  20.69  20.74  21.93  20.84  20.65  21.60  21.72  20.44  20.58  21.15  20.64  20.76  20.86  20.02  20.29  20.38  20.28  20.95  

0
21.84  20.52  21.27  21.29  23.19  21.61  21.16  20.47  20.42  20.43  21.18  20.68  20.41  19.58  21.54  20.89  20.87  21.78  24.35  25.25  25.45  24.13  21.75  22.85  20.30  21.50  21.35  20.42  19.88  20.44  20.20  21.35  21.40  21.30  22.34  25.68  23.55  21.81  20.88  23.26  21.46  20.40  20.89  19.94  20.25  20.17  20.87  21.99  20.78  20.88  20.56  20.78  18.98  21.41  20.05  20.62  20.79  20.68  21.02  20.80  19.53  21.00  19.99  21.53  

0
20.96  19.69  21.83  22.79  22.65  21.41  21.65  21.30  20.46  20.13  20.43  21.30  21.29  20.94  21.16  20.29  21.86  23.82  25.30  25.40  23.40  22.73  23.40  21.16  20.65  20.61  20.52  20.79  20.73  20.23  20.10  21.39  20.87  21.97  22.03  21.76  20.24  21.96  20.28  21.78  21.40  20.33  20.51  20.97  20.52  20.47  20.77  19.74  20.67  19.96  20.07  20.20  19.86  20.05  20.32  21.11  21.18  21.76  20.46  20.84  19.70  20.16  21.17  21.20  

0
20.78  20.96  22.20  20.93  21.10  21.85  20.04  21.05  21.78  21.00  20.29  20.70  20.42  19.99  21.69  20.75  20.61  22.67  22.85  22.80  22.85  23.22  20.95  20.93  20.00  20.58  20.28  20.00  20.12  20.83  20.50  19.50  19.99  21.19  19.96  20.83  19.40  21.62  21.11  21.04  20.43  20.73  20.70  20.73  19.30  21.32  20.60  19.72  20.80  21.16  20.70  20.17  19.56  21.07  20.29  20.75  21.27  20.69  20.31  21.30  20.87  21.30  20.00  20.81  

0
