Start of this file: 14:21:27 01/05/2017

0
20.99  20. 6  2 20.31  21.57  20.90  20.28  20.00  20.01  20.46  19.94  21.06  20.99  20.55  20.81  20.04  19.89  21.40  20.90  21.35  20.96  2ð0
21.23  19.07  19.94  20.80  19.65  20.09  20.14  20.01  21.21  19.76  20.73  21.15  20.53  20.90  20.13  20.41  19.50  20.50  19.63  20.15  20.59  20.50  19.60  20.71  20.09  20.57  21.13  19.43  19.76  20.06  20.20  20.11  19.84  21.05  20.67  20.25  17.24  20.32  21.52  20.52  20.21  21.04  20.26  20.05  19.05  19.67  19.89  20.32  20.04  20.06  20.69  20.90  19.40  20.36  20.28  20.85  21.72  20.56  20.90  20.67  19.53  20.42  20.15  20.80  

0
20.51  21.00  20.13  20.23  20.54  19.90  20.42  20.41  20.59  20.93  20.56  20.85  19.49  21.73  21.73  20.95  20.10  20.81  19.92  20.55  20.86  20.86  20.78  20.66  20.67  20.62  20.43  20.37  20.28  20.49  19.83  20.63  20.32  20.59  19.88  20.98  18.79  21.12  20.72  20.88  21.10  20.55  20.52  20.21  19.94  20.98  19.94  19.60  20.24  20.66  21.52  21.20  20.43  20.42  20.33  20.79  19.79  20.61  21.31  20.97  21.57  20.90  20.53  20.67  

0
20.50  20.13  19.32  20.34  20.17  20.24  19.84  20.96  20.57  20.02  19.98  20.14  19.84  20.28  20.02  20.93  20.64  20.54  20.15  21.23  20.63  20.64  20.56  20.75  20.65  20.40  21.17  19.91  20.62  20.35  20.24  20.15  21.01  19.81  20.35  20.06  17.95  20.25  20.60  20.76  20.67  20.97  20.08  20.20  20.28  19.45  20.07  20.66  20.52  19.41  20.60  21.43  19.86  21.10  20.54  20.44  20.71  20.37  20.94  21.45  19.43  20.16  21.49  19.74  

0
21.40  20.82  20.22  19.82  20.38  20.45  19.70  19.68  20.44  20.56  20.41  20.23  20.18  20.26  20.14  20.59  19.79  20.39  20.72  20.39  21.25  20.30  20.33  20.31  20.21  20.38  19.74  19.78  19.42  19.31  20.50  20.90  20.13  20.04  20.57  20.15  18.91  20.87  20.79  20.02  20.96  20.41  20.27  19.95  20.26  19.93  19.19  20.18  20.35  20.62  20.44  20.79  19.70  20.14  20.74  20.30  20.45  20.46  20.07  20.81  20.08  20.72  19.18  19.72  

0
21.13  20.28  20.79  20.60  19.94  20.26  19.50  20.29  20.47  20.37  20.33  20.62  20.82  20.56  19.46  20.63  19.28  19.91  20.76  21.01  19.88  19.91  20.06  20.86  20.67  20.21  20.10  20.15  20.63  20.24  20.11  20.94  20.32  20.85  20.73  20.42  18.29  20.48  20.62  20.67  20.78  20.66  20.31  20.65  20.18  21.24  19.66  20.83  19.94  21.47  20.35  20.83  18.75  20.65  20.67  21.01  20.96  20.61  20.59  20.72  19.85  19.88  21.34  21.76  

0
20.80  19.68  21.56  20.45  19.44  20.47  20.16  20.04  20.00  20.35  20.42  21.29  20.44  21.06  20.58  19.63  19.94  19.88  19.78  20.87  20.29  20.42  20.14  20.42  20.01  20.80  20.18  21.00  20.02  20.85  20.37  20.91  19.72  20.44  20.70  21.18  17.77  21.10  19.95  20.85  20.34  20.96  20.07  20.30  21.45  20.83  20.33  20.96  20.06  20.49  20.45  21.05  19.85  20.39  21.43  20.87  20.46  20.70  20.32  20.70  20.22  21.31  20.34  21.01  

0
20.05  20.71  20.00  20.11  20.66  21.19  20.53  20.29  20.47  20.37  20.22  21.78  20.58  20.95  20.61  21.74  19.69  20.81  20.16  20.43  20.20  20.65  20.58  20.76  20.35  20.83  20.53  20.91  20.75  19.99  20.67  21.40  19.89  19.95  20.00  20.64  20.09  21.33  21.15  21.08  20.57  20.45  20.63  20.21  20.65  20.98  20.36  20.68  20.24  20.66  21.13  20.83  19.60  21.34  21.01  21.46  20.49  20.85  21.43  20.97  20.78  21.33  20.37  21.76  

0
20.33  19.97  20.10  20.58  20.52  21.28  19.59  20.72  21.34  20.23  19.74  20.59  20.07  19.61  21.00  20.60  19.80  20.27  19.41  20.41  21.48  20.52  20.35  20.42  21.06  20.60  20.73  20.45  20.49  19.33  20.23  20.30  20.58  20.82  19.86  20.51  18.43  19.92  20.06  20.95  20.97  20.96  20.92  20.52  20.75  20.20  21.03  19.88  19.01  20.90  20.58  20.56  19.43  20.16  20.64  20.42  20.70  21.17  22.00  21.31  19.96  19.71  20.67  21.37  

0
20.04  19.11  19.72  19.72  20.05  20.48  20.52  20.51  20.80  20.81  20.77  20.49  19.97  19.89  21.30  20.13  20.36  20.41  20.39  20.65  20.19  20.11  20.98  19.61  20.76  20.71  20.52  19.47  20.03  20.73  20.80  20.31  20.87  19.56  20.23  20.97  18.45  20.79  20.60  20.66  21.29  20.76  20.40  20.20  20.40  20.34  19.08  20.20  19.63  21.05  20.34  20.82  19.02  20.64  20.32  19.98  20.01  20.48  20.58  21.20  19.70  19.72  18.87  19.74  

0
20.67  19.85  19.60  20.48  20.18  21.08  20.76  21.09  20.36  20.71  20.33  20.62  20.10  19.90  21.03  21.11  20.24  20.30  20.04  21.13  20.96  20.76  20.99  19.93  20.46  21.35  20.75  20.26  20.75  19.61  19.83  20.17  19.46  20.21  20.12  20.19  18.13  20.16  20.83  20.47  20.47  20.88  20.94  20.21  20.54  20.98  19.52  21.14  21.28  21.20  21.00  20.46  18.89  20.76  20.33  20.00  20.37  20.38  20.59  19.98  20.25  20.03  20.04  20.49  

0
20.18  19.68  19.57  20.45  19.92  20.58  20.16  20.72  20.56  20.12  20.31  20.36  19.47  21.45  20.72  20.92  19.94  20.27  19.90  20.29  20.29  20.73  20.14  20.32  20.01  20.39  20.29  20.12  19.67  20.85  19.53  19.52  19.00  20.57  19.61  20.39  18.27  20.56  20.70  20.65  20.23  20.42  20.39  20.52  20.63  18.67  20.62  20.19  19.46  20.63  21.23  20.44  19.85  20.62  20.31  20.65  21.16  20.47  20.81  20.45  19.96  20.00  20.01  19.91  

0
20.32  20.96  20.89  21.06  20.98  20.80  19.92  20.71  20.55  20.67  20.29  19.52  19.94  20.91  20.14  20.75  19.51  20.00  20.96  19.70  20.93  20.51  20.95  20.41  20.42  20.69  20.50  19.89  20.01  19.82  19.37  19.97  20.13  19.53  19.48  20.72  18.09  21.62  19.83  21.56  20.54  20.30  20.70  20.28  19.42  20.19  19.76  18.78  19.60  21.30  20.96  21.29  18.71  19.79  20.86  20.64  21.15  20.92  20.31  20.81  20.08  20.14  20.65  19.53  

0
20.18  19.10  20.63  21.19  20.04  20.47  20.51  20.84  20.67  20.57  20.31  20.36  19.95  21.06  20.30  20.76  20.08  20.14  20.62  20.41  19.96  20.42  20.04  20.73  19.80  21.11  20.18  19.90  19.79  20.85  20.51  20.91  19.57  20.69  20.46  20.39  16.60  20.67  20.48  20.85  19.92  20.53  21.13  20.85  19.80  20.58  19.49  20.80  20.81  20.49  20.58  20.81  20.27  19.10  20.53  20.20  20.58  20.47  21.16  20.58  20.49  21.74  19.36  21.37  

0
19.85  20.96  20.22  19.95  20.03  20.69  20.38  21.39  20.21  21.34  20.74  20.93  19.58  20.65  20.71  21.55  19.93  19.87  20.13  20.51  19.73  20.51  20.54  20.31  20.84  20.58  20.50  21.20  20.71  20.96  20.08  20.59  20.42  20.68  20.33  21.28  17.59  20.87  21.11  20.12  20.43  20.73  21.22  20.95  21.32  20.69  21.02  20.79  20.50  20.34  21.22  20.55  18.29  20.26  20.18  21.31  20.57  21.85  20.07  21.06  19.68  21.15  18.52  21.00  

0
20.49  20.11  20.90  20.21  20.52  20.58  19.94  20.15  21.23  20.12  20.31  20.47  19.95  20.79  20.58  20.44  20.49  20.40  20.38  20.18  19.85  21.15  19.93  20.94  20.22  21.42  19.97  20.12  20.37  20.22  20.37  21.22  20.72  20.82  19.86  20.51  20.07  20.78  21.44  21.06  20.76  20.96  20.39  20.07  19.68  19.82  19.77  20.19  19.91  20.22  19.93  20.06  19.29  20.85  20.53  20.87  20.58  21.05  20.81  20.45  20.62  19.71  20.01  21.55  

0
20.84  19.86  21.60  20.25  21.62  20.74  20.54  20.99  21.27  20.38  20.57  21.10  19.75  21.22  20.90  20.32  20.39  20.05  19.82  21.37  20.98  20.56  21.31  20.15  20.05  20.32  19.90  20.38  21.11  20.76  20.27  20.49  20.47  20.22  20.26  20.20  18.31  21.03  19.99  20.17  20.80  20.67  20.43  20.78  20.90  20.49  20.93  19.46  21.00  20.67  21.01  21.34  22.91  22.16  22.36  22.25  22.81  20.97  21.08  21.59  20.39  20.91  20.54  21.77  

0
20.64  21.26  20.24  21.07  20.99  21.17  20.51  21.97  21.68  20.12  21.32  20.24  19.10  20.93  19.87  19.14  20.49  20.53  20.86  21.79  22.33  21.89  21.58  20.53  20.12  20.70  21.05  21.76  20.60  20.34  19.81  20.14  20.72  21.07  21.42  22.31  20.55  22.37  23.32  23.78  22.42  21.71  20.71  20.52  20.15  19.18  20.19  20.19  20.06  20.49  20.71  22.40  24.48  22.35  22.76  23.43  23.46  20.70  20.57  21.31  21.15  20.59  20.83  20.10  

0
20.66  19.98  19.85  20.47  20.41  20.83  20.97  22.31  19.45  20.69  20.43  20.37  20.57  20.68  20.88  21.09  20.91  20.93  19.91  21.00  22.03  22.42  22.90  22.78  20.55  21.23  20.85  20.46  20.62  20.10  19.54  20.62  21.30  20.20  20.59  21.08  21.85  23.42  24.57  23.99  21.50  21.40  20.40  20.20  20.40  19.83  20.21  20.05  20.52  20.10  20.99  21.92  23.43  21.33  21.78  23.66  22.33  20.95  21.06  20.71  19.97  21.03  19.86  20.11  

0
19.60  20.01  21.20  20.62  20.20  21.21  21.00  22.12  21.49  20.61  21.02  20.63  20.60  20.18  20.90  20.80  19.56  21.21  20.30  21.71  21.62  22.44  22.73  22.61  20.36  21.36  20.66  20.38  20.18  19.75  19.85  19.87  20.90  20.22  20.50  21.00  22.35  23.66  25.21  23.72  20.59  20.46  20.21  21.22  19.71  20.37  20.09  19.61  20.70  21.35  21.01  21.46  23.05  20.19  21.36  23.68  22.24  20.04  21.20  21.11  20.53  19.31  20.22  18.47  

0
20.81  19.55  20.91  20.59  19.93  20.36  21.20  22.31  21.13  20.25  20.43  20.37  20.45  20.15  20.88  19.48  19.40  20.80  19.79  20.65  20.73  22.00  22.70  21.16  20.76  20.51  19.65  20.35  21.08  20.23  19.82  21.08  20.16  19.81  20.83  21.42  23.59  24.05  24.36  22.59  21.40  20.76  20.08  20.42  20.05  20.85  18.94  20.97  20.23  20.10  20.99  21.92  23.02  20.98  23.33  23.66  22.22  21.18  20.34  21.08  20.10  20.16  19.86  21.93  

0
20.60  20.65  20.20  20.66  20.24  21.01  21.71  21.93  21.42  20.31  20.61  20.20  20.52  21.15  19.97  20.24  20.04  20.62  20.70  20.95  21.76  21.64  22.45  20.49  20.81  20.25  19.82  20.63  20.68  20.56  20.61  20.41  19.97  20.40  20.30  20.92  23.07  24.10  24.42  22.85  20.83  20.17  20.56  20.48  20.59  20.29  20.86  20.46  19.57  21.41  20.68  21.26  22.70  21.16  23.82  22.84  21.94  21.36  21.72  20.79  20.18  20.98  20.79  21.52  

0
19.75  20.58  20.01  20.12  20.91  22.48  21.56  20.76  20.04  20.50  20.68  20.75  20.96  21.35  20.05  21.44  19.84  20.70  19.58  20.56  20.76  22.03  21.92  19.84  21.31  21.05  20.33  20.38  21.22  21.51  20.96  20.64  20.19  19.84  20.74  20.88  23.77  23.55  23.46  21.20  20.69  20.46  20.32  20.45  20.78  20.87  20.09  21.00  20.40  20.12  20.62  22.19  23.05  22.84  24.77  21.02  22.24  21.21  21.20  21.11  19.86  20.33  21.51  21.41  

0
21.38  20.09  19.68  20.55  20.85  21.49  20.71  22.16  20.98  20.21  20.39  20.80  20.05  21.16  20.27  20.89  19.64  19.99  20.35  20.85  21.13  22.17  20.32  20.19  20.93  20.68  20.81  19.76  20.70  20.32  20.90  20.58  20.98  20.92  19.83  21.27  24.18  24.11  22.05  20.62  21.15  20.50  20.68  19.83  20.13  19.79  20.31  20.78  21.37  21.96  20.69  21.52  23.79  23.91  23.07  23.07  21.83  21.72  20.78  20.92  20.33  22.00  20.80  20.98  

0
20.91  19.78  20.86  20.17  21.19  21.71  21.82  22.04  20.41  20.87  20.49  20.90  21.00  19.57  21.39  20.40  20.86  21.00  20.10  21.29  22.30  22.58  21.23  20.18  20.92  21.28  20.47  19.86  20.45  20.18  20.89  21.49  20.39  20.53  20.54  21.37  23.07  25.03  21.40  20.81  20.83  21.03  21.09  20.59  20.71  21.05  19.17  20.31  21.80  20.73  20.41  21.51  21.75  24.24  23.17  22.07  23.20  21.60  20.41  20.54  20.98  20.40  20.47  20.79  

0
20.35  20.13  21.83  20.47  21.00  22.68  21.08  21.30  21.13  20.47  19.98  20.72  19.60  21.20  21.02  20.93  19.12  20.54  20.99  20.30  21.92  23.96  20.87  20.44  20.13  20.92  20.09  20.35  20.50  20.98  20.24  22.15  20.16  20.58  20.23  21.76  23.75  24.15  21.56  21.17  20.98  21.08  20.19  20.20  20.64  20.34  20.49  20.20  21.12  21.32  21.25  22.41  22.75  22.93  23.55  22.34  22.56  21.99  21.30  21.33  20.90  20.45  21.49  20.29  

0
20.18  20.40  20.37  20.58  20.87  22.09  20.85  21.06  20.56  20.23  21.32  20.47  20.44  20.01  20.72  21.24  19.39  20.66  20.38  22.02  22.23  23.13  20.86  21.25  20.22  19.97  21.26  19.57  20.14  20.09  20.93  20.30  20.86  21.20  21.18  21.86  24.05  24.24  22.49  21.06  20.86  20.21  20.50  20.74  20.51  20.33  18.92  19.57  19.91  19.94  20.45  21.18  21.79  23.15  23.53  22.33  23.12  22.44  20.93  21.19  19.82  21.02  20.18  20.83  

0
21.56  20.54  20.90  20.58  20.99  21.52  20.96  21.52  21.68  20.01  20.19  21.17  20.19  21.19  20.72  20.44  20.08  19.24  20.74  21.91  21.69  22.92  20.76  21.45  20.33  20.91  20.08  20.01  19.79  19.96  19.95  20.76  19.29  19.54  20.70  20.96  24.98  24.76  22.38  21.06  21.18  20.53  20.71  20.07  19.91  20.45  19.63  19.42  21.10  20.77  21.36  20.68  20.27  23.26  22.87  22.88  22.55  22.21  21.40  20.33  20.35  19.86  19.19  19.36  

0
20.23  20.31  20.82  19.76  20.33  21.80  21.01  21.34  20.50  20.96  20.36  20.17  20.00  20.45  21.62  20.97  20.27  20.58  20.43  22.53  22.60  23.59  20.91  20.58  20.80  20.96  20.56  20.83  20.89  21.15  19.86  20.66  20.63  21.25  20.87  22.24  24.72  24.91  22.54  21.11  21.12  20.69  20.65  20.57  20.20  21.13  20.24  20.86  20.41  20.68  21.16  20.49  19.48  22.97  24.24  22.71  22.83  22.03  20.98  21.48  20.54  21.07  20.55  21.78  

0
19.89  19.85  21.19  20.85  20.42  23.04  20.53  21.32  20.47  20.15  20.90  21.20  20.34  21.34  21.03  20.95  20.38  21.70  20.16  21.82  22.78  24.28  21.09  20.45  19.93  21.04  20.21  20.91  20.28  19.99  20.81  20.79  20.60  21.10  20.85  21.77  24.85  25.09  22.41  20.88  21.93  20.88  20.41  20.54  20.77  20.98  20.50  21.74  19.94  20.93  21.78  20.83  20.02  23.51  24.75  23.67  23.03  22.81  21.90  21.09  20.25  22.05  20.37  21.94  

0
20.80  20.26  19.57  20.82  21.23  21.40  20.39  21.52  21.12  20.91  20.53  20.24  20.19  21.19  20.15  20.12  19.66  21.04  20.86  21.33  23.39  24.36  21.37  20.42  19.27  21.01  20.18  19.90  19.67  20.09  20.79  20.30  20.43  21.20  20.34  22.31  24.51  24.65  23.74  20.65  21.49  20.42  21.02  20.41  20.15  20.83  20.05  19.42  20.96  21.85  20.45  20.06  19.71  22.46  24.08  23.32  23.69  23.58  21.16  21.31  20.88  21.60  20.01  21.19  

0
20.81  20.27  20.38  21.08  21.36  21.99  20.75  20.85  20.57  19.91  20.09  20.02  20.57  19.76  19.88  20.13  21.32  20.41  20.15  21.35  22.45  24.68  21.49  20.64  20.13  20.71  20.41  20.46  19.80  19.72  20.52  21.08  20.45  20.58  21.07  22.09  22.64  24.05  23.75  21.27  21.61  21.19  20.61  20.86  20.05  20.21  20.49  20.66  20.97  20.78  21.51  21.19  19.86  22.48  24.74  23.11  22.56  22.34  21.18  20.71  20.23  20.45  19.70  21.93  

0
21.56  21.11  20.63  21.07  21.82  21.86  20.62  21.18  19.77  20.68  20.42  20.94  19.83  20.79  20.01  20.76  20.76  21.30  21.45  21.56  22.86  24.87  21.06  20.42  19.80  20.39  21.16  20.67  20.37  20.47  19.95  20.91  20.86  21.20  20.58  21.97  22.63  23.62  24.04  21.87  21.59  20.96  21.13  20.74  20.15  20.20  19.49  20.50  20.81  20.77  21.49  20.19  20.27  23.60  24.51  23.43  22.66  21.98  21.64  20.45  20.62  21.02  20.01  20.46  

0
20.15  19.94  20.08  21.41  21.44  22.30  20.71  20.47  20.65  20.21  20.05  20.21  20.05  20.64  21.26  20.89  19.64  21.52  20.83  21.65  23.89  24.54  21.35  20.09  20.09  19.53  20.59  20.42  19.52  19.43  20.34  21.20  20.12  20.67  20.31  21.72  19.72  23.49  23.61  20.72  21.15  21.15  20.15  19.72  20.72  21.06  20.17  19.86  21.08  20.74  20.82  20.90  19.40  23.57  25.25  22.41  22.87  22.41  21.02  21.16  19.66  19.98  20.48  19.52  

0
20.99  19.28  20.14  20.99  21.15  23.62  20.66  19.62  20.82  21.28  21.13  20.51  19.87  21.09  21.18  20.64  21.21  20.57  21.01  21.37  24.48  24.29  21.10  20.77  19.73  21.15  20.11  19.83  19.71  20.00  20.41  20.33  21.04  20.48  20.38  21.78  19.46  23.55  24.18  20.99  21.84  20.78  20.21  20.22  19.59  19.86  19.39  20.23  21.00  19.71  20.88  20.23  19.47  23.86  24.87  22.69  22.36  22.02  21.44  20.37  20.66  20.48  20.87  19.58  

0
20.04  20.41  20.12  20.22  21.48  23.03  19.84  20.85  20.35  20.25  19.86  20.49  20.69  19.36  20.45  18.83  20.77  21.82  20.87  23.06  23.40  24.68  22.20  20.33  20.44  19.98  19.98  19.80  19.33  19.72  19.40  19.22  21.30  20.45  20.23  20.52  18.94  23.63  23.33  21.38  20.98  21.19  20.72  19.75  20.17  19.83  19.50  19.59  19.48  20.64  20.34  20.57  18.46  23.05  25.50  22.12  22.45  22.45  21.18  21.45  19.17  20.02  19.37  19.56  

0
20.01  20.96  20.62  21.06  20.98  22.31  20.83  20.94  19.53  20.22  19.38  19.99  19.09  20.78  20.85  20.59  19.79  21.03  21.20  22.12  23.80  24.25  21.05  20.41  20.00  20.58  20.71  20.22  20.82  20.20  20.77  20.90  20.42  20.55  21.64  22.18  19.73  22.98  23.72  20.43  21.16  20.73  20.80  21.17  20.38  20.95  20.60  20.94  21.24  20.89  20.18  20.55  19.56  23.47  25.90  22.53  22.54  22.20  20.55  20.81  20.08  21.59  20.00  21.36  

0
19.89  20.43  21.45  21.10  21.37  23.38  20.76  20.86  20.92  20.82  20.90  20.73  21.30  20.43  21.45  21.59  20.51  21.07  21.60  23.07  23.73  25.09  22.01  20.66  20.98  20.62  20.97  19.48  20.40  19.99  19.83  21.71  21.03  20.46  20.24  21.21  17.96  23.12  24.07  20.98  20.05  20.98  20.84  20.21  21.36  21.11  20.50  19.75  19.79  20.38  20.87  21.08  19.32  23.40  25.40  23.12  22.46  21.43  21.19  20.60  19.98  20.03  20.85  20.67  

0
20.63  20.10  20.89  21.79  20.50  23.12  20.72  20.03  21.33  20.56  19.95  20.23  20.42  20.52  20.00  21.07  19.24  21.41  21.44  22.58  23.17  24.04  23.08  20.62  21.05  21.00  20.71  20.77  21.17  20.58  20.36  20.59  20.85  20.55  20.09  20.72  19.57  22.77  23.72  20.94  20.75  20.41  21.12  20.28  20.50  20.44  20.60  19.41  20.20  21.03  21.48  20.30  19.98  21.88  25.58  24.29  21.38  21.62  21.15  20.32  20.08  20.14  19.84  21.18  

0
20.81  20.56  21.18  21.08  21.24  21.64  20.97  20.96  20.69  20.02  20.32  20.95  19.72  20.55  20.17  19.80  21.86  21.82  21.58  21.80  23.62  25.69  23.50  20.75  20.13  20.51  21.60  20.46  20.27  20.23  20.24  20.46  20.02  21.47  20.83  20.86  19.92  21.64  24.47  21.78  20.46  21.19  20.19  20.31  20.76  19.96  21.46  19.59  20.23  20.23  20.21  20.57  19.16  20.98  24.31  24.64  21.29  21.07  20.22  20.96  19.97  20.74  21.00  21.38  

0
21.26  18.95  20.24  21.68  22.05  21.05  20.96  21.18  20.67  20.79  20.98  20.36  20.92  19.87  20.86  20.12  20.35  20.14  21.57  23.04  23.92  21.99  21.37  20.32  20.96  20.70  20.40  20.23  20.84  20.72  19.39  20.45  20.29  21.07  20.70  20.96  19.42  24.03  22.80  21.26  20.65  20.42  20.18  20.52  20.15  21.34  19.63  20.19  19.91  20.63  20.58  20.06  19.85  20.97  23.97  23.54  21.05  21.17  20.81  21.07  20.22  20.30  19.85  20.83  

0
20.18  20.26  21.16  21.07  21.34  20.47  19.82  20.50  20.90  20.12  20.53  20.59  20.68  21.71  20.30  19.79  20.76  21.30  20.62  20.87  21.48  21.05  20.14  20.22  20.12  21.01  20.73  19.90  20.14  19.96  20.37  21.07  20.86  19.54  20.82  21.52  24.36  22.58  20.06  21.36  20.97  20.64  20.60  21.07  19.08  19.82  20.47  20.80  21.99  19.67  20.84  20.56  19.43  24.27  23.20  20.99  20.93  21.17  20.93  20.58  21.28  20.00  20.50  21.01  

0
20.66  21.41  19.72  19.72  20.77  19.89  19.72  21.19  20.91  20.02  20.32  21.30  20.57  20.55  21.16  19.64  21.32  20.41  21.11  19.49  21.06  20.64  20.46  20.54  20.13  21.33  19.76  19.80  19.68  20.10  19.40  19.22  20.59  20.07  19.99  20.63  23.28  22.17  20.18  20.97  21.19  20.76  20.93  20.53  19.69  19.83  19.78  20.66  19.78  20.92  20.99  20.82  20.00  22.93  21.22  21.22  21.06  21.65  21.42  20.47  20.90  19.72  19.86  20.48  

0
20.68  21.30  19.48  19.75  20.55  20.27  20.77  21.44  20.82  20.38  20.57  20.28  19.75  20.57  20.05  19.51  21.21  20.31  19.94  20.33  20.54  20.66  19.97  20.05  20.47  20.95  20.22  20.82  20.53  20.51  19.99  20.33  20.47  20.09  20.62  20.66  20.11  20.17  20.10  20.48  20.69  19.59  20.53  20.00  20.31  20.37  19.81  19.30  21.00  20.67  20.88  20.23  20.03  20.19  20.91  20.01  20.85  21.32  20.24  20.37  20.13  19.90  21.19  18.84  

0
19.89  20.86  20.13  21.10  20.54  20.26  20.08  20.86  20.70  20.26  20.10  20.50  20.22  20.43  20.61  21.27  20.51  20.94  19.56  19.97  20.42  21.18  20.06  20.76  19.61  20.41  20.86  19.70  20.51  20.75  19.97  19.85  20.46  20.08  20.61  21.66  18.95  20.80  20.40  20.78  20.36  21.09  19.99  20.87  20.54  20.73  19.80  20.52  20.09  19.70  21.13  21.32  18.75  20.53  20.56  20.56  20.61  20.50  19.75  21.70  19.58  19.88  21.18  21.22  

0
21.26  19.53  21.03  19.83  20.52  21.40  21.07  21.06  21.34  20.46  20.08  20.47  20.80  21.58  20.86  21.56  20.35  20.91  20.02  20.18  20.29  21.36  19.83  20.73  20.01  20.60  20.51  20.56  19.79  20.72  20.23  21.53  20.15  20.69  19.49  20.62  18.10  20.99  20.59  21.47  20.76  21.28  20.60  20.41  21.10  20.96  20.19  20.04  20.21  20.49  21.23  20.19  18.73  20.16  20.31  20.65  20.23  20.59  19.96  21.19  20.62  21.02  21.15  21.19  

0
18.73  20.50  19.80  19.55  19.40  20.43  20.47  21.37  20.30  20.20  20.61  20.32  19.55  20.36  20.54  19.91  19.90  20.10  20.46  20.14  20.36  20.48  20.31  20.28  20.18  21.08  20.47  19.75  20.22  20.81  20.61  20.88  20.54  19.89  20.78  20.13  18.72  20.74  20.34  20.71  20.20  20.17  20.56  19.81  20.35  20.79  20.30  21.38  19.87  20.73  19.63  19.40  19.53  20.70  20.27  20.95  20.43  21.36  21.13  20.17  20.85  21.42  19.81  21.33  

0
19.11  20.71  20.40  21.22  20.66  20.73  20.64  20.75  20.47  21.26  20.22  20.27  20.46  20.82  21.45  20.46  20.10  20.94  20.16  20.90  20.64  20.65  20.89  20.45  20.98  21.04  20.97  20.15  19.69  19.86  20.95  20.94  20.46  21.23  20.49  20.30  18.29  20.80  21.46  20.57  20.47  21.20  20.31  21.20  21.36  20.86  20.36  20.06  21.28  20.11  20.48  20.71  19.18  21.23  20.90  21.80  21.07  21.31  20.83  20.85  20.65  20.47  20.85  20.12  

0
19.70  20.10  20.22  19.95  20.15  21.15  21.28  20.26  20.32  20.89  21.42  20.34  19.70  20.26  20.57  20.75  20.20  20.39  19.76  20.39  21.25  20.51  20.54  20.62  20.21  20.27  20.50  20.55  20.71  21.08  20.64  21.67  20.42  20.17  19.84  19.81  19.73  20.76  20.36  21.15  21.48  21.05  20.16  20.73  20.97  21.70  20.32  21.40  20.94  21.70  21.61  20.05  18.86  20.26  20.29  20.30  21.62  21.51  20.91  20.69  20.21  20.72  20.00  21.36  

0
20.02  20.83  21.03  20.33  19.56  21.75  20.05  20.95  20.34  20.35  21.32  20.59  19.83  21.58  21.29  20.12  20.35  20.01  20.02  20.29  20.18  20.73  20.76  20.94  20.85  21.32  20.94  20.78  20.02  20.09  20.93  20.91  21.14  20.44  20.58  20.51  18.27  21.20  21.02  21.77  20.76  20.53  21.76  21.18  20.63  21.21  19.77  21.57  20.21  20.49  20.97  20.93  19.85  21.43  20.98  20.65  21.05  21.05  20.93  21.19  20.49  21.17  20.67  21.19  

0
20.67  19.99  20.93  21.34  20.90  20.96  20.08  20.41  20.36  20.82  21.23  21.20  20.94  21.47  21.17  21.43  19.97  20.55  20.28  20.32  20.96  20.97  20.58  20.97  21.09  21.65  20.97  22.00  20.40  19.86  19.97  21.71  20.46  21.10  20.00  20.76  18.13  21.23  20.72  20.98  21.31  20.55  20.84  21.09  20.77  20.61  20.08  20.37  21.72  21.07  21.39  20.83  19.18  20.07  21.68  20.67  21.42  21.20  21.07  20.72  20.38  21.19  19.55  19.75  

0
21.70  20.24  20.49  20.81  20.74  20.57  20.95  20.48  21.00  21.00  20.86  21.28  20.54  21.82  20.99  21.23  21.29  20.00  20.72  21.20  20.82  20.30  20.95  20.93  20.63  22.03  20.50  20.33  21.40  20.96  21.19  22.13  20.99  20.68  20.57  20.83  19.73  21.93  20.58  20.84  21.06  20.30  20.27  21.28  21.21  21.57  21.30  20.79  20.20  21.30  20.96  21.04  20.26  21.07  20.63  21.42  21.04  20.46  21.51  21.18  20.87  21.73  21.79  20.63  

0
21.27  20.70  21.31  20.22  21.48  20.95  20.52  21.08  20.91  20.58  20.43  21.65  20.33  21.98  22.14  20.93  20.36  20.41  20.75  20.65  21.49  21.27  20.87  20.75  20.65  21.64  21.92  19.80  20.62  20.23  21.77  22.61  21.58  20.71  20.71  21.20  19.27  21.43  20.71  21.78  20.88  20.65  21.56  20.86  21.23  20.72  20.07  20.82  21.86  21.05  21.76  21.07  20.14  21.10  20.54  21.56  21.64  21.18  21.77  21.57  21.42  20.89  21.65  22.29  

0
20.81  20.70  20.65  21.08  20.65  21.30  19.95  21.30  21.25  20.81  20.99  21.54  21.41  20.81  22.97  20.93  21.05  20.93  21.11  21.46  20.73  20.85  20.67  20.64  21.07  21.74  21.28  20.35  20.73  21.11  21.36  20.93  20.87  21.09  20.59  20.63  19.27  21.32  22.08  21.27  21.81  21.40  21.46  20.86  21.23  21.60  21.05  20.66  21.86  21.60  20.73  21.80  19.86  21.56  20.77  22.12  20.94  20.95  21.77  21.08  20.63  21.03  21.65  21.75  

0
20.18  20.26  20.90  20.45  20.87  21.75  21.86  21.40  20.34  21.68  20.53  21.06  21.28  21.06  21.85  21.40  20.08  21.68  20.62  21.45  20.61  21.47  21.17  20.42  20.54  21.32  21.16  20.78  20.14  20.59  20.65  21.84  20.43  20.82  21.18  20.96  17.94  21.42  21.12  21.06  21.49  21.17  20.18  19.96  21.10  20.96  20.33  21.72  20.51  20.77  21.49  21.30  20.13  21.89  21.88  21.99  21.40  21.98  21.64  21.56  21.54  21.60  20.99  21.37  

0
21.88  20.84  20.91  20.96  20.77  21.18  21.42  21.19  21.02  20.92  21.11  21.30  20.57  21.72  21.44  20.93  19.95  19.77  21.35  20.88  20.84  21.69  21.08  21.87  21.07  21.33  20.95  20.79  21.31  20.86  20.80  21.39  21.58  20.45  21.31  21.42  18.94  21.22  21.13  20.76  20.98  20.43  20.93  21.52  21.47  20.72  20.07  20.66  21.27  21.19  21.38  20.82  20.97  20.29  21.11  20.89  21.41  21.53  20.82  21.45  22.47  21.75  21.00  22.47  

0
20.15  20.37  21.66  21.05  20.25  20.44  20.93  21.27  20.98  21.21  21.07  21.61  20.53  21.16  20.84  21.21  21.42  21.27  20.59  20.61  21.02  20.28  20.94  21.33  20.41  20.68  20.38  20.53  21.74  20.82  20.48  21.20  20.83  20.67  21.15  19.91  18.57  21.50  21.10  21.44  21.46  20.50  21.32  21.04  21.08  20.68  20.73  20.47  20.63  21.83  20.82  21.52  19.40  20.48  21.18  21.41  21.26  21.38  21.02  21.29  21.52  22.15  21.29  21.35  

0
22.01  20.53  21.15  21.43  20.86  20.80  20.27  21.28  20.66  21.67  21.31  20.70  19.82  21.43  21.13  20.42  19.93  21.79  20.72  20.39  20.82  21.14  21.66  21.34  20.42  21.21  20.93  20.88  20.94  20.58  20.36  21.06  20.13  20.43  21.41  20.27  18.58  21.62  21.43  20.33  21.16  20.73  21.01  20.84  20.97  20.95  20.32  20.49  20.94  20.89  22.12  21.41  19.56  21.42  21.08  21.76  21.85  20.46  21.63  21.06  20.34  21.87  20.00  21.18  

0
21.13  20.14  21.06  20.60  21.37  21.54  20.53  20.29  20.36  21.26  20.10  21.78  19.98  20.69  20.89  20.63  19.97  21.07  21.00  20.67  21.07  20.97  20.58  20.55  21.40  20.83  21.29  20.80  19.81  19.99  19.41  20.63  20.03  20.97  20.24  20.98  18.95  21.23  21.04  21.39  21.51  20.77  20.94  20.76  20.06  21.11  20.22  20.37  20.69  20.79  21.00  20.46  19.32  21.23  20.90  20.45  20.84  21.66  20.83  20.97  21.44  20.32  20.04  21.04  

0
20.62  20.66  20.34  21.54  21.08  21.14  20.14  21.27  20.65  20.77  20.62  21.26  20.17  20.90  21.26  21.37  20.33  20.63  20.59  20.73  20.37  21.13  20.83  20.91  20.41  20.99  20.81  19.76  20.46  19.94  20.48  21.66  19.84  21.17  19.10  21.27  18.74  21.07  21.41  21.03  21.05  20.50  20.79  21.15  20.01  21.06  20.03  20.93  21.08  19.92  20.82  21.52  19.96  21.52  20.73  20.85  21.14  20.91  21.38  21.41  21.25  21.86  21.29  22.79  

0
20.94  20.96  20.36  20.32  19.91  20.80  20.61  21.16  20.44  20.56  20.86  19.87  20.54  21.30  20.71  20.91  20.06  20.26  20.49  21.32  20.60  20.93  21.05  20.82  20.63  20.17  20.28  21.31  20.71  20.96  21.19  20.44  20.13  20.93  20.69  20.27  19.73  20.44  20.90  20.53  21.06  21.37  20.80  20.17  21.21  21.20  20.32  21.10  21.39  19.93  21.74  20.79  19.84  20.38  20.97  21.31  20.92  20.46  21.03  20.81  21.14  21.44  21.14  22.98  

0
20.63  20.24  20.22  21.06  20.86  20.92  19.58  20.83  21.11  20.89  20.63  20.58  20.18  21.30  20.28  21.07  20.61  21.28  21.44  20.74  20.38  21.56  20.64  20.82  20.10  21.21  21.25  20.88  20.12  20.71  20.22  21.06  19.99  20.30  20.21  20.95  17.92  21.19  20.58  20.63  20.96  20.30  21.22  21.06  20.62  20.95  20.60  20.94  20.20  19.79  20.96  21.04  19.84  20.14  20.74  20.75  19.98  20.34  20.91  21.18  20.61  21.15  20.16  20.27  

0
20.33  20.26  20.37  19.83  20.52  21.05  20.28  21.06  21.01  20.68  20.64  20.59  21.40  21.06  21.99  20.28  19.94  21.80  20.26  20.99  21.58  20.63  20.76  20.94  20.43  21.63  20.62  20.34  20.60  20.22  21.48  21.68  21.43  20.06  20.70  20.62  19.25  20.88  20.38  20.44  21.49  20.10  21.24  19.96  20.98  20.58  20.47  21.11  20.51  20.77  21.36  20.93  20.55  20.97  20.53  20.99  20.93  21.63  21.16  21.92  20.22  21.31  20.18  20.10  

0
20.80  19.97  20.10  21.19  20.75  20.82  20.51  20.61  21.57  20.23  20.42  20.36  20.07  20.93  19.87  20.76  21.17  20.27  20.26  19.71  20.83  20.31  20.45  21.45  20.64  20.49  21.37  20.34  20.49  21.60  19.81  20.91  20.15  20.57  20.22  20.28  19.25  20.99  21.23  21.36  20.86  20.85  21.66  20.41  21.45  20.45  20.47  20.65  20.66  21.18  20.97  20.19  18.73  20.97  21.09  20.31  21.40  20.82  21.16  20.95  20.75  21.17  20.34  21.73  

0
20.44  20.06  20.58  20.65  20.23  19.94  20.00  20.56  20.40  20.97  20.48  21.24  19.90  20.09  19.82  21.19  20.44  20.60  20.57  20.82  20.24  21.84  19.98  20.58  20.80  20.96  20.68  20.84  20.67  20.29  20.88  20.55  20.95  19.75  20.65  20.79  19.53  20.73  20.54  21.01  21.65  21.02  20.34  20.80  20.93  20.53  20.70  19.83  20.46  20.17  20.14  21.74  19.80  21.27  21.27  20.37  20.41  21.58  21.11  21.38  19.90  19.51  20.62  20.05  

0
20.49  21.11  19.97  20.95  20.40  21.05  20.62  21.18  20.22  20.46  20.64  20.59  20.32  20.40  20.58  20.12  19.53  20.53  20.86  20.76  20.72  20.94  20.65  20.53  20.64  20.91  20.40  19.90  20.49  20.09  20.37  20.76  21.00  20.69  20.34  21.07  19.25  20.88  20.27  20.75  21.18  20.96  20.60  21.40  20.51  20.71  20.89  19.73  20.21  20.77  20.71  20.44  19.43  20.85  21.21  20.76  21.86  21.05  21.88  20.95  20.62  20.44  19.52  20.65  

0
20.46  20.95  20.61  20.92  20.96  19.73  20.14  20.81  20.98  20.66  20.28  20.33  21.01  21.03  20.70  21.37  20.33  20.76  19.99  21.42  20.70  20.07  20.83  20.30  20.72  20.88  19.94  20.64  19.88  20.19  19.78  20.73  20.98  20.54  20.67  20.48  18.90  21.07  20.99  20.21  21.05  21.04  21.00  20.82  20.60  20.30  19.18  18.77  20.34  20.19  20.56  21.27  19.40  20.60  20.39  20.96  20.79  20.80  20.66  20.43  19.40  20.42  20.80  19.89  

0
20.96  20.41  20.25  20.84  20.53  20.48  20.75  20.28  21.25  20.92  21.44  21.07  20.69  21.33  20.59  21.25  20.36  20.41  20.63  20.77  20.84  21.48  20.56  20.23  21.49  21.13  20.52  20.24  19.68  21.49  21.36  21.08  21.44  20.32  21.07  20.63  19.10  20.90  21.03  21.07  21.61  20.54  20.83  20.75  20.88  20.72  22.29  21.58  20.52  20.92  21.25  19.95  19.72  20.64  20.88  20.55  20.71  21.53  21.30  19.97  20.76  21.18  20.03  22.29  

0
21.26  20.54  19.97  20.58  21.46  21.05  19.71  20.95  21.34  20.23  21.21  20.94  20.44  21.19  21.71  21.88  20.49  21.04  20.50  20.18  20.72  21.26  21.06  20.32  20.43  20.70  21.05  21.00  20.95  20.85  20.93  22.29  20.72  20.57  20.34  20.16  19.58  21.84  20.70  21.26  21.18  20.31  21.66  20.41  21.22  20.83  19.91  22.02  20.96  21.18  20.71  20.81  19.85  20.39  20.64  21.21  21.51  21.63  20.32  21.19  20.49  21.31  20.34  22.99  

0
20.81  20.56  20.91  20.47  20.77  20.95  20.75  21.98  21.47  21.25  21.11  21.54  21.41  20.81  20.17  21.25  19.40  20.67  20.63  20.42  20.84  20.96  20.36  20.75  20.86  20.82  21.60  20.57  20.62  21.24  21.22  20.93  21.16  20.32  20.47  20.63  17.95  20.79  20.50  20.76  21.19  20.76  21.14  20.97  20.76  20.47  19.93  22.33  20.08  20.37  20.73  21.07  19.44  21.33  20.66  21.11  21.52  20.83  21.30  21.20  21.69  21.32  20.84  21.02  

0
20.91  20.22  20.46  20.66  20.36  20.90  20.69  21.25  21.75  19.86  19.93  21.60  20.40  21.67  21.39  20.40  20.31  20.49  20.58  20.95  20.47  20.91  20.92  20.90  19.97  21.39  20.58  20.52  21.26  21.44  20.75  21.34  21.39  20.15  21.02  21.60  18.89  21.91  21.08  20.71  21.14  20.81  20.88  20.70  19.76  20.42  19.88  21.07  20.77  21.00  20.68  21.26  19.81  21.28  21.28  20.72  20.78  21.13  21.13  21.40  21.90  22.56  20.63  21.33  

0
20.95  20.69  20.24  20.08  20.75  21.17  20.28  21.06  20.90  21.24  20.98  21.06  21.40  21.32  21.29  21.24  19.66  20.91  20.14  20.29  20.61  20.94  21.47  20.84  20.85  21.11  21.91  20.78  20.37  19.96  20.79  20.45  21.57  20.82  21.18  21.63  18.60  20.88  20.48  21.36  21.49  20.64  20.81  20.96  20.75  20.71  20.62  20.65  21.70  21.58  21.10  21.18  20.68  20.74  20.76  20.99  20.58  21.17  21.28  21.31  21.80  20.30  21.15  20.46  

0
21.59  20.43  21.19  20.97  21.37  20.96  19.96  21.54  20.70  21.38  20.90  21.78  21.42  21.34  22.15  21.59  20.24  20.81  21.12  21.01  20.86  21.28  20.58  21.07  20.35  21.14  20.75  20.70  20.28  20.24  21.78  20.17  21.45  21.48  20.61  20.76  19.28  21.23  21.25  20.67  21.31  21.20  21.58  20.87  19.82  20.48  20.92  22.35  21.28  21.47  21.13  21.45  19.60  20.76  21.12  21.91  21.19  21.20  21.67  21.22  21.70  21.33  21.02  22.30  

0
22.16  20.24  21.02  20.32  20.26  20.34  20.61  20.60  21.00  21.12  20.97  21.63  21.15  20.26  20.99  21.39  21.16  19.61  20.25  21.32  20.82  21.25  20.64  20.10  20.10  20.58  20.39  20.11  20.48  20.46  20.50  20.13  21.69  21.31  20.33  21.17  18.42  20.98  21.32  21.56  21.27  20.30  20.38  21.39  21.09  20.69  21.02  19.87  20.80  21.30  21.35  20.92  19.56  20.61  20.41  20.41  21.62  21.27  20.67  21.30  20.34  21.01  19.51  21.36  

0
21.42  19.98  20.91  20.84  20.53  20.71  21.65  20.85  21.02  20.81  20.32  20.49  20.57  21.20  20.88  20.45  20.36  20.03  20.99  21.23  21.60  20.96  20.46  21.26  20.23  21.13  21.38  20.13  20.62  20.35  20.38  20.46  20.59  21.34  20.83  20.63  18.94  21.53  21.45  21.27  19.93  20.43  21.04  21.30  20.40  21.47  20.77  19.43  20.38  20.51  20.47  21.92  19.30  20.98  20.32  21.89  21.29  21.65  21.30  21.20  20.50  21.75  19.37  20.11  

0
21.22  20.65  20.20  21.77  20.48  20.43  21.26  20.46  20.97  20.98  20.04  21.02  21.12  21.02  20.97  20.88  20.72  20.87  21.06  21.18  20.79  21.12  21.33  20.70  20.50  20.77  20.90  20.52  20.80  20.56  20.33  21.80  20.68  20.91  20.54  20.69  18.89  20.63  20.66  21.12  20.72  20.71  20.78  20.92  20.12  21.05  20.86  21.22  21.07  21.00  22.10  20.77  19.25  20.82  20.83  21.62  20.66  21.36  20.89  21.27  21.11  20.84  21.44  22.95  
