Start of this file: 14:22:32 01/05/2017

  24.12  21.33  20.39  220.31  21.09  21.05  20.41  19.67  19.84  20.41  20.53  20.77  20.75  20.44à0
20.50  20.27  19.72  20.59  20.41  20.95  20.75  20.85  20.46  20.25  19.98  20.14  20.33  21.59  20.17  20.45  19.95  21.18  20.87  20.77  21.49  20.96  20.67  20.23  21.18  21.54  20.20  20.46  19.92  20.35  21.49  19.84  20.87  20.71  20.23  20.18  18.61  20.68  21.45  20.25  20.88  20.43  20.72  20.64  20.52  20.85  21.19  20.36  21.41  21.05  20.34  20.57  19.44  20.64  20.54  21.22  21.29  21.18  21.18  21.20  20.23  21.32  20.03  22.11  

0
20.19  19.55  20.38  20.34  19.93  20.24  20.75  21.42  20.91  21.14  20.43  20.14  20.09  21.07  20.73  21.89  20.50  20.80  20.75  20.77  21.17  19.90  20.56  20.54  20.65  20.71  20.85  20.57  20.50  20.61  20.66  22.15  19.44  19.94  20.71  19.84  18.28  20.68  20.82  20.76  20.56  20.97  20.93  20.75  20.64  20.59  20.63  20.97  20.67  19.82  21.38  21.31  19.44  20.40  19.98  21.34  20.83  20.95  21.30  21.20  20.37  20.89  20.52  21.93  

0
21.41  20.40  19.97  20.45  20.63  20.11  19.94  20.61  20.22  20.23  20.53  21.41  20.92  21.45  21.00  20.60  19.11  19.88  20.50  20.41  21.05  21.15  19.62  20.22  20.64  20.80  20.08  20.12  20.02  20.34  20.37  21.07  19.57  20.18  20.70  20.05  18.60  20.99  20.48  20.13  20.44  20.21  21.13  19.74  21.81  20.71  19.06  22.32  20.96  20.63  20.45  21.05  19.99  21.09  20.64  20.54  21.28  20.70  21.16  21.31  21.02  20.00  21.48  20.65  

0
20.95  19.82  21.29  20.70  20.16  20.70  20.16  20.27  20.56  20.57  20.31  21.06  20.32  20.40  20.15  20.44  20.90  20.91  20.50  21.22  21.26  20.73  20.96  21.04  19.59  20.70  20.83  21.32  20.37  20.47  20.51  20.14  20.58  19.54  20.10  19.71  18.10  20.24  20.80  20.13  20.97  19.99  20.60  21.29  20.86  20.58  19.63  20.65  19.76  20.90  20.32  21.54  20.82  20.51  20.42  20.65  20.81  20.70  21.28  20.70  20.35  20.44  21.15  20.65  

0
21.12  19.40  20.91  19.97  20.65  19.54  19.49  21.08  21.13  20.58  20.77  20.25  20.33  20.55  22.00  20.77  20.09  19.90  19.91  20.88  20.30  20.75  20.87  19.82  19.81  20.92  20.63  21.01  20.03  20.10  20.80  21.85  19.01  20.83  19.87  20.63  18.45  20.79  20.92  20.25  21.09  20.76  20.51  20.53  21.11  20.59  20.21  19.90  20.08  20.78  20.99  21.43  18.74  20.40  20.43  20.89  20.24  20.48  21.30  21.20  20.37  20.31  21.00  22.64  

0
19.70  21.53  20.36  20.44  19.91  20.45  20.04  20.60  21.11  20.56  20.52  20.81  21.15  19.60  20.00  20.26  19.51  20.00  20.25  20.05  20.06  21.56  20.44  20.52  20.94  20.69  20.60  20.33  20.12  19.95  20.22  20.28  20.99  20.93  19.84  20.61  17.92  20.34  20.58  21.04  20.43  20.62  20.16  20.39  20.62  20.69  19.19  20.18  20.35  20.48  21.09  21.04  19.42  20.84  20.97  21.09  20.33  20.81  20.67  20.19  19.81  20.28  20.00  21.18  

0
21.23  20.09  20.21  21.05  20.49  20.56  20.14  20.47  19.63  20.66  20.39  21.26  20.17  20.24  20.70  20.57  19.22  21.40  19.99  20.27  21.02  21.34  19.80  20.19  20.30  20.88  20.70  20.75  20.11  19.94  19.08  20.42  21.68  20.54  21.51  20.93  17.91  20.96  20.14  20.42  21.46  21.36  20.68  20.05  20.60  20.05  19.89  18.77  20.04  20.88  20.56  21.03  19.68  20.48  20.17  20.51  20.32  20.56  19.94  20.43  20.73  20.42  19.17  19.52  

0
19.73  20.41  20.91  20.10  19.69  20.01  19.84  20.85  21.02  20.58  20.32  20.25  20.57  20.55  21.16  19.80  20.23  20.03  20.51  20.19  20.63  20.11  20.67  20.23  20.55  20.40  20.95  20.90  19.68  20.86  20.94  20.46  20.87  20.20  20.23  20.06  18.28  20.36  20.60  20.86  20.88  20.43  20.61  20.53  21.00  21.10  20.35  20.97  20.82  20.92  20.86  20.57  19.86  20.75  20.32  21.22  20.13  20.72  20.70  21.08  20.63  20.89  20.84  20.48  

0
21.22  20.79  20.33  21.03  20.48  20.90  20.47  20.69  20.30  20.31  20.27  20.55  20.88  21.41  20.97  22.31  20.18  20.62  20.46  20.25  19.59  20.80  20.41  20.49  20.60  20.87  20.25  20.52  20.33  21.18  21.17  21.18  20.96  19.12  20.06  20.01  19.22  20.31  20.66  20.61  21.04  20.49  21.09  20.70  20.83  20.29  19.73  20.46  21.21  19.77  20.55  21.02  19.67  20.23  19.81  20.95  20.78  21.36  20.77  21.15  20.71  20.40   .10  20.60  20.84  20.84  

9.36  21.12  19.33  20.92  20.21  20.82  20.14  20.87  20.54  20.89  20.59  20.48  21.77  20.22  20.10  20.60  20.84  20.84  

9.36  21.12  19.33  20.92  20.21  20.82  20.14  20.87  20.54  20.89  20.59  20.48  21.77  20.22  20.10  20.60  20.84  20.84  

0
20.22  19.57  20.14  20.86  19.84  20.74  20.66  20.54  20.49  20.61  21.47  19.93  20.23  19.91  20.19  19.18  19.84  20.18  21.01  21.26  20.00  20.35  20.69  20.26  20.15  21.36  20.87  19.61  20.29  20.00  19.57  19.71  20.47  19.58  20.50  20.32  19.13  19.85  19.99  20.89  20.59  20.46  20.53  20.22  20.90  19.73  19.95  19.92  19.80  20.81  20.62  20.72  18.20  20.31  20.57  20.80  21.09  20.16  21.08  20.86  20.39  19.75  19.56  19.03  

0
21.89  20.28  20.26  20.23  20.66  20.96  19.62  19.95  20.47  20.26  20.22  20.27  19.13  21.08  19.61  19.66  20.10  20.55  20.04  20.67  22.04  21.07  20.78  20.97  20.14  20.41  20.32  19.82  20.40  19.73  20.39  19.85  19.60  20.85  19.88  19.73  18.46  20.48  20.72  20.57  20.57  20.77  19.88  19.77  19.70  20.98  19.66  20.06  20.83  19.14  21.39  20.46  19.46  20.53  21.12  19.88  20.84  20.73  20.11  20.36  20.11  20.90  19.71  19.94  

0
20.63  18.21  20.89  20.19  20.38  20.34  20.83  20.48  20.32  19.88  20.41  19.99  20.54  20.78  19.86  21.71  19.65  20.39  20.37  20.28  19.95  20.72  20.02  20.52  20.21  20.90  20.28  20.00  19.66  20.20  20.91  20.90  20.28  20.81  19.72  20.27  17.26  20.55  20.36  20.74  20.75  20.62  20.38  19.95  20.97  21.07  19.76  20.18  20.35  20.21  20.70  20.30  19.00  20.26  20.29  20.52  20.57  20.92  20.07  20.56  20.47  21.01  20.49  21.00  

0
20.04  18.82  20.91  20.34  20.29  20.60  20.18  20.96  21.47  20.25  20.66  20.84  20.45  20.28  21.30  20.61  20.09  20.93  20.39  20.77  19.76  20.43  20.46  20.44  20.76  20.19  20.52  20.35  19.56  19.98  20.94  21.24  20.73  19.94  20.11  20.75  17.45  21.11  20.92  21.38  20.77  21.40  20.61  20.53  20.88  20.47  20.07  20.66  20.97  20.64  20.47  20.57  19.58  20.52  20.66  20.89  21.06  20.72  20.46  21.45  20.37  20.31  20.84  20.84  

0
21.91  20.01  20.67  19.50  20.79  20.86  20.09  20.88  19.58  20.16  19.89  20.28  20.23  20.31  20.90  20.48  19.84  20.44  20.30  20.33  20.65  20.77  19.97  20.15  20.47  20.95  20.66  20.82  20.18  20.25  19.99  21.11  21.18  20.09  20.14  20.54  17.48  20.71  19.77  20.58  20.90  20.57  20.85  20.33  19.83  20.49  21.07  20.69  19.95  19.71  20.88  20.60  19.61  21.59  20.57  20.80  20.27  20.86  20.60  21.23  20.26  20.91  19.07  21.05  

0
20.33  20.54  20.10  20.70  20.52  20.23  20.28  20.61  20.67  21.02  20.19  20.59  19.71  20.40  20.72  21.24  21.03  20.14  20.02  19.94  20.40  21.57  20.45  20.22  20.22  20.08  20.51  20.45  20.60  20.59  21.34  20.30  19.86  19.80  20.70  20.05  18.76  20.99  20.91  20.44  20.86  20.85  20.71  19.85  19.68  20.07  20.19  20.50  21.25  20.77  21.88  20.68  19.15  20.51  20.87  20.87  21.28  20.94  20.45  19.21  20.09  21.45  20.34  20.46  

0
20.68  20.58  20.28  21.35  20.79  20.86  20.20  20.54  20.82  21.05  20.34  20.28  20.11  20.18  21.47  19.67  19.98  21.21  20.54  20.33  21.30  20.24  20.28  21.08  20.68  21.15  20.44  19.61  19.94  20.51  18.72  20.64  20.61  19.97  20.50  20.43  19.13  21.24  20.74  20.58  21.42  21.00  20.75  19.67  21.37  20.11  19.67  19.30  20.85  20.81  21.27  20.97  19.75  21.24  20.68  20.91  20.97  21.56  20.72  20.74  21.19  20.48  20.70  21.05  

0
20.35  19.40  20.25  20.34  19.69  20.01  20.06  20.51  20.46  20.25  20.99  20.72  19.84  20.55  20.02  20.13  20.50  20.67  19.91  20.19  20.84  21.17  20.36  20.54  19.92  21.13  20.41  19.80  20.27  20.35  20.66  19.84  20.59  20.83  19.51  20.63  17.45  20.68  19.64  20.56  21.19  20.43  20.40  20.20  19.93  19.96  19.64  19.74  20.38  20.92  20.21  20.94  20.00  20.87  20.77  20.44  20.94  21.18  20.58  20.59  19.84  20.60  20.03  19.56  

0
21.27  20.99  20.25  20.84  19.93  20.13  19.84  20.17  19.90  20.47  20.99  20.02  20.69  20.94  19.60  21.09  19.68  20.54  21.23  19.72  20.63  20.75  20.26  20.23  20.55  20.92  20.20  19.47  19.45  20.98  19.54  20.62  20.87  20.45  19.75  20.29  18.28  20.04  19.64  20.97  20.77  19.79  20.40  19.87  20.76  20.72  19.64  19.12  21.12  21.19  21.12  20.32  19.72  20.29  20.21  20.32  20.59  20.25  19.85  21.81  20.90  18.99  19.37  19.93  

0
21.08  19.94  20.61  19.43  20.49  21.14  20.59  21.04  20.20  20.66  20.28  20.57  20.41  20.11  20.41  20.89  19.36  20.63  20.47  19.80  20.70  20.50  20.42  20.19  20.30  20.47  19.61  20.53  20.23  20.69  19.64  21.50  20.98  20.79  20.31  20.48  18.24  20.43  20.25  20.83  20.52  20.07  20.79  20.49  20.13  20.55  20.17  20.78  19.44  20.60  21.21  20.41  19.54  20.71  20.28  20.74  20.56  21.03  21.26  22.38  20.99  19.98  20.64  22.25  

0
20.35  20.27  20.38  20.47  20.65  21.06  19.72  20.85  20.57  21.14  20.09  20.95  20.69  20.94  21.16  20.13  20.50  20.54  20.87  20.77  20.63  21.27  20.67  19.92  21.07  20.82  20.74  20.46  19.56  20.10  21.22  20.46  20.02  20.20  20.23  21.08  18.61  20.90  20.07  21.07  20.56  20.86  20.19  20.97  20.40  20.09  20.77  20.97  20.67  21.05  19.81  20.20  20.28  20.87  21.11  20.66  20.36  21.07  21.06  20.71  21.16  21.75  21.00  22.47  

0
20.49  18.81  20.10  21.07  20.63  21.17  19.71  20.95  20.56  20.68  20.08  20.94  21.52  20.14  20.72  21.08  19.53  19.62  20.02  21.33  20.40  20.84  20.45  20.11  20.33  20.80  20.73  20.01  20.60  20.09  20.23  20.91  19.57  20.31  20.46  20.51  18.10  21.31  19.84  20.95  20.34  20.42  21.86  20.85  20.63  20.33  20.05  21.11  19.61  20.63  20.71  20.81  20.27  21.55  20.31  20.76  20.46  21.75  21.52  20.95  20.35  20.44  21.80  20.65  

0
20.20  20.86  20.53  20.36  19.34  21.19  20.42  20.41  20.92  20.71  20.10  20.85  20.22  20.03  20.61  19.33  19.41  20.17  20.28  20.43  20.20  20.65  20.47  19.93  20.67  20.21  20.21  20.15  20.28  20.75  20.95  20.32  20.60  20.97  20.00  20.19  17.46  20.80  20.72  20.26  20.57  20.66  21.05  21.42  20.65  20.61  19.94  20.98  19.49  21.61  20.22  20.09  19.32  20.18  20.22  20.45  21.19  20.50  21.07  20.48  20.51  20.03  20.69  21.22  

0
20.81  20.99  20.12  21.21  19.57  20.71  20.97  20.74  20.80  19.91  20.32  21.30  20.45  19.62  20.88  21.57  19.95  20.67  20.51  20.88  20.08  20.96  20.87  20.64  20.55  20.19  20.31  20.02  19.21  20.61  20.66  21.08  20.02  19.68  19.63  20.75  18.28  20.58  21.35  20.86  20.98  19.89  20.61  20.31  20.76  20.21  20.63  20.36  19.93  20.92  20.86  20.20  19.16  20.64  20.32  20.32  20.48  21.53  20.46  19.48  20.76  20.60  20.52  20.29  

0
19.74  20.14  19.33  20.97  19.58  21.54  20.64  20.41  20.70  20.82  21.23  21.20  21.42  20.16  19.46  19.66  20.38  21.07  20.52  20.67  20.10  20.44  19.96  20.14  20.56  21.55  21.07  20.26  20.28  20.11  20.11  20.32  19.74  20.72  20.00  20.42  17.30  20.48  20.40  20.57  20.57  20.01  20.10  21.20  20.30  20.10  19.66  19.29  19.94  20.25  19.82  19.96  19.18  21.46  19.99  20.90  21.19  20.50  20.83  20.72  20.65  20.32  20.53  20.67  

0
20.99  19.14  20.14  20.00  20.32  20.62  20.43  19.96  20.60  20.50  20.91  20.40  20.35  20.04  21.04  21.28  20.94  21.08  20.89  20.33  20.00  20.66  20.69  20.36  20.47  21.26  19.79  21.25  19.59  19.87  19.57  20.80  21.04  20.99  19.65  20.88  18.14  20.49  20.10  20.17  20.59  20.89  20.32  20.56  20.55  20.24  20.09  19.77  19.80  20.94  20.88  20.35  19.33  20.19  20.57  20.35  20.62  21.09  20.60  20.86  20.26  19.90  19.72  20.32  

0
19.26  19.55  19.72  20.10  20.29  20.36  19.49  20.51  19.67  20.69  19.64  20.02  20.09  20.55  21.30  20.93  20.23  21.56  20.39  21.11  19.86  20.85  20.05  20.54  19.70  20.61  19.98  20.46  19.80  19.98  19.68  21.08  20.73  19.17  20.59  20.29  17.78  20.90  20.50  20.45  19.93  20.54  20.30  20.09  19.45  20.34  20.49  18.65  19.48  19.82  20.86  21.07  19.02  19.82  20.99  20.66  20.94  20.60  20.46  21.45  20.90  19.72  19.53  18.07  

0
20.49  19.68  20.63  21.07  20.87  20.70  19.82  20.61  19.77  20.46  20.64  20.82  19.71  21.06  20.58  20.44  21.03  21.17  21.21  19.94  20.40  20.20  20.35  20.32  19.90  19.66  20.40  20.12  19.20  19.96  20.93  21.38  20.00  19.93  20.58  21.63  19.09  20.35  20.27  20.65  19.60  20.64  21.02  19.52  20.15  20.33  20.05  20.96  18.71  19.67  19.27  19.94  19.71  20.51  20.53  19.97  20.58  20.82  20.45  21.19  19.96  21.02  21.64  20.10  

0
20.17  19.81  19.69  20.69  20.74  20.69  19.70  20.60  20.32  19.77  20.18  20.11  19.82  20.65  20.85  20.10  20.61  20.90  21.20  20.63  20.60  20.40  20.13  19.79  20.00  20.38  20.39  20.44  20.71  19.70  21.33  20.44  20.28  19.66  21.41  20.83  18.09  20.44  20.26  20.63  20.01  20.41  21.01  21.06  19.90  19.68  20.18  20.94  20.20  20.21  20.57  20.30  19.28  20.49  20.97  20.41  19.98  21.04  19.95  21.42  20.34  20.14  19.51  21.18  

0
19.73  20.27  20.65  21.82  21.12  20.95  20.29  20.96  20.35  19.34  20.43  20.37  20.33  20.55  21.02  20.77  20.64  21.05  20.39  21.46  20.41  20.64  19.63  20.33  19.92  19.98  20.41  20.24  19.92  20.86  20.66  21.08  20.02  20.20  20.95  20.86  18.94  20.36  20.28  20.66  20.67  20.33  20.93  19.53  20.40  19.83  20.07  19.90  20.82  20.78  19.68  20.94  19.44  20.98  20.54  20.77  21.29  21.18  21.18  21.57  19.43  20.60  20.68  21.93  

0
20.19  19.55  20.65  21.45  21.24  21.06  20.86  20.40  20.35  20.81  20.09  19.90  20.81  20.02  20.17  20.45  20.91  21.05  20.87  21.00  21.70  20.11  20.26  19.82  19.92  20.51  20.85  19.58  20.27  20.73  20.52  20.62  20.73  20.32  21.31  20.52  19.76  20.15  20.28  20.56  20.98  20.76  20.51  20.75  20.40  19.96  20.91  20.51  21.12  20.37  20.34  20.45  20.84  19.94  20.66  20.66  20.48  20.95  20.10  21.08  20.10  20.89  19.86  20.11  

0
20.66  19.55  20.65  21.08  20.53  20.95  19.61  20.85  20.46  19.68  20.66  20.02  20.57  20.68  20.31  20.13  21.59  20.28  21.35  21.00  21.17  21.17  20.87  19.61  20.23  20.09  20.31  19.58  20.73  20.86  20.24  20.62  20.02  20.45  20.23  20.75  18.11  20.79  20.60  20.97  20.25  20.97  19.66  20.97  20.17  20.09  19.78  20.51  20.67  20.23  20.34  19.83  19.30  20.64  21.11  19.98  20.36  21.07  21.18  20.59  20.76  19.58  20.84  19.56  

0
20.37  20.58  20.28  21.72  21.50  21.09  21.00  20.76  19.81  19.82  19.78  20.51  20.47  20.18  20.33  19.18  20.66  20.82  20.42  20.91  20.76  21.30  20.49  21.18  21.41  20.74  20.33  19.72  20.29  20.00  19.71  19.24  21.04  19.32  21.34  20.77  17.31  20.49  20.10  20.68  21.21  21.21  20.75  20.78  20.07  21.12  19.95  20.08  21.00  19.98  21.01  20.47  19.61  20.66  20.80  20.69  20.03  20.16  20.84  19.75  20.79  20.19  19.23  20.32  

0
20.05  20.43  19.19  20.73  20.90  21.43  20.64  20.64  20.25  19.58  19.99  20.50  20.10  20.43  19.89  20.79  20.38  21.45  20.40  21.01  20.42  21.07  20.68  20.66  20.04  20.93  20.32  20.15  19.34  20.49  20.25  19.70  19.31  20.08  20.61  20.53  18.13  20.70  20.30  21.29  20.36  20.88  20.52  19.54  20.18  19.59  19.94  19.91  20.54  20.52  20.48  20.34  19.60  19.71  20.67  20.34  20.84  20.85  19.87  21.22  19.58  20.03  20.04  19.02  

0
20.06  20.15  21.20  20.74  20.79  20.97  20.66  20.65  20.04  20.61  20.23  20.75  20.35  20.83  20.48  20.15  21.48  20.82  21.37  21.49  21.62  21.72  20.80  20.26  20.05  20.01  20.87  20.27  19.94  20.38  20.27  20.95  19.90  20.60  20.50  21.11  19.13  20.39  20.31  20.07  19.43  20.78  20.75  21.00  20.31  20.37  20.23  20.08  21.14  20.94  20.75  20.35  18.91  20.78  21.13  21.02  21.09  20.27  20.24  20.49  20.13  20.48  21.67  20.50  

0
21.58  19.84  20.91  21.94  21.48  22.11  22.43  21.42  19.56  20.13  19.75  20.49  20.69  20.02  21.58  20.77  21.73  21.94  21.46  21.11  21.06  20.43  20.36  20.75  20.34  20.92  19.76  19.91  20.50  20.23  20.24  21.08  19.73  20.83  20.47  20.06  17.95  19.82  21.45  21.17  20.25  21.08  20.83  20.64  19.93  20.09  21.05  19.59  19.93  20.51  20.86  20.32  18.88  20.17  19.98  20.21  19.77  20.83  20.46  20.59  20.76  20.31  18.87  20.11  

0
20.80  20.69  20.50  23.50  24.94  25.61  24.84  21.06  20.56  20.68  20.19  20.71  19.95  21.32  20.58  19.63  21.44  23.19  22.98  21.91  21.58  21.57  20.24  22.57  20.85  19.97  19.86  19.68  19.67  20.85  20.23  20.76  20.29  19.93  20.22  20.62  19.09  21.20  20.80  20.65  19.92  20.64  21.45  20.07  20.63  20.45  20.33  21.11  20.96  20.36  20.06  20.56  19.71  20.16  20.31  20.54  20.70  20.70  20.69  20.82  21.02  20.88  19.69  21.55  

0
20.67  21.85  21.45  21.59  22.08  23.50  24.75  21.88  21.37  20.37  19.88  19.56  20.46  21.08  21.31  20.46  21.60  21.83  25.08  21.47  24.57  27.59  24.81  23.20  20.56  20.52  20.86  19.82  20.51  21.12  20.11  20.79  20.89  21.35  20.37  20.76  20.09  22.18  22.62  22.10  19.84  21.20  19.88  20.10  20.30  20.98  19.52  19.45  19.79  21.20  21.52  20.96  19.18  20.76  20.56  21.68  20.61  20.50  20.95  21.46  20.25  20.47  21.02  21.22  

0
20.78  21.10  21.54  20.93  22.97  23.57  23.29  24.28  20.66  20.22  19.61  19.76  19.94  21.30  20.71  20.91  21.16  21.16  24.59  22.35  21.36  23.73  22.88  22.66  20.31  20.79  20.71  20.11  19.89  20.46  20.77  20.13  21.55  21.44  20.45  20.49  22.62  27.48  23.52  21.35  20.85  20.30  20.16  19.51  20.38  21.82  20.04  19.87  20.50  20.75  20.44  19.55  19.14  20.84  20.18  20.75  19.98  20.69  20.07  19.95  20.21  20.86  21.30  20.63  

0
21.55  20.82  21.54  22.64  24.92  28.02  25.58  23.95  21.44  25.68  23.41  20.81  20.67  20.78  20.85  20.42  20.75  21.92  21.79  22.12  22.75  25.66  23.68  23.26  20.52  23.25  21.89  20.77  19.77  20.71  20.36  20.90  20.42  21.44  21.29  20.83  21.03  23.40  25.66  22.27  20.96  20.08  20.38  20.73  21.21  19.81  20.18  20.49  19.45  20.34  20.96  21.65  20.39  21.07  22.31  20.52  19.75  21.16  21.39  20.69  21.00  19.26  19.34  20.63  

0
20.47  20.53  22.20  23.36  25.60  24.37  24.28  23.18  21.89  21.00  19.95  20.93  20.18  19.99  20.85  20.26  19.93  21.41  20.96  22.35  26.60  26.86  26.14  24.16  21.47  21.00  19.85  19.22  20.36  20.58  19.80  21.06  20.99  21.06  20.69  20.95  20.54  24.43  24.03  23.77  26.25  20.95  20.91  20.17  20.26  20.31  19.76  20.18  20.20  20.89  21.61  20.55  19.42  21.42  21.64  23.20  22.77  21.16  20.31  20.07  20.34  19.99  19.67  20.27  

0
19.87  19.68  21.03  22.65  24.71  25.50  23.41  23.63  22.34  22.34  19.85  20.82  20.44  20.01  21.15  20.92  20.63  20.40  21.09  21.91  27.82  26.57  26.44  22.37  20.12  21.42  20.40  20.12  20.02  19.84  19.53  19.83  21.28  20.69  21.18  21.52  20.55  23.72  24.25  24.87  22.01  20.31  20.60  20.30  20.51  19.82  18.92  19.73  21.40  20.77  20.84  21.05  19.01  21.89  22.10  27.09  21.74  21.29  20.69  21.31  19.56  19.27  19.36  18.80  

0
20.20  21.28  20.13  22.20  24.28  26.85  25.83  23.11  23.90  23.35  19.65  20.38  20.10  20.43  21.03  21.74  20.65  20.68  20.64  22.84  27.65  25.09  23.02  23.00  23.36  25.48  20.64  19.93  20.28  20.37  20.67  20.63  20.89  21.23  21.32  20.64  21.86  25.29  25.60  22.30  21.83  21.84  20.41  19.77  20.18  20.35  21.20  20.22  21.28  20.79  21.26  20.83  19.88  21.80  24.32  24.22  21.19  20.26  21.07  20.36  19.98  22.05  19.71  21.40  

0
20.15  19.07  20.34  21.05  23.31  25.59  26.86  26.22  23.19  21.88  19.94  20.57  20.29  20.77  21.82  21.69  19.50  20.76  19.99  21.42  25.56  26.85  27.19  24.05  22.39  23.84  21.02  21.41  19.99  20.06  21.04  21.04  20.41  20.67  20.91  21.50  23.86  25.85  22.67  23.06  23.32  25.75  21.42  20.82  21.08  21.56  20.73  20.17  20.48  20.74  20.69  20.90  19.96  22.10  23.18  22.74  24.23  24.12  21.02  20.18  19.93  20.85  20.31  22.61  

0
20.33  20.97  21.16  20.21  22.28  25.05  25.27  25.49  23.87  22.34  20.76  20.82  19.47  21.45  21.29  20.44  21.58  21.42  21.33  20.99  23.18  26.57  27.02  26.53  23.85  23.46  20.73  20.56  20.02  19.71  21.48  20.91  20.58  20.95  20.70  22.08  21.68  25.78  24.66  23.88  22.52  24.23  21.02  20.41  20.51  21.08  19.91  21.26  22.28  21.31  20.97  22.76  25.68  24.16  21.99  22.88  25.71  24.71  21.05  21.92  20.35  21.60  19.85  21.73  

0
22.35  19.56  20.66  22.07  21.72  24.40  25.19  25.30  24.98  23.03  22.12  21.43  19.37  20.56  21.45  22.54  20.51  21.32  21.48  24.53  25.61  27.19  25.88  27.52  26.19  24.19  21.82  21.68  20.51  21.00  21.23  20.48  21.03  21.48  22.39  20.98  27.59  23.02  23.97  25.68  24.28  24.56  21.68  21.09  21.48  21.36  19.66  20.98  21.13  21.20  21.52  20.71  21.40  22.94  21.46  22.13  23.83  24.84  20.59  20.97  20.38  20.90  20.37  20.85  

0
20.81  20.41  20.38  21.82  24.15  22.34  25.71  25.39  25.18  24.53  23.11  21.30  20.57  20.02  20.73  20.93  21.18  22.20  21.23  21.23  26.01  21.38  27.71  26.54  27.06  26.06  23.19  21.01  20.62  19.72  20.80  21.54  20.87  21.09  21.43  20.97  20.08  22.27  22.61  23.70  26.37  24.65  23.02  21.19  20.64  20.59  21.05  20.66  21.27  21.87  20.47  20.32  20.00  22.02  20.77  22.45  22.56  25.61  21.89  22.30  20.63  21.61  21.33  19.93  

0
20.51  19.85  20.93  20.97  24.39  20.84  22.22  26.59  24.76  24.87  24.75  21.55  19.98  20.69  20.89  19.98  21.60  21.19  20.28  20.90  24.26  21.91  23.72  26.65  26.98  26.17  25.08  22.86  20.51  20.24  21.09  20.48  21.31  20.21  20.85  21.10  19.77  21.12  22.41  23.51  26.48  27.42  24.47  21.31  20.65  20.73  19.37  19.91  20.83  20.79  20.61  20.83  20.15  22.15  21.90  21.12  23.03  23.61  20.95  21.34  20.11  20.47  20.53  20.12  

0
20.67  20.86  20.66  21.71  23.12  24.18  22.11  28.50  25.83  24.00  24.10  21.89  20.22  20.30  20.61  20.14  20.38  21.83  21.60  21.59  21.29  21.49  23.62  27.91  26.28  26.86  25.08  22.32  19.81  20.62  20.67  20.32  20.74  20.34  20.61  20.76  20.58  20.80  22.10  22.91  26.38  27.11  25.38  22.73  20.77  20.10  20.64  19.75  20.09  20.66  20.09  21.45  20.02  22.03  23.23  21.68  22.80  24.96  21.67  21.46  20.91  20.47  19.88  20.12  

0
20.98  19.99  21.06  21.10  21.96  24.06  23.00  28.08  25.94  24.76  24.54  22.24  20.10  20.43  20.46  20.14  21.20  20.68  21.36  20.90  21.29  21.91  23.52  27.23  25.89  25.48  24.56  22.11  20.16  19.99  20.39  21.40  20.60  20.59  21.09  21.32  18.79  21.44  22.10  23.71  27.17  27.42  24.78  21.97  20.42  20.48  20.36  20.22  19.49  21.34  20.61  20.71  18.75  22.83  23.99  22.68  22.92  23.38  22.85  20.97  19.58  20.47  19.55  19.75  

0
21.75  20.58  20.54  21.23  21.38  22.25  24.87  27.03  24.88  24.88  24.55  24.30  21.20  21.09  21.75  21.60  19.98  21.08  20.89  21.94  20.98  20.88  25.41  26.96  24.39  25.00  23.95  22.55  20.18  20.13  20.83  21.26  20.33  20.60  20.86  21.22  19.46  23.35  21.69  25.60  27.38  26.21  23.25  21.22  20.67  21.12  20.09  19.77  21.73  21.35  21.01  21.09  20.72  25.97  23.79  23.14  25.85  23.73  21.92  21.35  20.79  19.60  20.05  21.59  

0
20.85  19.59  20.29  20.88  20.45  22.03  27.14  24.56  24.79  23.05  24.45  21.69  19.88  20.85  22.18  22.40  21.90  20.58  21.50  21.04  22.17  22.66  27.07  24.92  25.01  24.51  25.00  22.02  19.95  20.52  20.98  20.81  21.19  20.74  20.99  20.67  22.84  22.42  26.83  26.58  25.71  23.55  24.60  21.12  20.08  20.76  20.53  20.24  21.30  20.55  20.90  21.10  23.19  24.43  23.25  25.21  23.85  22.60  21.81  21.00  21.20  20.49  21.36  21.06  

0
21.16  20.45  21.35  21.24  22.22  24.88  25.21  24.34  22.83  23.27  20.92  20.76  20.12  21.37  21.20  20.81  21.09  21.47  21.38  21.04  21.31  25.82  25.42  24.12  24.40  23.91  24.38  20.17  20.66  21.15  20.84  21.12  21.90  20.11  20.63  21.23  20.44  26.43  25.93  24.72  25.11  25.00  26.11  21.01  20.80  20.38  20.67  19.63  22.04  20.68  20.50  21.47  24.00  24.43  25.64  24.89  23.28  25.54  22.99  21.48  20.41  21.22  20.55  21.96  

0
21.45  19.14  20.41  21.11  22.79  24.53  24.33  22.90  22.93  20.72  20.57  21.21  21.20  20.31  21.75  21.28  21.89  21.33  21.49  21.37  24.89  26.01  24.22  25.20  23.27  22.69  20.76  20.49  20.18  20.51  20.96  21.26  20.90  20.99  21.10  22.68  27.75  26.62  24.70  25.20  23.48  25.70  23.15  21.33  21.26  20.37  19.67  20.69  21.73  21.21  21.40  23.76  23.45  24.87  24.22  24.88  24.18  26.85  23.91  20.12  20.66  21.20  20.87  20.87  

0
20.51  20.86  21.19  21.71  22.89  25.75  24.86  22.55  24.33  20.82  21.46  20.03  20.94  21.47  20.04  20.95  21.06  20.81  21.24  23.52  25.91  24.99  24.51  23.50  21.61  21.86  20.64  20.48  19.81  20.37  20.95  20.32  20.46  20.97  21.56  24.21  25.92  25.09  24.48  23.81  23.27  26.20  21.26  19.99  21.36  20.73  20.08  20.22  21.43  21.20  20.09  23.51  23.84  24.63  23.45  24.11  24.95  26.18  21.31  20.48  20.25  21.05  20.69  20.31  

0
20.84  19.43  20.81  21.96  24.86  26.75  25.41  22.45  22.71  19.82  20.34  20.63  21.08  20.44  21.04  20.80  20.80  21.97  21.61  23.64  26.64  25.31  24.22  24.31  22.35  22.79  20.33  20.82  20.29  20.38  20.69  20.95  21.04  20.86  20.98  24.66  26.85  24.89  25.51  23.62  24.09  27.53  20.96  20.67  21.02  20.37  20.79  19.92  21.14  20.67  20.75  22.68  22.78  24.20  23.46  24.99  26.74  25.86  21.68  21.23  20.53  20.77  21.84  20.87  

0
21.12  21.70  21.18  21.57  25.18  26.18  27.21  24.96  22.46  21.70  21.33  20.72  21.41  20.15  21.30  20.29  21.59  21.31  21.35  24.18  25.90  25.99  24.89  24.98  21.18  21.85  19.98  20.13  20.15  19.85  21.08  20.62  21.16  19.94  21.55  23.54  23.90  25.18  25.08  23.80  24.67  26.29  20.51  20.97  20.17  20.85  20.35  20.66  21.41  21.73  20.73  22.17  22.75  23.50  23.11  25.50  26.82  24.72  20.58  21.20  21.29  20.74  19.37  19.93  

0
21.86  20.24  20.89  22.40  24.92  27.04  27.29  26.02  23.97  21.23  20.52  19.99  20.06  20.39  20.28  18.96  21.56  21.66  21.67  24.16  25.26  25.46  25.36  25.54  20.94  22.64  20.39  20.00  20.71  20.46  20.50  19.50  20.56  21.19  20.81  22.52  24.81  24.95  24.14  23.77  24.04  25.04  20.91  19.17  19.78  19.81  19.48  19.87  21.54  21.03  21.74  22.27  21.64  22.79  24.61  25.05  26.47  23.68  20.43  20.07  20.47  19.84  18.35  19.72  

0
20.96  20.41  20.91  23.03  24.03  25.29  27.32  25.72  24.96  20.81  21.22  20.37  19.72  20.81  21.16  21.57  21.18  22.45  21.94  24.63  25.08  25.28  27.71  22.89  21.39  21.44  20.74  20.13  20.15  20.10  20.80  21.54  21.01  21.47  21.31  22.65  22.33  23.74  25.18  22.90  23.86  24.03  20.19  20.75  20.76  20.47  20.91  20.97  20.67  21.46  22.02  21.07  19.86  23.61  24.53  26.89  25.72  21.53  20.82  21.20  20.63  21.61  20.03  21.02  

0
20.19  20.99  22.22  22.30  23.80  26.40  27.74  24.42  25.50  20.47  20.54  21.19  20.81  20.02  20.31  20.45  20.91  21.82  21.94  23.51  24.87  26.58  25.38  22.28  20.97  21.13  21.06  20.02  20.50  20.86  21.22  22.31  20.73  20.83  22.03  21.65  23.28  24.15  23.44  23.70  23.76  20.97  20.61  20.75  21.00  21.85  20.63  20.36  21.41  20.37  20.60  20.45  19.44  23.39  24.74  25.29  22.45  21.07  20.10  21.08  21.42  20.45  20.52  21.57  

0
21.14  20.73  20.81  21.84  25.20  27.63  22.12  23.56  23.91  20.38  20.91  20.40  20.96  20.83  21.18  21.28  21.34  20.82  21.84  23.76  23.85  23.27  22.02  21.49  20.99  20.84  21.19  19.94  21.11  20.38  20.41  21.26  20.19  21.11  20.62  21.56  25.01  26.72  25.31  25.20  21.94  21.42  21.17  19.78  20.90  20.37  20.09  20.84  22.61  20.81  21.27  21.09  19.75  20.31  20.68  24.88  21.20  20.97  20.84  20.86  20.53  20.48  20.22  22.13  

0
20.58  20.78  21.65  23.70  23.30  21.95  21.50  24.27  22.10  20.55  20.28  20.33  19.31  20.62  21.23  20.53  22.07  21.26  20.47  23.36  26.08  26.46  24.17  24.85  21.67  20.58  21.14  19.88  20.69  21.06  20.60  21.00  20.10  20.53  21.15  21.39  19.83  22.45  21.53  24.46  21.58  20.51  20.16  20.94  20.60  20.29  21.54  20.74  20.90  20.58  20.67  20.65  19.38  20.60  20.28  21.63  20.79  20.68  20.77  21.28  21.10  20.82  20.27  20.92  

0
21.14  21.58  21.33  21.96  25.99  25.65  24.33  24.00  21.94  20.27  20.91  19.93  19.26  21.09  21.61  20.80  21.07  21.46  20.78  22.17  22.05  25.31  22.93  21.39  20.58  21.05  20.76  20.49  20.41  20.13  20.96  21.11  21.46  21.11  20.74  20.77  18.47  22.40  20.31  20.58  20.59  21.10  20.53  20.33  20.43  19.86  19.95  20.23  20.40  20.67  20.75  20.84  20.03  21.12  20.91  20.46  20.39  20.39  20.36  21.72  20.53  21.20  20.54  20.13  

0
20.82  19.71  20.93  21.46  21.49  24.63  23.99  20.98  21.15  20.93  21.01  20.38  19.13  21.86  20.32  20.46  21.33  22.59  21.60  21.24  21.29  24.89  21.70  20.45  20.35  21.45  20.43  20.04  20.86  20.87  20.81  22.32  21.59  20.59  20.97  20.98  18.46  21.76  21.04  21.29  21.72  20.77  20.52  20.21  19.94  21.11  19.66  20.22  19.94  21.61  21.39  20.34  19.18  21.34  20.10  21.24  21.07  21.20  20.59  20.85  20.11  20.61  19.38  21.94  

0
21.16  21.31  20.42  20.51  21.28  24.54  21.57  22.13  20.50  20.17  20.92  20.64  20.37  20.71  20.06  20.33  20.95  21.35  20.79  21.38  20.99  23.18  21.32  20.48  20.48  21.16  21.31  20.17  20.54  20.39  20.56  20.97  20.06  21.00  20.27  20.90  19.14  21.68  20.64  20.80  20.91  21.01  20.01  20.79  21.27  20.38  20.24  19.78  20.12  20.41  20.64  20.61  19.20  21.48  21.59  21.04  20.63  20.87  21.22  21.36  20.41  19.91  20.23  20.51  

0
21.91  20.73  20.14  20.99  21.26  23.05  21.22  21.10  21.16  20.38  19.78  21.10  20.72  19.52  20.76  18.85  20.25  21.72  21.61  21.49  21.51  21.82  20.38  20.67  19.09  20.84  20.44  20.16  21.11  20.38  20.69  19.55  20.61  20.86  20.98  20.54  18.80  20.60  20.31  21.09  20.17  21.64  20.32  20.00  19.95  20.24  19.53  19.15  20.40  21.21  21.01  20.60  19.75  20.89  20.46  20.57  20.50  21.21  20.96  20.98  20.13  20.19  20.38  19.21  

0
20.35  21.55  20.52  20.34  20.88  21.53  20.97  20.96  21.13  20.69  20.66  20.37  19.84  20.15  20.31  21.57  21.18  21.69  20.99  20.88  21.06  20.96  20.98  20.85  20.55  20.82  21.06  19.58  20.03  20.23  19.54  21.24  20.16  19.94  20.35  21.20  19.27  21.00  21.35  20.56  20.04  20.54  20.19  20.75  20.88  20.72  20.07  20.97  19.93  19.96  20.34  20.32  19.30  20.29  20.54  20.32  20.94  21.53  21.30  21.81  21.16  20.89  20.84  20.84  

0
20.69  20.45  21.21  20.88  20.09  21.57  21.46  21.57  20.95  20.06  20.24  20.29  22.16  21.50  21.20  21.13  21.90  21.98  21.86  21.96  21.42  21.52  20.60  21.09  20.90  21.27  20.23  20.61  20.77  20.64  20.14  20.81  21.19  20.62  20.27  20.78  18.65  21.78  21.07  21.01  20.07  20.47  20.97  20.46  21.03  20.88  21.22  20.40  20.56  21.09  21.54  21.10  19.20  19.86  20.58  20.92  20.16  20.99  21.22  20.26  21.07  20.78  21.69  21.78  

0
21.03  19.76  20.58  20.78  21.54  20.89  21.03  21.14  21.53  20.98  19.93  21.13  20.51  20.21  21.22  21.32  20.98  22.26  21.05  21.87  21.66  21.44  20.94  20.60  20.61  21.09  20.91  20.42  20.91  20.80  20.86  20.99  20.51  21.15  20.54  20.92  18.68  19.78  20.35  21.13  20.73  20.39  20.68  19.93  20.94  20.91  20.97  20.88  20.74  20.02  20.92  20.64  19.09  20.81  20.83  20.95  20.89  21.82  20.52  20.41  21.49  20.81  20.58  20.36  

0
19.47  20.32  20.83  21.13  20.58  20.41  20.68  21.35  21.52  20.19  20.48  21.24  21.82  20.73  21.21  20.50  21.64  21.23  21.04  21.28  20.79  20.90  20.72  20.49  19.86  20.56  20.79  19.85  19.97  19.77  20.29  20.67  21.49  21.52  20.52  21.70  17.50  21.27  21.50  21.12  20.19  21.02  20.88  20.69  19.98  20.52  19.98  20.56  20.72  20.15  20.91  20.25  20.05  19.64  20.60  20.71  20.41  20.65  21.82  21.01  20.02  20.79  19.59  21.44  

0
21.28  19.85  20.66  21.34  21.61  20.84  20.64  20.41  21.15  20.71  20.33  21.66  19.86  19.77  20.18  22.06  20.38  21.07  20.88  21.01  21.29  21.18  21.09  20.76  20.04  20.83  20.86  19.82  20.40  20.62  20.81  20.94  20.89  20.85  20.97  20.42  18.13  20.70  20.94  20.57  21.20  20.77  20.94  21.31  20.89  21.36  20.64  20.37  20.39  20.66  20.61  20.58  19.46  21.00  20.56  21.12  20.72  21.66  20.71  20.23  21.04  21.33  20.37  21.40  

0
20.51  19.71  20.13  20.97  21.49  21.43  20.08  20.64  20.47  20.03  20.10  20.62  20.22  19.64  20.61  19.33  21.47  21.58  20.76  21.47  21.39  21.28  20.89  20.55  20.77  20.31  20.64  20.04  21.10  20.62  19.41  21.09  19.89  20.85  21.68  20.87  19.12  20.16  20.30  21.08  20.57  20.34  21.26  21.42  20.65  20.35  20.50  18.98  20.24  20.66  21.26  20.21  19.18  20.53  21.01  20.79  20.49  20.73  21.19  20.36  19.31  20.90  19.71  19.75  

0
21.32  20.18  21.10  20.64  21.05  21.58  20.80  20.33  20.85  20.63  20.14  20.65  19.53  20.73  20.93  20.66  21.64  21.87  21.28  21.28  20.57  21.11  20.20  20.28  20.92  20.76  20.14  19.19  20.90  19.90  19.31  20.05  19.93  19.99  21.00  21.70  19.32  20.63  20.97  20.50  20.51  20.48  19.92  20.25  20.69  20.26  20.12  19.79  21.47  21.24  20.91  20.62  19.78  20.69  20.14  20.49  20.18  20.06  20.51  21.50  20.15  19.77  19.09  19.42  

0
21.17  20.89  20.96  20.02  20.94  21.35  20.34  21.69  20.96  20.75  20.48  20.42  20.50  20.73  20.36  20.82  20.00  20.85  21.40  20.70  21.32  21.22  20.41  20.69  20.28  21.18  20.36  19.85  20.08  20.41  19.59  20.20  20.64  20.88  20.64  21.36  19.16  21.05  20.87  21.02  20.82  20.70  19.92  20.36  21.05  20.90  20.12  21.48  20.43  20.97  20.91  20.75  19.50  20.80  20.93  20.82  20.53  20.77  20.51  20.15  21.21  20.36  20.73  20.16  

0
20.86  20.61  20.17  21.26  21.05  20.76  20.57  21.24  20.51  20.07  20.26  20.54  20.26  20.60  20.22  20.99  20.96  21.74  20.92  20.70  20.79  21.22  20.72  21.00  20.50  20.87  20.36  20.51  21.36  21.41  21.41  21.13  20.78  21.01  20.40  21.36  18.83  20.95  21.40  20.71  20.40  21.24  20.24  20.91  20.57  20.14  20.12  20.72  21.02  20.70  21.04  20.38  18.93  20.45  20.71  20.82  20.76  21.35  20.51  20.89  20.15  20.94  20.89  22.34  

0
20.53  19.72  20.41  21.96  20.79  20.50  19.86  20.99  20.26  20.27  21.13  21.56  19.87  20.44  20.33  20.64  21.21  22.10  20.89  21.26  21.08  20.98  20.18  20.77  19.94  21.67  20.66  20.27  20.88  20.76  20.55  20.33  20.76  21.24  20.26  21.11  19.78  20.60  20.52  20.58  20.59  21.32  21.27  19.78  20.78  20.87  20.37  20.54  20.70  20.94  20.49  20.47  20.03  20.31  20.34  20.23  21.32  21.44  20.72  20.61  20.53  20.77  19.56  21.59  

0
20.19  21.13  20.91  20.10  20.53  20.60  21.65  20.96  20.57  20.58  21.33  20.49  21.29  20.94  21.02  21.57  21.73  20.67  20.39  21.35  20.95  20.22  20.98  21.06  20.02  20.51  20.09  20.24  20.85  21.24  19.54  20.93  20.87  20.32  19.99  21.42  19.76  20.15  21.13  20.35  20.56  21.19  20.93  20.53  21.11  20.47  20.21  20.20  20.82  21.05  20.73  20.94  19.02  20.64  19.98  21.11  20.94  20.83  20.34  20.34  20.50  21.03  20.35  20.66  

0
20.86  19.75  20.96  21.13  20.94  20.88  20.00  21.69  21.07  20.41  20.37  20.30  20.38  20.33  21.07  20.99  21.23  20.72  21.40  21.74  21.75  20.37  20.20  20.59  20.39  20.56  20.79  20.51  20.32  20.53  21.68  20.98  20.64  20.88  20.40  20.23  18.66  21.27  20.12  21.53  20.19  20.70  20.66  20.69  20.57  20.52  20.40  19.48  20.43  21.10  20.65  21.12  20.05  21.03  20.82  21.16  20.99  21.00  20.75  21.25  20.42  21.23  19.91  20.34  

0
21.18  20.76  21.24  20.04  20.71  21.59  20.35  20.69  20.41  20.20  20.04  20.55  20.03  20.61  20.66  21.48  21.38  21.25  20.93  21.29  20.91  20.81  20.73  20.60  19.77  19.94  20.58  20.53  20.45  20.29  21.14  21.15  20.65  21.40  20.42  20.58  19.50  21.38  20.99  20.72  20.62  20.60  20.57  20.59  19.87  20.91  20.13  19.96  21.33  20.84  21.31  20.64  19.93  19.88  21.06  21.06  20.42  20.90  21.00  20.53  20.17  20.95  19.43  20.36  

0
20.28  19.93  21.13  20.56  21.21  21.27  20.95  20.37  20.44  20.45  19.95  20.46  20.05  21.16  21.39  21.50  21.27  21.14  21.67  21.78  20.82  22.09  20.55  20.84  20.64  20.39  20.39  19.23  20.24  20.95  20.05  20.55  19.82  20.41  21.04  20.72  18.70  20.88  20.69  21.16  20.96  20.74  19.96  20.40  20.97  21.06  20.44  20.45  21.65  19.77  20.17  20.66  19.81  21.07  20.41  21.09  20.80  20.81  21.50  20.92  19.79  20.40  20.61  20.02  

0
21.02  21.04  20.83  20.15  20.34  21.58  20.00  20.56  19.72  19.73  19.80  21.47  19.89  20.33  20.50  18.88  21.23  20.98  21.75  21.51  20.68  20.80  20.41  19.97  20.71  20.24  20.79  19.96  19.85  20.53  20.15  19.42  20.07  20.38  21.12  21.13  18.99  20.95  20.65  20.30  20.72  20.91  20.77  21.13  21.63  19.37  19.41  20.41  20.58  21.38  21.04  20.75  18.65  20.57  20.82  20.94  20.29  21.46  20.15  20.52  20.15  20.21  19.26  18.87  

0
20.54  19.88  20.16  21.49  20.09  21.45  20.10  20.66  20.50  19.95  20.13  20.41  20.00  20.32  20.63  20.33  21.90  22.23  21.74  21.73  20.77  21.10  21.01  21.20  20.48  20.75  20.13  20.17  21.00  20.52  20.84  20.97  21.19  20.74  19.42  21.12  18.48  20.61  20.43  20.80  20.70  20.36  19.80  19.90  20.44  21.01  19.82  21.16  20.26  20.13  20.37  20.61  19.06  20.32  20.36  20.92  21.33  20.64  20.38  21.24  20.14  20.78  19.90  20.70  

0
20.68  20.73  20.81  20.74  20.91  21.67  20.54  20.65  20.15  19.82  20.68  20.98  20.35  20.57  21.18  21.28  21.62  21.08  21.01  21.26  21.30  20.88  21.10  20.26  20.68  20.32  20.55  20.27  20.76  20.38  20.13  20.33  20.33  20.35  20.02  21.33  19.46  20.60  20.63  20.68  20.69  21.32  20.64  20.89  21.49  21.50  21.21  20.69  21.14  20.40  21.40  20.47  19.75  20.19  19.55  21.25  20.62  21.09  20.96  20.49  19.73  21.06  19.89  21.05  

0
20.27  20.35  20.46  20.91  21.32  21.14  19.45  21.04  20.43  20.66  20.28  20.80  20.53  20.49  21.94  20.53  21.53  20.75  21.07  20.61  21.99  20.72  19.71  21.23  20.20  21.00  20.49  19.88  20.23  20.81  20.60  21.00  20.95  20.40  21.03  20.59  19.34  20.54  20.04  20.74  20.43  21.37  20.27  20.05  20.24  20.04  20.00  21.20  19.86  20.58  20.93  21.14  20.22  21.52  20.85  20.74  20.90  21.03  20.77  21.03  21.10  20.38  20.43  21.64  

0
20.57  21.33  21.24  21.64  20.95  19.95  20.58  21.14  20.64  20.20  20.38  21.13  21.23  20.21  21.22  21.64  20.70  22.89  21.05  21.64  20.36  20.49  20.73  20.19  20.61  20.98  21.12  20.20  20.80  21.92  20.72  20.06  20.65  20.77  20.66  21.37  19.82  20.75  20.88  20.83  20.52  20.93  21.20  20.81  19.63  20.28  20.83  19.81  21.18  20.57  20.79  21.13  19.23  20.23  20.83  20.72  21.70  20.90  20.40  21.02  21.22  21.96  20.74  20.54  

0
21.16  20.60  21.08  20.88  20.69  20.87  20.67  21.23  20.50  20.51  20.24  21.22  20.73  20.19  21.48  20.33  21.22  21.22  21.15  21.27  20.88  20.99  20.19  20.17  19.85  20.75  20.13  21.16  20.54  20.90  21.81  20.81  20.91  20.11  20.99  20.33  18.65  21.04  21.07  21.62  20.91  20.47  20.76  20.01  20.68  19.87  19.96  20.86  20.56  20.68  20.77  20.73  19.48  20.32  20.02  20.70  20.75  20.40  20.86  20.38  20.27  20.64  21.04  21.42  

0
20.58  21.06  21.52  22.01  20.25  20.08  20.37  21.49  21.43  20.88  20.05  20.68  20.04  21.28  20.67  22.13  21.12  22.15  20.95  21.42  20.81  20.40  20.23  20.51  20.63  20.68  20.38  20.43  20.81  20.93  20.46  20.23  21.23  20.40  20.43  21.27  19.67  21.18  21.53  21.15  21.16  20.94  20.58  20.16  20.24  20.67  19.58  20.59  20.60  20.58  20.67  19.78  19.52  20.83  20.39  20.85  19.85  20.79  21.01  21.52  20.84  20.38  19.78  21.46  

0
21.48  21.04  20.96  21.13  21.05  20.29  20.00  21.58  21.30  20.19  20.93  20.42  20.02  20.86  20.36  20.50  21.37  22.37  21.16  20.24  21.00  21.22  20.92  20.07  20.18  20.76  20.57  20.73  20.55  20.53  20.01  20.82  21.07  20.63  20.40  21.70  19.97  21.37  20.65  20.81  20.51  21.24  20.45  20.25  20.93  20.90  20.68  19.79  21.32  19.32  20.91  20.75  19.78  20.69  20.26  21.16  20.88  21.81  20.87  20.64  20.55  20.79  20.57  21.25  

0
21.78  20.03  20.57  20.89  20.94  21.00  20.46  21.58  21.18  20.19  20.26  19.95  20.38  20.33  22.19  20.18  20.55  20.98  21.51  21.74  20.46  20.58  19.79  20.18  20.50  20.66  19.59  20.40  20.20  20.41  20.43  21.29  19.64  20.63  21.12  20.68  18.99  20.41  20.55  20.71  21.45  20.59  20.56  21.02  21.52  20.26  19.27  20.56  20.13  20.83  21.94  20.62  19.36  20.22  19.80  20.37  19.94  20.42  20.63  19.65  19.89  20.79  19.09  19.05  
