Start of this file: 14:26:57 01/05/2017

0
21.89  21.54  21.05  20.66  

1.41  19.81  21.35  20.34  20.97  20.69  19.96  20.89  21.14  20.58  20.61  21.08  20.10  20.83  20.60  21.54  21.05  20.66  

0
20.88  20.22  20.62  20.84  21.49  20.38  20.43  20.76  20.61  20.05  20.23  19.80  20.33  20.52  20.54  21.63  20.60  20.02  20.53  20.33  20.34  19.95  20.21  20.39  20.07  20.87  20.24  21.48  19.70  20.97  20.47  21.30  20.54  20.19  20.00  20.43  17.17  20.51  20.76  20.51  21.34  20.37  20.24  21.23  20.17  20.07  20.71  21.19  20.61  19.65  21.49  20.20  19.12  20.31  20.46  20.24  20.96  20.26  21.06  20.71  20.60  21.69  19.41  21.39  

0
21.06  20.24  21.44  20.12  19.97  21.57  19.89  21.02  19.16  20.30  19.92  20.88  20.36  20.68  19.42  21.81  18.98  19.78  19.83  21.28  20.37  20.93  20.34  20.31  20.84  20.17  20.70  20.53  20.66  20.37  20.64  20.86  20.14  19.44  20.27  21.48  17.69  20.86  20.78  20.13  21.16  21.25  21.21  20.70  21.15  20.10  21.16  20.91  21.23  19.81  21.39  21.34  19.84  19.87  20.94  21.62  20.75  21.22  20.25  21.71  21.16  20.41  20.91  23.39  

0
21.31  20.05  21.65  21.18  19.80  20.35  20.63  20.85  20.69  20.70  20.44  21.30  20.55  21.15  20.51  20.80  19.75  21.02  19.78  20.19  21.18  20.45  20.60  20.88  20.15  20.43  20.10  19.93  21.19  19.81  20.45  20.35  21.50  19.78  19.37  19.95  17.31  21.02  20.41  21.41  21.53  21.52  21.06  20.87  21.22  21.19  20.69  20.40  20.73  21.13  20.94  21.16  19.09  21.67  21.11  20.89  21.05  21.75  21.04  20.81  20.71  20.50  20.37  21.73  

0
21.37  20.82  20.52  20.74  20.57  20.87  21.36  21.24  20.86  20.98  20.60  20.53  20.72  20.94  20.85  20.21  20.90  19.13  20.07  19.77  20.91  21.35  21.16  20.93  20.63  21.72  20.81  20.64  21.01  20.50  19.66  20.55  21.27  20.21  20.63  20.46  18.85  20.75  20.57  21.26  20.74  20.93  20.69  20.59  20.32  21.24  20.88  20.76  21.37  20.91  21.64  20.35  19.84  21.15  21.16  20.94  20.87  20.76  21.80  21.71  21.16  20.41  21.07  21.60  

0
20.59  20.37  20.77  20.60  21.15  21.09  21.01  20.78  20.62  20.18  21.49  20.98  20.59  20.27  21.40  20.36  19.93  19.90  20.54  20.80  19.48  21.23  20.12  20.30  20.30  20.99  21.01  20.41  20.77  21.74  20.63  20.70  20.98  20.46  19.65  20.90  18.18  21.38  20.45  21.24  20.84  20.27  20.14  20.14  20.90  20.34  21.00  19.67  20.77  20.90  20.85  22.06  19.55  21.02  20.25  20.71  20.39  21.21  21.08  21.70  20.88  19.96  21.06  21.04  

0
22.41  19.78  20.76  21.21  20.06  21.08  19.98  20.65  21.17  20.28  19.89  21.20  19.85  19.60  21.39  20.83  20.47  20.91  20.17  21.60  20.23  20.90  20.52  20.49  20.92  20.56  19.91  19.84  19.35  19.84  20.89  20.68  20.40  19.03  20.48  20.55  19.32  20.51  20.76  20.51  21.24  21.01  20.87  20.68  20.17  20.83  20.01  20.12  20.90  20.06  21.36  20.82  18.84  20.42  20.80  20.92  21.19  20.62  21.06  21.08  20.60  20.82  21.21  21.39  

0
20.44  19.81  20.25  20.86  20.57  20.99  20.00  20.22  20.07  20.64  20.15  20.41  21.08  20.94  21.27  20.37  19.81  20.68  20.07  21.05  20.80  20.72  20.03  20.83  20.52  21.21  20.48  20.75  19.96  20.75  19.66  20.71  21.13  20.72  20.99  19.66  18.03  20.65  20.68  21.36  20.85  21.57  20.26  21.47  20.91  20.86  20.74  21.06  21.67  20.77  20.61  20.84  20.12  20.45  20.82  20.61  20.52  20.76  20.49  20.61  20.63  20.85  20.75  20.87  

0
20.61  20.69  20.79  20.38  20.10  21.12  20.24  21.14  20.76  20.65  20.72  20.89  21.34  20.30  19.87  19.74  20.64  20.44  20.56  19.90  20.49  20.20  21.18  20.02  20.74  20.70  20.28  20.32  20.32  21.01  20.65  19.79  20.86  21.12  19.92  20.58  17.54  21.19  20.90  20.45  20.86  21.05  20.38  20.82  20.21  20.37  19.49  19.85  20.94  20.51  21.01  20.48  20.41  21.04  20.72  20.96  20.65  20.89  20.14  20.99  20.91  20.86  20.43  20.15  

0
20.43  19.51  20.11  20.85  20.08  20.98  20.79  21.00  20.51  20.74  20.47  20.28  20.47  20.40  21.12  21.80  20.62  20.93  19.70  20.92  19.81  19.96  20.02  19.99  19.87  20.26  19.93  20.51  19.83  19.47  20.21  20.85  20.55  21.09  19.77  20.22  17.85  20.63  20.45  21.24  20.31  21.13  20.99  20.69  20.78  20.59  20.59  21.05  20.32  21.17  20.72  20.58  19.97  20.32  20.36  20.14  20.39  20.86  20.84  20.35  21.15  19.96  19.76  21.04  

0
20.60  19.81  20.52  20.00  20.21  20.87  20.34  19.99  21.41  20.53  20.15  20.88  21.32  19.76  20.42  22.92  19.94  20.56  19.23  20.00  20.26  20.82  20.86  20.11  19.78  20.38  19.94  20.86  21.13  20.62  21.47  21.63  19.99  20.60  20.39  20.46  18.36  20.11  20.57  20.64  20.53  20.82  20.90  20.70  20.79  20.23  21.30  21.06  20.93  19.81  21.00  20.47  19.14  20.68  20.71  20.83  20.98  21.46  21.80  21.71  21.42  21.85  21.23  22.67  

0
20.42  19.49  21.28  20.10  20.18  21.55  20.32  20.76  20.16  20.73  20.35  20.62  20.46  21.04  20.26  20.51  20.88  20.27  19.93  19.86  20.45  21.11  20.11  21.01  20.28  20.77  20.78  19.95  20.64  20.47  20.33  21.91  20.25  20.44  19.27  20.43  18.17  21.05  20.33  21.13  20.40  21.01  20.77  20.68  20.17  20.58  20.15  20.58  21.05  20.75  20.84  20.57  19.96  20.42  20.69  21.14  21.19  21.43  20.10  20.83  20.21  21.25  20.56  21.93  

0
21.39  20.84  21.07  19.90  20.24  20.43  20.03  21.04  21.44  20.78  20.63  19.97  20.51  20.44  19.88  20.72  20.38  20.84  21.53  20.03  20.07  20.11  20.47  20.85  19.91  20.71  20.61  20.00  20.57  20.90  19.96  21.35  20.59  20.37  20.17  21.05  19.04  20.35  20.60  21.38  20.24  21.06  21.13  21.50  20.34  20.89  21.60  20.94  20.81  20.25  20.76  20.87  19.73  21.63  20.96  20.97  21.47  21.02  21.11  20.76  20.39  20.87  20.12  21.26  

0
20.61  18.95  21.85  20.75  20.46  20.65  20.36  21.48  20.42  20.54  21.40  20.54  21.22  20.69  21.29  20.23  20.09  20.95  19.96  21.29  20.60  21.26  20.66  20.94  20.43  20.29  20.49  20.98  21.02  20.38  19.95  21.34  22.13  20.61  20.28  20.92  18.20  20.45  20.48  21.27  21.07  20.84  20.59  20.49  20.45  20.24  20.05  19.85  20.79  19.83  21.53  20.61  19.86  21.39  20.95  21.52  21.23  21.47  20.62  20.75  20.64  19.84  20.11  21.25  

0
20.89  20.52  20.37  20.48  19.60  20.51  19.53  21.00  21.74  20.52  20.47  20.87  20.47  20.93  21.82  21.00  20.48  20.29  20.42  20.57  20.14  21.23  21.25  20.51  20.30  20.78  20.03  20.95  20.18  19.85  20.90  20.39  19.55  20.58  20.62  20.79  18.67  21.17  20.67  21.55  21.04  21.45  21.10  20.91  20.31  20.59  20.31  20.90  20.62  20.90  21.11  20.21  19.55  20.32  20.81  21.38  20.97  21.21  21.67  20.48  21.67  21.41  21.06  21.04  

0
21.05  20.37  20.77  20.97  20.08  20.98  20.22  20.32  20.62  20.96  21.04  21.22  20.11  20.80  21.54  20.68  19.66  21.18  20.42  19.99  21.11  20.17  20.43  21.43  20.30  20.78  20.79  20.51  19.95  20.61  20.21  21.01  20.55  20.07  19.89  20.45  19.33  20.42  20.56  21.34  19.99  20.81  20.36  20.14  20.31  21.10  19.88  20.59  19.42  19.94  20.72  20.33  19.13  20.90  20.47  20.93  21.67  20.28  20.96  21.58  20.88  19.67  19.59  21.04  

0
20.91  19.81  20.65  20.74  20.21  20.99  20.57  20.79  20.30  20.53  20.37  20.65  20.48  20.94  20.14  20.37  19.81  21.20  19.59  19.89  20.15  21.35  19.62  20.83  20.63  19.65  20.91  20.20  20.31  20.37  19.80  19.62  21.27  20.72  19.78  20.34  18.52  20.54  20.57  20.54  20.95  20.82  20.90  21.03  20.56  19.97  20.18  19.68  20.78  21.05  20.48  20.60  19.42  20.91  20.71  20.49  21.10  20.53  21.33  21.10  18.89  19.53  18.94  21.23  

0
21.19  20.07  19.96  20.22  20.54  20.61  20.21  20.65  20.38  20.17  20.23  21.32  20.46  19.99  21.67  20.35  19.64  19.37  20.76  20.21  20.34  19.95  20.83  20.08  20.39  20.87  20.56  20.17  20.40  20.22  20.05  20.99  21.39  20.06  20.36  20.21  17.83  20.73  19.47  21.23  21.24  20.80  20.98  21.01  21.24  20.33  20.85  20.27  20.16  20.88  21.23  20.32  19.68  20.89  20.46  19.90  21.42  21.20  21.18  20.34  21.00  20.97  20.72  21.93  

0
20.57  20.22  21.15  20.22  19.94  20.73  20.21  21.33  20.16  20.84  20.01  20.62  21.18  20.91  20.96  21.15  20.33  20.40  20.76  21.14  20.78  20.16  20.42  20.70  20.81  20.87  20.46  20.17  20.52  20.60  21.03  21.45  20.54  19.80  20.36  20.77  17.00  20.30  20.65  21.13  20.51  21.65  20.24  21.34  21.00  21.09  20.71  21.49  20.90  19.10  21.10  20.45  18.98  20.42  20.69  21.03  20.96  20.62  20.94  21.44  21.00  20.97  20.56  21.93  

0
21.67  20.53  20.25  19.75  19.73  21.22  21.48  21.36  21.41  20.98  21.27  21.00  20.60  20.42  20.28  20.70  20.22  20.81  19.71  21.16  20.48  20.82  20.14  21.03  20.31  21.31  21.45  20.64  19.96  19.99  20.08  20.09  20.28  20.98  20.63  20.80  17.53  20.97  20.68  21.76  21.06  20.82  21.84  19.82  20.91  21.24  20.74  20.14  21.23  20.23  20.21  21.58  19.84  20.33  20.71  20.49  20.63  21.46  20.13  21.59  20.63  21.85  20.59  20.51  

0
20.44  19.38  21.18  20.62  20.21  20.76  20.46  21.02  20.52  20.53  21.50  21.11  20.48  20.02  21.41  20.21  20.08  20.68  21.03  21.16  19.82  20.50  20.96  20.11  20.31  20.48  20.70  20.42  20.08  20.24  20.22  21.63  20.28  19.96  20.27  21.02  17.69  20.97  20.25  20.54  21.27  21.04  21.11  20.15  21.15  20.35  19.61  20.76  20.03  21.32  20.87  21.09  19.42  20.91  21.61  21.73  20.63  20.88  20.73  21.10  20.63  20.41  20.10  20.69  

0
21.03  20.79  19.69  20.71  20.06  20.03  20.89  20.31  21.50  20.28  21.25  21.32  19.97  21.17  20.82  21.47  20.74  20.14  20.53  20.33  20.67  20.69  20.01  20.80  19.97  20.87  20.56  20.39  20.52  19.33  20.47  21.15  20.68  20.06  21.08  20.32  18.00  20.08  20.55  21.23  20.61  20.37  20.45  20.90  21.00  20.46  20.85  19.50  20.90  20.20  21.10  20.57  19.68  21.35  21.02  20.92  20.38  21.32  21.30  20.83  20.21  20.82  21.21  22.11  

0
20.42  20.22  20.62  20.34  19.94  20.26  21.34  20.76  20.61  20.61  21.02  20.86  21.42  20.65  20.68  20.83  20.47  20.91  20.53  20.21  20.23  20.48  20.83  20.18  21.12  20.14  20.78  20.39  20.05  20.72  20.61  19.75  20.11  19.93  19.88  20.77  17.17  20.19  20.44  20.82  21.55  20.48  20.98  20.79  20.29  20.33  20.29  20.73  20.90  20.61  20.84  19.70  20.51  20.66  21.02  21.14  20.61  21.55  20.94  21.81  20.74  20.53  19.74  20.85  

0
20.74  19.22  21.03  20.73  20.20  21.33  20.45  21.23  21.18  19.95  20.70  20.52  21.19  20.27  20.70  20.36  20.62  20.54  19.94  21.27  19.92  21.33  20.64  20.09  20.40  20.88  20.58  20.08  20.30  20.61  20.21  20.23  19.84  19.94  20.62  20.90  18.84  21.17  20.98  20.94  20.84  20.92  20.57  21.24  20.31  20.85  19.46  19.82  21.36  20.21  20.98  21.08  19.27  20.55  21.04  19.91  20.74  21.10  20.96  20.72  20.35  20.83  20.25  20.49  

0
20.59  21.09  19.84  20.97  19.96  20.86  20.22  20.78  20.84  20.40  20.70  20.87  20.59  20.27  20.41  20.68  20.48  20.03  20.42  21.04  20.36  20.17  19.50  19.68  20.30  20.68  20.03  19.85  20.42  20.36  20.35  20.39  20.84  20.20  20.50  19.88  19.98  20.53  20.67  21.14  20.73  20.70  20.89  20.47  20.19  20.34  19.46  20.90  20.32  20.76  20.98  20.71  18.85  21.13  20.13  21.38  19.68  20.40  20.84  20.48  21.15  19.08  20.25  20.86  

0
21.05  20.23  20.77  20.73  20.55  21.79  20.56  20.89  20.28  20.29  20.02  21.33  20.71  20.14  20.70  20.36  20.62  20.29  20.30  20.92  21.01  20.60  20.84  19.89  21.03  20.78  20.03  20.41  20.88  21.24  20.35  20.39  19.69  20.33  20.37  20.67  17.85  21.80  20.88  20.94  20.63  21.35  21.20  20.36  20.78  21.48  20.17  20.90  21.65  20.76  20.72  21.57  19.13  21.13  20.70  21.38  21.09  21.21  20.60  21.21  20.35  20.98  20.73  21.58  

0
21.63  20.49  20.48  21.07  19.81  21.07  21.10  20.75  21.04  20.49  20.56  20.26  21.28  21.16  20.81  20.98  21.95  21.29  20.03  20.20  20.11  20.68  20.92  20.38  21.53  20.65  20.77  20.93  20.51  20.71  21.29  20.98  21.66  20.17  21.55  20.87  18.32  20.07  21.28  21.01  20.91  20.89  20.86  20.77  20.40  19.94  21.12  21.33  21.63  21.55  20.31  20.80  20.78  21.11  23.67  22.69  21.30  21.65  22.00  19.96  20.72  20.95  20.71  22.28  

0
20.93  19.98  20.68  20.52  21.89  20.55  20.71  20.48  21.88  21.11  20.63  21.37  20.99  21.36  20.88  21.84  20.25  20.71  20.70  20.26  21.80  20.64  20.88  21.26  20.86  20.71  20.83  20.66  20.10  20.65  20.24  20.12  21.16  21.00  20.41  21.05  24.16  25.27  21.34  20.67  20.98  21.49  21.45  20.62  20.34  18.85  20.90  20.48  21.55  21.07  20.37  20.62  20.98  25.02  24.50  23.52  23.20  21.94  21.47  21.74  20.79  20.87  20.12  21.62  

0
21.51  21.23  20.37  21.22  22.79  20.86  20.33  20.32  21.29  19.84  21.26  20.75  19.98  20.67  21.40  21.96  21.03  20.93  20.90  21.38  22.93  21.65  20.43  20.61  20.61  20.88  20.90  20.41  20.53  20.23  20.49  21.01  20.98  20.46  19.89  20.90  25.66  23.79  22.98  21.75  21.46  20.16  21.10  21.13  21.14  21.10  19.74  19.82  20.47  21.98  20.85  21.57  19.69  21.82  22.26  25.33  23.84  22.14  20.84  20.60  20.75  22.41  22.03  21.04  

0
20.93  20.27  20.94  22.11  22.94  21.60  21.05  20.36  20.55  20.33  20.06  20.09  20.63  20.44  20.88  20.40  20.52  20.58  20.82  21.53  24.44  21.79  20.57  20.65  20.34  20.92  20.40  21.64  20.92  21.40  19.96  20.27  21.02  21.51  21.25  21.16  24.62  24.35  25.07  24.00  22.64  21.60  21.03  21.82  21.53  21.26  20.62  20.17  21.55  21.34  21.54  21.12  20.01  21.98  21.97  22.64  23.76  24.56  22.66  21.01  21.05  21.74  20.45  22.16  

0
20.24  19.76  22.17  21.91  22.40  21.64  21.54  21.42  20.47  20.25  20.77  20.83  20.91  20.63  21.22  20.80  20.17  20.50  20.86  20.42  26.12  22.96  22.33  21.70  20.68  20.95  20.32  20.80  20.73  19.81  20.59  20.19  21.50  21.18  20.46  21.65  22.98  22.61  23.15  23.83  22.87  22.90  21.06  20.54  20.98  21.06  21.38  20.24  20.58  21.27  20.55  20.42  21.18  24.84  21.11  20.67  21.98  25.27  23.52  20.93  20.58  20.94  20.53  21.18  

0
20.75  19.52  20.91  21.60  22.57  22.50  21.92  22.48  20.97  20.75  20.60  21.00  20.00  20.02  20.71  20.54  20.49  21.58  21.15  21.51  26.28  23.53  24.58  23.47  21.57  20.69  20.26  20.97  20.66  20.75  20.64  19.93  21.27  20.47  20.75  20.91  19.83  22.34  22.68  23.18  22.82  24.41  21.95  21.03  20.44  20.23  21.30  20.30  20.18  19.95  20.61  20.84  20.82  21.03  21.61  21.62  22.14  25.10  24.84  21.35  20.50  20.99  20.91  21.05  

0
21.38  20.69  20.66  21.24  23.39  21.35  21.15  22.16  21.54  21.21  20.39  20.31  20.86  20.69  20.58  20.39  20.23  20.83  20.20  21.98  26.80  24.46  24.30  23.38  20.74  21.32  21.03  20.87  20.44  20.89  20.65  20.10  20.01  20.10  20.76  20.92  17.87  20.77  22.27  22.49  21.69  24.42  21.65  19.72  20.69  20.11  19.63  20.77  20.50  21.33  20.88  20.73  21.11  21.96  21.84  22.63  22.61  24.21  24.16  21.60  21.30  21.15  20.76  19.97  

0
21.03  21.36  20.89  22.79  25.75  23.39  22.46  22.68  20.49  20.61  20.69  20.50  21.66  20.52  20.96  21.31  19.92  21.43  21.00  21.14  21.32  22.16  22.86  22.74  22.27  22.21  20.46  20.83  20.05  20.22  21.03  21.15  20.40  20.95  21.32  20.43  18.82  21.69  22.45  22.35  22.38  25.00  22.86  20.57  20.41  20.07  19.87  21.34  20.31  21.02  21.36  22.04  22.84  21.81  22.36  22.92  23.60  23.50  24.01  21.93  21.13  21.40  20.56  21.93  

0
21.02  21.06  21.14  20.82  22.18  22.34  22.11  23.22  22.48  21.49  20.00  20.49  21.64  20.77  21.52  20.82  20.59  20.26  21.47  20.55  21.20  21.94  22.14  22.52  21.84  25.21  21.20  20.16  20.97  20.58  20.46  21.29  21.66  21.19  20.95  21.44  22.84  23.14  22.75  22.64  23.29  24.47  23.05  20.99  21.58  21.07  20.00  21.33  21.63  20.87  20.83  20.80  24.18  22.48  22.24  23.02  23.93  23.82  22.36  21.31  20.72  21.24  20.87  21.92  

0
20.77  21.11  21.32  21.12  22.11  22.74  22.16  23.82  22.86  24.49  20.95  19.84  21.45  20.69  20.72  20.87  20.23  21.34  20.80  21.87  24.43  22.92  21.89  23.08  23.54  24.97  21.46  20.65  20.91  20.51  20.37  22.41  21.29  21.62  20.40  21.38  23.20  22.88  22.17  23.69  22.83  23.38  22.27  21.70  21.51  21.00  20.75  21.07  20.64  20.65  20.49  21.96  24.76  23.67  22.62  23.29  23.07  23.08  20.62  21.12  21.04  21.44  20.43  22.51  

0
20.13  21.24  21.83  21.72  24.07  22.38  22.70  22.37  23.62  24.05  20.49  20.30  20.36  20.81  21.13  20.21  20.63  20.94  21.39  22.31  23.26  22.49  23.39  22.46  22.81  23.75  20.70  21.07  21.24  19.86  21.06  20.24  20.71  21.48  20.63  21.25  26.44  23.49  23.51  22.78  22.51  22.10  21.74  20.48  21.27  21.24  20.04  21.82  21.08  21.05  21.39  20.97  24.08  26.10  23.05  22.61  22.37  21.57  21.33  20.86  20.63  21.14  21.56  21.05  

0
20.95  19.99  21.61  22.61  24.45  22.07  22.85  21.96  23.00  21.57  20.64  20.69  19.91  20.45  19.75  20.09  20.80  20.47  19.87  21.89  24.35  25.49  22.62  21.79  22.33  21.76  20.74  21.33  20.58  21.29  20.95  20.90  20.75  20.63  21.15  19.93  20.84  23.01  22.40  22.81  22.44  20.86  21.67  20.85  20.71  21.53  21.33  21.25  21.56  20.68  21.04  20.76  18.76  20.60  21.09  21.43  21.14  20.68  21.13  21.26  20.14  20.30  20.79  20.91  

0
21.56  21.14  20.82  21.02  21.55  22.88  22.41  22.85  21.56  20.23  20.30  20.33  20.52  21.11  21.03  20.57  20.53  20.47  21.42  20.04  20.19  20.33  20.48  21.48  20.35  21.45  20.74  20.46  20.23  20.66  21.37  20.59  20.46  18.97  21.15  20.38  17.57  20.47  20.18  20.78  20.57  20.54  20.83  20.41  20.59  20.01  20.22  19.72  21.85  20.68  21.29  20.39  19.74  21.07  20.75  20.19  19.85  20.80  20.16  21.02  19.87  21.46  20.62  20.73  

0
20.91  20.39  21.57  19.62  19.25  20.05  19.66  20.45  20.63  20.64  20.71  21.23  20.96  21.59  21.13  21.81  20.49  20.30  20.07  20.12  19.50  20.40  19.41  19.79  19.99  20.69  20.81  20.53  20.55  21.00  19.66  20.86  20.42  20.85  21.23  21.48  17.86  19.79  20.25  21.15  20.43  20.72  20.47  20.37  19.48  20.73  21.16  20.30  21.52  21.05  21.39  20.60  19.84  21.15  21.72  20.72  20.40  21.34  20.73  20.98  20.76  19.83  20.42  19.40  

0
20.46  20.54  22.11  20.13  18.78  19.47  19.44  20.46  19.52  20.09  20.61  21.13  20.61  20.43  21.14  20.55  19.68  21.59  20.68  20.95  19.95  20.62  19.53  19.70  20.32  20.39  20.93  20.54  19.50  21.39  20.51  20.57  19.72  21.12  21.00  20.81  18.20  20.66  20.80  21.17  20.55  20.94  20.91  20.16  19.97  20.75  20.05  20.00  20.05  21.06  20.49  20.36  19.02  20.58  20.61  21.40  20.88  20.89  20.02  20.62  21.30  20.28  19.78  20.34  

0
20.07  20.89  20.85  21.54  20.15  20.69  20.62  20.04  20.57  20.13  20.31  20.70  21.02  20.22  21.77  21.43  20.43  20.49  19.77  20.52  21.17  20.55  20.59  20.46  20.14  20.52  20.20  19.91  21.06  20.56  19.73  21.72  19.64  20.15  20.08  21.07  17.96  20.48  21.15  20.99  20.78  20.55  20.94  20.97  20.73  20.54  21.51  21.45  20.86  19.33  20.93  20.66  19.92  20.15  20.87  20.99  20.22  21.28  20.91  20.79  20.57  20.35  21.33  22.43  

0
20.88  21.07  21.41  20.96  21.25  21.55  20.55  21.56  20.83  21.06  20.23  20.74  21.30  21.31  21.81  21.15  19.92  21.17  20.53  20.68  20.99  20.69  20.52  20.91  20.39  20.87  20.67  20.06  20.52  20.22  21.17  20.22  19.97  20.95  20.84  20.32  18.33  20.73  20.97  20.72  21.55  20.58  20.45  20.57  21.00  20.46  20.71  21.19  20.75  20.61  21.36  20.45  19.40  20.89  21.25  21.25  21.54  20.73  20.46  21.44  20.87  21.11  21.37  21.21  

0
21.23  22.39  22.24  21.12  20.46  20.89  20.47  21.14  20.76  20.54  21.06  21.01  20.73  20.69  21.57  21.03  19.96  19.93  20.56  20.13  20.60  20.41  20.56  20.33  20.95  20.91  20.49  19.77  20.56  20.38  20.65  20.88  19.72  20.74  19.92  20.24  20.17  20.66  20.69  21.88  20.97  21.37  20.49  20.49  21.16  21.00  20.05  21.83  20.50  21.33  21.14  20.48  19.30  20.69  20.84  21.40  20.76  21.12  21.46  20.87  21.56  21.44  21.57  23.04  

0
21.38  20.69  21.45  22.34  20.82  20.42  20.58  21.26  20.08  20.43  21.73  20.31  20.73  20.56  21.57  21.19  20.09  21.21  20.08  20.83  20.49  21.04  20.04  21.15  20.43  21.22  20.93  20.98  20.44  20.89  20.51  20.41  20.01  20.35  20.28  21.71  18.20  20.34  21.75  20.34  20.76  21.05  20.49  20.16  20.92  19.86  20.61  21.23  20.05  21.19  21.14  21.47  19.44  21.27  21.29  21.18  20.53  21.00  21.22  21.24  20.64  21.15  21.08  21.43  

0
20.87  20.49  21.53  21.19  20.65  20.72  20.19  20.30  21.38  20.49  20.34  20.61  21.40  19.98  21.09  19.69  19.90  20.13  20.27  20.31  20.98  20.36  20.20  21.20  20.59  20.96  20.44  19.94  19.92  21.09  20.32  20.05  19.81  20.43  21.07  20.42  18.65  21.46  20.64  20.81  20.81  21.32  20.54  20.22  20.87  20.57  20.98  20.26  20.89  20.73  20.83  19.94  19.53  20.41  20.90  21.02  20.71  20.84  20.33  21.06  20.86  20.37  20.71  20.10  

0
21.20  20.66  20.37  21.22  20.67  20.98  20.33  21.00  20.51  20.29  20.02  20.40  20.83  20.53  20.98  21.00  20.62  21.18  20.42  20.80  21.22  20.49  20.64  20.61  20.82  20.47  21.12  19.96  21.00  21.11  20.49  19.92  20.55  20.07  20.74  20.10  18.51  20.53  20.77  21.85  20.63  20.70  21.10  20.36  20.19  20.97  20.45  19.82  21.80  20.90  20.98  20.33  18.85  21.02  21.04  20.59  21.67  20.16  20.96  20.60  20.62  20.40  20.90  20.31  

0
21.67  21.81  21.31  21.60  21.16  20.40  19.66  20.90  20.30  20.75  20.03  20.18  19.88  20.81  19.85  18.75  19.94  20.17  20.07  20.35  21.02  20.72  20.14  20.21  20.84  20.38  19.72  20.31  20.31  19.48  19.66  19.46  20.56  20.09  20.39  20.69  19.02  20.33  20.78  20.95  20.85  20.93  20.37  20.59  20.32  19.85  20.60  19.83  19.89  19.81  20.74  20.47  19.57  20.22  21.16  20.61  21.10  20.64  21.09  20.12  21.81  20.41  19.77  18.66  

0
20.30  20.83  21.45  21.00  21.05  21.35  20.36  20.80  20.65  20.99  19.71  20.19  20.49  20.30  20.86  20.06  20.23  20.05  19.84  20.95  20.71  20.31  20.35  20.43  20.85  20.39  19.73  20.87  20.09  20.38  21.48  20.57  20.01  20.61  20.40  20.24  19.52  20.98  20.90  20.24  20.97  20.62  20.17  20.27  20.57  20.62  20.75  20.92  20.20  20.65  21.14  19.99  19.72  21.04  21.06  20.62  20.41  21.58  20.26  20.62  20.25  20.42  20.60  21.79  

0
21.83  21.67  21.70  21.72  20.92  20.52  20.57  20.68  20.18  19.63  20.49  19.94  21.92  20.28  21.97  21.97  19.53  21.45  20.19  21.39  20.37  20.40  20.45  20.42  20.52  21.21  20.48  20.53  20.19  21.25  21.88  21.48  20.28  20.09  21.23  20.57  18.36  21.07  20.78  21.56  20.85  20.61  21.21  20.81  20.56  20.48  20.04  21.37  19.74  20.23  20.87  20.97  20.54  20.22  21.05  20.83  20.52  20.29  21.45  21.23  20.89  21.42  21.40  21.78  

0
20.15  21.82  21.85  21.12  21.17  20.65  19.79  21.26  21.09  20.43  20.39  20.31  21.34  20.69  20.86  20.87  19.40  20.31  20.44  20.83  20.49  19.35  21.07  20.64  20.85  20.91  20.71  20.54  20.44  20.64  21.07  21.34  19.86  19.71  21.12  20.81  18.04  21.30  20.58  20.96  21.28  21.05  21.54  20.93  21.16  20.75  20.89  20.46  20.35  21.33  21.27  20.98  20.28  21.16  21.73  21.63  20.76  21.82  20.98  20.99  20.77  21.44  20.92  21.07  

0
22.43  20.39  20.78  20.62  21.16  20.52  20.91  20.34  21.19  20.30  20.37  20.76  21.56  20.28  20.71  21.02  19.67  20.56  20.07  20.47  21.02  20.29  20.86  20.62  20.20  19.86  19.83  20.20  20.89  20.37  20.22  21.63  20.42  20.60  20.87  20.91  18.69  20.11  21.21  20.85  20.74  20.93  20.90  20.81  20.56  21.49  20.74  21.52  21.37  20.77  21.26  20.10  19.70  21.38  20.94  21.84  20.52  20.88  21.80  20.98  20.89  20.85  20.75  20.14  

0
21.56  20.42  21.08  21.15  21.20  21.26  21.18  21.17  20.33  21.35  20.86  19.51  19.79  22.02  20.60  21.22  20.53  20.34  20.83  20.39  21.06  20.65  20.48  20.76  20.45  20.41  19.76  20.24  19.76  20.16  21.09  20.75  20.18  20.38  21.15  21.18  18.23  20.79  20.08  21.29  21.30  21.61  20.72  20.41  20.48  20.39  20.08  20.49  21.12  19.99  20.78  20.76  19.88  21.18  20.19  20.53  21.02  21.26  20.04  20.90  20.27  21.61  20.30  20.91  

0
19.20  20.96  20.52  20.86  21.16  20.52  20.12  20.68  21.30  20.64  20.71  20.65  20.84  20.02  21.13  20.54  19.81  20.68  21.39  20.59  20.59  20.08  20.65  20.00  20.94  20.90  19.94  20.31  20.43  20.75  20.92  19.93  21.13  21.36  20.51  20.69  18.85  20.86  20.68  20.54  20.74  20.61  20.58  20.26  20.68  20.35  19.47  20.14  21.23  21.72  20.61  20.84  19.00  21.15  20.94  20.94  20.98  20.53  21.09  21.10  21.03  20.99  19.93  20.32  

0
20.78  20.27  22.12  21.26  21.30  21.37  19.91  20.59  20.77  20.55  20.40  20.79  20.14  20.83  20.02  19.92  20.25  20.97  20.82  20.84  20.83  21.16  20.98  20.65  20.12  20.30  20.72  20.77  20.22  20.40  20.38  20.12  20.45  20.88  20.77  20.60  18.22  19.92  20.70  21.48  21.08  20.85  20.82  20.51  20.34  20.38  19.36  20.94  20.96  21.07  21.15  21.36  19.73  21.52  20.51  21.42  20.78  21.25  20.75  21.49  20.66  20.87  20.28  21.44  

0
20.89  20.52  21.69  21.34  20.67  21.21  21.24  21.46  20.73  21.19  19.91  19.81  19.62  21.32  20.27  19.88  19.79  19.77  20.06  20.80  21.11  20.49  21.46  20.92  19.87  20.47  20.47  20.08  20.42  19.47  19.93  20.08  21.12  20.84  20.74  20.45  18.34  20.53  21.09  21.24  21.46  20.81  21.10  20.80  19.95  19.32  18.75  20.13  19.57  20.76  20.85  21.57  18.99  19.97  20.25  21.60  21.55  20.51  20.60  20.60  20.09  20.54  19.92  20.49  

0
20.78  20.70  20.81  21.26  20.83  20.20  20.03  20.82  20.43  20.33  21.41  20.32  20.87  20.57  20.02  19.59  19.97  20.71  20.58  20.84  20.61  21.06  20.26  20.75  20.34  21.33  20.72  20.33  19.99  20.14  20.94  21.35  20.02  20.37  19.93  20.26  17.72  20.67  21.34  20.56  20.66  20.74  21.34  20.84  20.11  20.63  20.76  22.15  21.55  20.11  21.02  20.62  20.01  20.36  20.29  20.41  20.78  20.32  21.47  20.64  21.71  21.16  21.42  21.08  

0
21.84  20.83  21.45  21.37  20.10  19.83  21.15  20.46  20.20  20.20  20.72  19.72  20.37  20.95  21.71  21.67  20.37  21.21  21.16  20.37  20.16  21.15  21.38  20.64  20.11  21.01  20.93  20.65  20.44  20.38  20.09  20.72  21.15  20.35  21.00  20.92  18.86  21.19  20.48  20.96  21.07  20.51  21.44  21.04  21.04  19.86  20.19  21.38  20.79  21.06  21.14  20.61  19.16  20.81  20.16  21.18  20.88  21.82  21.34  20.75  21.17  21.87  21.41  22.15  

0
20.09  21.06  21.14  21.32  19.69  21.53  20.53  20.75  21.04  21.05  20.00  20.73  20.80  20.51  20.10  21.30  19.90  20.26  19.67  20.55  21.20  20.04  19.37  20.28  20.59  20.96  19.79  20.49  20.74  20.71  19.48  20.05  20.81  20.56  20.23  20.76  18.15  20.61  20.85  21.12  21.33  21.00  20.33  20.11  20.76  20.82  20.84  19.95  21.63  20.73  21.35  20.06  18.96  20.88  21.24  21.13  20.36  21.30  22.36  21.68  21.38  20.37  19.40  21.38  

0
20.60  21.24  21.57  21.23  21.28  20.76  20.34  19.99  21.19  21.09  20.94  20.65  20.00  21.07  21.41  20.05  20.08  20.68  21.39  20.70  21.02  21.14  20.45  20.31  21.25  21.41  20.26  20.09  19.96  20.87  20.64  20.09  20.28  19.57  20.51  20.69  17.03  20.33  20.78  21.36  21.06  20.82  20.69  21.25  21.62  21.36  21.16  21.37  20.78  20.23  20.74  21.58  20.12  21.49  21.27  21.50  20.75  21.80  20.97  20.61  21.29  21.14  20.59  20.32  

0
20.75  20.82  22.23  21.35  20.57  21.92  20.57  21.02  20.86  21.64  21.27  20.30  20.48  21.59  21.41  20.70  20.63  20.81  21.27  20.59  20.59  21.14  20.45  20.52  20.94  21.31  20.48  20.75  20.31  21.00  20.22  19.93  21.13  19.96  20.27  20.80  17.86  20.43  20.89  21.15  20.22  21.04  20.69  20.59  20.56  21.24  19.61  21.21  20.33  21.18  21.51  20.47  20.68  21.03  20.37  21.06  21.56  21.11  20.73  21.23  20.89  21.14  20.42  21.96  

0
21.25  21.71  21.08  22.00  21.20  21.26  20.50  20.26  20.89  20.90  20.41  20.33  21.96  21.24  21.73  22.01  19.85  19.95  19.87  20.62  20.30  20.44  20.79  19.94  20.45  20.31  21.06  20.68  20.23  20.66  20.82  21.06  21.17  20.00  20.06  20.16  18.73  20.36  20.93  21.39  20.26  21.18  21.46  21.07  20.12  20.52  20.22  21.56  21.41  19.99  20.65  20.51  20.58  20.72  20.52  21.88  20.79  20.91  20.77  20.77  20.27  21.46  20.62  20.00  

0
20.61  20.69  21.45  21.12  21.53  21.12  21.04  21.03  20.76  20.43  20.39  21.01  21.34  21.34  21.29  20.23  20.23  19.93  20.56  20.13  20.82  20.41  20.35  19.81  19.79  20.60  21.03  20.54  21.02  20.00  20.23  19.16  21.99  21.12  21.12  20.81  18.37  20.77  21.01  21.17  20.65  21.05  20.38  20.38  21.04  21.00  20.61  20.31  20.94  19.83  19.97  20.98  20.00  20.93  20.84  20.73  20.30  20.54  20.14  20.87  20.25  19.84  20.76  20.88  

0
22.00  20.12  20.81  21.75  20.83  20.66  20.48  20.70  20.10  20.44  20.63  20.20  20.63  20.31  20.31  19.92  20.66  20.97  21.05  21.19  20.83  21.37  19.95  20.55  20.97  20.82  20.72  20.33  19.99  20.02  21.36  20.58  21.30  20.62  19.93  21.50  18.88  20.78  21.66  21.08  20.45  20.96  21.13  20.51  20.34  20.13  19.92  20.63  20.66  21.21  21.02  20.62  19.73  20.47  20.96  21.08  20.54  21.25  20.99  20.51  19.73  20.29  20.12  19.25  

0
21.69  20.69  20.93  21.86  20.82  20.42  21.15  21.03  20.65  20.54  20.27  20.54  20.37  19.50  21.43  20.55  21.05  21.21  20.20  20.37  20.92  21.04  20.56  20.22  20.74  20.08  21.03  21.20  20.44  20.89  20.37  21.19  20.15  20.99  20.40  20.47  17.71  21.72  21.33  20.45  20.44  21.26  21.23  20.49  20.81  20.75  20.19  21.07  20.50  21.87  21.27  20.48  20.14  20.69  21.06  20.73  21.58  21.00  21.10  21.73  20.25  21.00  20.60  20.52  

0
22.16  20.84  21.73  21.87  20.35  21.48  20.48  21.72  21.22  20.44  20.40  20.56  20.99  19.78  21.30  21.84  20.25  21.09  20.70  20.73  21.15  20.74  19.85  20.13  20.65  20.61  20.40  20.11  21.50  20.27  21.36  21.35  20.31  20.75  20.89  20.37  17.89  21.42  20.60  21.28  20.66  21.06  20.71  20.62  20.82  21.01  20.48  21.39  20.51  21.34  20.89  21.12  19.31  20.82  21.75  20.97  20.54  20.67  21.11  22.10  21.45  21.16  20.12  20.17  

0
21.56  20.85  21.35  21.02  21.32  22.07  20.84  21.28  20.45  20.57  20.41  20.80  20.64  20.45  21.87  20.74  20.39  21.11  20.35  21.09  20.08  20.96  20.28  21.17  20.03  21.24  20.95  21.00  20.12  20.79  20.12  21.98  21.17  21.14  21.15  20.72  17.40  20.58  20.93  20.99  21.20  20.65  21.46  21.29  19.88  20.52  21.89  20.49  21.12  20.13  21.55  20.26  20.02  21.30  20.52  20.76  21.49  21.38  20.53  21.63  20.54  20.74  21.11  20.91  

0
21.41  22.27  20.42  22.85  20.84  20.91  20.84  20.83  20.89  20.34  20.75  20.92  21.12  20.98  21.45  20.57  21.21  21.62  20.95  20.51  20.84  21.07  20.28  20.76  20.77  21.55  21.06  21.22  21.74  21.04  21.37  20.59  20.03  21.39  20.18  20.95  18.40  21.32  21.46  21.39  20.68  21.40  21.46  20.85  20.59  20.77  20.64  21.40  21.56  20.81  20.65  20.39  19.88  21.41  20.52  21.54  22.06  21.38  21.13  20.77  21.59  20.30  20.62  20.18  

0
21.39  21.41  21.99  21.62  20.95  21.02  21.28  20.48  21.33  21.00  21.19  21.14  20.63  20.83  22.14  21.04  19.83  21.22  21.29  21.07  20.72  21.16  20.47  20.13  21.07  20.92  21.58  20.22  20.34  20.27  21.08  21.35  20.73  20.62  21.25  20.26  18.71  20.67  21.23  21.38  21.19  21.28  21.45  21.61  20.70  21.89  20.34  20.48  21.40  19.84  21.15  21.73  20.29  21.29  20.96  21.31  21.36  20.90  21.11  21.13  21.71  21.45  21.42  22.16  

0
20.77  20.40  21.58  22.22  20.94  21.24  21.04  21.26  20.65  21.21  21.06  20.54  21.57  20.69  21.71  19.58  20.78  21.46  20.80  21.18  20.49  21.46  20.15  21.35  20.64  20.91  20.82  21.41  20.79  21.51  21.07  21.49  21.43  21.49  21.12  21.49  18.86  21.62  21.85  20.65  21.59  20.84  21.02  20.49  20.33  20.75  20.47  21.23  20.35  20.92  21.27  20.61  19.58  20.69  21.06  21.07  20.65  21.00  20.98  22.21  20.51  21.15  21.08  21.97  

0
21.07  21.68  21.19  20.88  20.58  20.53  20.24  21.71  21.20  21.21  21.06  19.96  21.57  20.82  20.86  19.90  20.23  20.57  20.32  20.83  20.82  20.31  20.77  20.64  20.01  21.01  20.60  20.76  20.32  20.51  20.23  21.49  20.86  20.99  20.40  20.92  18.70  20.87  20.90  20.65  20.44  20.62  20.80  20.82  20.21  20.49  20.61  20.00  21.09  20.10  21.01  20.61  19.86  21.27  20.84  21.29  21.92  21.47  20.62  21.60  21.17  19.84  20.60  20.34  

0
21.70  21.84  22.25  20.27  20.35  20.66  19.91  20.70  20.66  20.22  21.30  20.44  20.75  20.31  21.02  20.40  20.11  21.73  21.17  20.61  20.40  21.90  20.37  20.03  20.86  21.44  20.40  20.33  21.04  20.27  19.68  19.33  20.16  21.00  21.13  20.37  18.71  20.57  21.02  21.59  21.19  21.70  20.82  20.51  19.99  20.13  20.20  19.71  21.40  20.94  21.67  20.50  19.73  21.40  21.30  20.86  21.13  21.13  20.75  21.13  19.99  20.58  20.45  20.35  

0
20.46  19.97  21.58  21.86  20.10  20.65  20.70  21.71  20.53  19.98  20.50  20.43  20.86  21.86  21.14  21.03  20.23  20.05  20.56  20.48  20.49  20.20  20.56  20.43  20.43  20.08  20.60  20.65  21.02  21.01  20.79  21.19  21.43  20.61  20.52  19.79  17.21  20.66  21.01  21.17  20.97  20.94  20.80  20.71  20.69  20.87  20.89  21.23  19.75  20.51  21.53  20.98  20.00  20.46  20.84  20.96  20.30  20.07  21.46  21.12  21.30  20.42  20.43  21.79  

0
22.19  22.16  21.11  20.19  19.56  20.82  20.41  21.53  20.81  21.15  20.89  21.18  21.62  20.61  20.49  21.24  20.42  20.24  20.62  21.00  21.19  21.31  20.51  20.69  19.95  20.86  21.08  20.48  20.61  21.44  20.70  21.85  21.06  20.41  20.09  19.72  17.93  21.14  21.80  21.22  21.54  20.99  21.07  21.10  21.09  21.30  21.36  20.36  20.40  20.70  21.58  21.15  19.77  19.93  21.22  20.67  21.16  21.75  21.03  21.90  20.83  20.91  21.46  22.92  

0
21.56  22.13  21.22  21.27  21.08  21.26  20.38  21.28  20.56  20.79  20.98  20.80  20.03  20.98  21.87  21.85  19.85  20.98  20.23  20.97  21.27  20.86  20.28  20.35  20.35  20.73  20.95  20.78  20.35  20.16  20.12  21.21  20.60  20.00  20.79  20.72  19.38  21.54  20.08  21.29  20.68  20.75  21.15  20.85  20.00  20.65  21.75  20.49  20.82  20.40  21.81  20.88  19.32  21.07  21.09  21.54  21.37  21.49  20.89  20.65  20.93  21.03  21.11  22.17  

0
21.86  21.14  21.08  20.65  20.49  21.14  20.72  21.28  21.12  20.34  20.86  20.80  20.64  20.85  21.45  21.69  20.26  20.34  20.59  20.62  21.38  21.70  20.79  20.14  20.98  21.55  20.63  20.89  21.51  20.53  19.56  22.28  21.17  20.12  21.86  21.29  17.07  21.22  20.29  21.29  20.89  20.54  21.36  20.63  21.77  21.28  21.19  21.40  20.82  21.08  21.42  20.88  19.88  21.41  20.52  21.32  20.79  21.49  21.84  21.51  20.80  20.88  21.27  21.09  

0
21.67  20.96  20.91  20.74  20.92  21.22  20.57  20.68  20.97  20.75  20.49  20.76  21.20  21.07  20.57  19.40  20.08  20.30  21.62  20.12  20.15  21.24  21.27  20.11  20.94  21.31  20.16  19.98  21.13  21.13  20.92  19.93  20.71  20.21  20.99  21.25  18.85  21.07  20.78  20.74  20.95  21.25  21.32  20.59  21.15  20.61  19.90  20.30  21.52  20.91  21.26  21.46  19.42  20.80  21.50  20.83  20.52  21.22  21.80  21.35  20.63  20.56  21.07  22.14  

0
22.00  20.84  20.94  19.90  20.00  21.25  21.16  20.93  20.55  21.45  20.96  21.37  20.02  20.44  21.58  22.16  19.83  21.09  20.22  20.50  21.05  21.06  20.06  20.85  20.02  21.44  21.05  20.77  20.45  20.90  21.08  21.04  20.59  20.11  20.41  20.71  19.04  21.10  21.13  21.48  20.87  20.42  20.61  21.17  21.17  20.76  20.62  20.17  20.51  21.61  20.76  21.36  20.43  20.94  21.41  21.31  21.59  21.37  20.99  20.88  21.05  21.16  20.94  21.98  

0
21.39  20.84  20.15  20.52  20.83  21.25  21.16  21.38  20.88  20.78  21.08  21.02  21.83  20.83  20.88  21.52  20.93  21.73  20.70  21.53  20.40  20.85  20.68  20.96  20.55  20.92  20.72  21.32  20.57  21.15  21.50  20.89  20.31  21.13  20.53  20.82  19.21  21.21  20.60  21.08  21.19  21.06  21.24  20.84  20.70  20.76  20.90  20.17  21.55  20.66  21.15  21.12  20.43  20.94  20.51  22.31  20.78  21.02  21.11  21.98  20.26  21.16  20.45  22.34  

0
21.66  20.95  21.03  19.98  20.55  20.51  20.33  21.12  20.84  21.19  20.59  20.87  20.83  21.19  20.98  21.16  20.75  21.18  20.78  21.15  20.79  20.81  20.12  20.92  21.14  20.68  21.33  20.51  20.06  20.10  19.64  20.23  21.82  20.58  20.25  20.67  19.00  20.85  21.30  21.04  20.94  20.49  21.20  20.80  20.54  19.58  21.14  19.98  21.36  19.94  22.27  20.33  19.55  21.25  20.92  21.49  21.20  21.33  20.72  20.85  20.48  20.40  20.08  19.21  

0
22.57  20.80  21.69  20.85  21.27  20.63  20.56  21.12  21.29  21.52  21.04  20.75  20.95  21.71  21.96  23.06  20.75  20.67  21.02  21.27  21.22  21.33  20.74  21.33  20.82  21.09  20.90  21.17  21.35  20.36  21.87  22.69  21.40  20.46  20.25  21.12  18.84  20.74  21.30  21.34  20.84  21.24  21.52  20.25  21.14  21.48  21.42  19.98  21.65  21.44  20.85  20.71  20.11  21.02  20.36  20.71  20.27  21.33  21.67  22.06  21.01  20.98  22.19  22.48  

0
20.77  20.40  20.93  20.38  20.70  20.42  21.26  20.46  21.43  20.99  21.40  20.89  21.93  21.08  21.29  22.30  20.09  21.59  20.44  21.06  20.71  21.26  20.77  20.84  20.74  20.70  21.36  20.98  21.02  21.14  21.21  22.10  21.00  20.99  20.64  20.70  19.36  21.19  21.01  20.45  20.65  20.84  21.75  21.15  21.63  21.25  20.47  20.62  21.97  21.47  20.75  20.86  20.41  21.16  21.40  21.29  21.69  22.16  21.10  21.73  21.83  22.01  22.05  21.43  

0
20.46  20.83  21.72  21.12  20.58  21.35  21.60  21.48  21.32  21.21  21.29  20.78  21.10  20.95  22.96  22.62  20.51  21.08  21.40  21.64  21.25  21.78  21.18  20.84  20.85  21.84  21.14  21.30  21.14  21.01  22.45  21.19  21.43  21.12  20.76  20.47  20.01  22.04  20.80  22.18  21.49  21.90  21.12  21.37  20.92  21.38  20.89  20.77  21.09  21.47  21.79  21.72  20.69  21.73  20.72  21.52  21.58  21.58  20.86  21.97  21.70  22.15  22.37  20.88  
