Start of this file: 14:24:16 01/05/2017

6 20.03  20.65  21.18  20.73  20.70  19.29  20.76  20.56  19.77  20.95  20.96  21.18  21.45  20.49  20.87  20.64  20.42  

0
20.63  20.69  21.04  22.19  21.25  21.54  19.85  20.86  21.15  19.70  19.88  21.20  20.82  21.33  20.44  21.06  20.08  20.54  19.80  20.55  20.54  21.50  20.69  20.05  20.04  21.15  20.97  20.37  20.04  19.47  19.39  20.59  20.72  20.33  19.88  20.42  18.08  20.27  21.58  20.68  20.27  20.56  20.53  20.21  20.41  20.47  19.20  20.33  20.65  20.36  20.07  20.45  19.99  20.30  20.45  21.35  20.84  20.49  20.10  20.59  20.36  21.01  19.66  19.87  

0
20.73  21.21  21.12  21.77  21.08  21.60  20.82  20.47  19.75  19.65  19.94  20.09  20.53  21.14  20.24  20.21  19.20  20.62  21.18  20.61  20.38  20.50  20.54  20.10  20.31  20.06  20.71  20.87  20.46  20.30  20.74  21.77  20.38  21.16  20.91  19.91  19.02  20.76  20.57  20.94  20.74  20.29  20.27  20.50  20.36  20.80  19.44  20.44  19.86  21.81  20.15  20.77  18.68  20.94  20.96  20.85  20.55  21.72  19.93  21.52  21.10  21.11  19.61  19.82  

0
20.61  20.52  21.01  21.67  20.03  20.58  20.73  21.97  20.90  20.24  20.31  20.12  19.58  20.38  20.13  21.36  19.92  20.52  21.21  20.41  20.29  21.16  20.77  20.23  19.81  21.33  19.75  19.68  19.90  20.33  19.92  20.88  18.97  20.17  20.09  21.18  18.05  21.00  20.60  20.55  20.45  21.18  20.93  20.52  21.21  20.82  20.03  20.92  20.63  19.92  20.57  19.93  19.41  20.97  20.31  20.99  20.69  21.28  21.04  20.69  19.80  21.85  19.80  21.12  

0
20.03  20.98  21.18  21.83  20.91  20.85  21.67  20.76  20.71  19.94  20.23  20.39  20.59  20.42  21.02  20.59  19.68  20.68  20.65  20.10  20.66  21.09  20.40  20.99  19.53  21.26  19.57  19.94  20.29  20.49  20.94  19.98  19.73  21.35  20.97  20.66  18.09  20.93  20.10  20.80  21.12  20.79  20.43  21.11  20.54  19.84  18.65  20.81  20.96  20.51  20.74  21.82  20.42  20.66  19.55  21.14  20.85  21.44  20.84  21.10  20.64  19.42  19.02  19.88  

0
21.09  21.26  21.43  21.09  20.54  20.25  20.42  20.64  20.93  19.81  19.65  20.50  19.48  19.75  20.30  19.61  20.22  20.67  20.88  20.32  21.08  21.19  20.28  20.56  20.15  20.84  20.32  19.60  20.86  20.36  20.51  21.67  20.86  20.07  21.20  19.50  17.91  21.02  20.09  20.79  21.00  20.77  20.00  20.55  20.53  21.47  21.03  20.64  21.98  19.95  21.37  20.95  19.85  20.53  20.78  20.68  21.07  20.73  20.34  20.47  19.96  20.58  21.61  23.48  

0
20.76  21.09  21.41  21.18  21.10  21.28  20.62  21.52  20.68  20.46  19.97  20.82  20.19  20.91  21.68  21.68  19.92  19.61  20.49  21.10  21.80  20.42  20.87  20.02  19.70  21.23  20.95  20.89  20.49  20.58  20.06  21.03  20.98  20.17  20.45  20.85  19.04  20.78  20.39  20.86  20.98  20.75  20.93  20.52  21.57  20.69  20.45  21.07  21.52  20.88  21.74  20.67  19.41  20.85  20.76  20.99  21.28  21.28  21.75  21.30  20.47  20.70  22.07  20.21  

0
21.72  20.98  22.36  21.22  21.02  20.97  20.54  21.22  20.15  20.27  20.46  20.28  21.19  20.82  21.16  20.27  20.64  20.17  20.17  20.79  20.77  21.09  20.81  20.58  20.79  21.16  20.23  20.16  19.82  20.62  19.82  20.76  21.44  20.72  20.73  19.29  18.42  20.93  21.06  21.11  21.43  21.54  21.38  20.56  20.42  20.61  20.35  20.65  20.67  20.65  20.74  21.33  19.02  21.70  20.91  20.35  19.68  20.74  21.08  20.73  21.04  20.30  20.66  21.52  

0
21.83  20.09  20.75  21.67  20.27  21.51  20.28  20.50  20.68  20.57  21.21  21.06  20.43  20.65  21.40  21.36  20.60  20.52  20.85  20.29  20.62  20.74  20.36  20.74  20.65  21.64  20.51  20.56  20.95  20.83  20.48  21.49  19.69  19.92  20.21  20.62  18.55  21.42  20.70  20.35  21.60  20.43  20.93  20.96  20.50  20.19  21.42  20.15  20.78  20.47  20.83  20.43  20.38  20.39  21.10  20.88  21.39  21.17  20.68  21.18  20.34  21.57  20.29  20.94  

0
20.97  21.85  21.07  20.99  20.56  21.45  20.44  20.89  20.61  20.29  19.68  20.41  20.00  20.57  20.18  20.93  20.25  20.95  20.43  21.04  20.78  20.58  20.51  20.90  20.17  20.45  20.46  19.96  20.54  20.63  19.98  20.46  21.59  20.10  21.22  19.99  18.27  21.47  20.22  20.19  21.24  21.33  21.82  20.68  20.55  20.87  19.65  20.36  20.98  20.25  20.88  21.09  19.60  20.90  20.81  20.59  21.44  21.56  20.49  20.020.88  21.34  19.18  20.79  20.92  20.93  20.39  20.63  21.33  21.48  20.26  21.62  21.64  21.54  

0.64  20.51  19.93  20.53  20.88  21.34  19.18  20.79  20.92  20.93  20.39  20.63  21.33  21.48  20.26  21.62  21.64  21.54  

0
20.50  21.42  21.33  21.60  21.39  20.40  21.35  20.89  20.84  20.17  20.58  21.11  20.36  20.17  21.03  20.45  19.97  20.31  20.43  20.23  20.78  20.79  19.68  20.49  20.28  21.48  20.13  20.18  20.65  20.51  19.55  19.68  20.60  20.35  20.75  20.44  18.44  20.62  20.86  21.63  20.71  21.12  21.19  20.68  20.44  20.49  19.51  20.67  20.38  19.56  22.04  21.09  19.46  20.56  20.36  21.15  20.98  21.10  21.45  21.11  20.26  20.46  21.32  21.54  

0
21.57  20.70  21.18  21.59  20.79  20.50  20.54  21.10  21.05  20.16  20.46  19.81  20.71  20.16  21.30  22.19  20.51  19.91  20.05  19.63  20.55  20.78  20.70  21.09  20.90  20.23  20.23  20.71  20.41  20.49  20.24  20.76  20.73  19.57  19.77  19.98  18.92  20.61  21.17  21.62  20.39  21.54  20.96  20.78  20.66  20.35  20.49  19.73  20.52  20.92  21.26  20.34  20.14  20.77  21.02  20.80  20.97  21.09  20.72  21.34  21.17  21.32  20.66  20.80  

0
20.67  20.58  21.21  21.00  21.29  20.88  20.46  21.58  20.96  20.52  20.03  19.95  21.22  20.97  21.61  20.62  20.94  20.84  20.68  20.24  20.14  20.91  20.32  20.50  20.82  20.15  21.01  20.19  20.55  20.39  20.13  21.71  21.32  20.36  21.12  20.23  18.45  21.70  21.09  21.13  21.35  21.03  20.67  20.69  19.49  20.12  19.81  21.44  20.69  21.36  21.15  20.24  19.61  21.03  20.71  21.05  20.76  20.76  21.10  20.38  20.13  20.62  20.52  21.91  

0
20.99  20.88  21.35  21.38  21.30  21.24  20.92  20.91  20.53  19.86  19.82  20.55  20.39  20.72  21.06  20.63  20.41  20.85  20.09  20.95  20.80  20.82  20.43  19.99  20.41  20.89  20.91  20.31  20.21  20.66  19.86  20.80  21.34  21.39  20.05  20.47  17.97  20.75  20.78  21.04  20.21  20.72  20.47  20.27  20.46  20.26  20.94  19.77  20.56  21.10  20.78  21.37  18.92  21.51  20.95  20.28  20.65  21.47  21.11  20.77  19.48  20.34  20.21  19.74  

0
21.54  21.67  20.50  20.58  21.24  20.83  21.65  20.28  20.13  20.81  19.98  20.25  20.44  19.74  20.28  21.37  19.52  20.66  20.39  19.84  20.74  21.59  20.58  20.14  20.14  20.51  20.42  20.58  20.85  20.34  20.22  21.51  20.56  19.16  20.47  19.49  18.40  20.48  21.35  20.26  20.99  20.22  20.94  21.19  19.80  21.09  20.18  20.01  21.38  21.44  20.45  20.81  19.98  20.52  20.55  21.11  20.59  21.18  20.69  20.70  20.35  20.28  20.96  21.14  

0
20.18  20.70  20.52  20.98  20.31  20.62  20.66  19.97  21.05  19.94  19.55  20.74  21.43  21.08  21.16  20.76  19.54  20.94  20.05  20.79  20.55  20.88  20.50  20.27  20.79  20.64  20.77  19.83  20.76  20.37  20.24  21.53  20.45  21.10  20.13  20.32  17.76  21.25  20.10  21.21  20.70  20.68  20.54  21.33  20.90  20.73  20.06  19.88  20.67  21.33  21.00  21.82  19.31  20.66  20.91  20.69  21.31  20.39  21.43  21.34  21.43  21.46  21.47  21.70  

0
20.52  21.86  21.47  21.25  20.81  20.29  20.00  20.22  20.85  20.64  20.03  20.42  20.49  21.23  21.89  22.06  19.71  20.71  20.20  20.47  20.36  21.33  20.32  20.70  19.76  21.39  20.36  20.52  20.20  21.02  21.10  21.86  20.90  19.98  20.76  20.57  18.45  20.85  20.66  20.93  21.04  20.81  20.99  20.03  20.69  20.88  20.23  20.37  20.54  20.54  20.63  20.37  19.05  20.68  21.27  20.83  20.99  21.35  21.22  21.12  21.06  21.20  21.81  21.37  

0
20.97  20.71  21.20  21.11  21.27  21.10  20.90  20.55  20.84  20.85  20.47  20.64  20.60  20.96  21.17  19.80  21.07  20.95  20.07  20.69  20.56  20.26  21.13  20.90  20.39  20.97  20.13  20.29  20.77  19.49  20.67  20.93  20.32  21.11  20.02  20.10  17.11  20.51  21.07  21.32  20.71  21.01  20.76  20.79  20.32  21.12  20.22  21.12  20.53  20.11  20.88  20.72  19.04  21.25  20.81  20.36  20.86  21.10  20.61  21.11  20.12  21.18  20.18  21.72  

0
20.81  21.00  20.93  21.60  20.56  21.10  20.22  20.78  20.28  20.17  20.36  20.64  20.72  20.30  20.89  20.29  19.28  20.57  20.43  20.57  20.45  20.90  20.10  20.38  20.49  20.24  20.78  20.94  19.72  21.14  21.51  20.62  19.60  20.86  20.26  20.78  19.42  20.83  21.29  21.02  21.34  20.91  20.98  20.02  20.79  21.00  20.64  20.67  20.53  21.07  21.14  20.85  18.76  20.56  20.81  20.48  21.21  20.63  20.85  20.49  20.92  21.18  20.67  21.90  

0
21.72  20.84  20.39  21.71  21.61  20.97  20.77  20.65  20.26  20.61  20.91  20.98  20.59  20.29  21.16  20.43  20.78  21.07  20.41  20.56  20.98  21.20  20.19  20.16  20.58  21.16  20.88  21.15  20.76  20.49  20.66  21.68  20.45  19.44  20.85  20.77  19.57  20.18  20.74  20.90  20.39  21.32  20.33  20.56  21.49  20.23  20.77  20.65  20.22  20.79  20.87  19.84  19.73  21.70  21.02  21.47  20.85  20.74  20.96  21.71  21.17  20.59  21.95  21.16  

0
21.41  20.84  21.05  21.96  20.67  20.74  20.88  21.55  20.15  20.95  20.34  20.74  20.47  20.55  20.45  20.27  20.23  20.68  21.13  19.86  20.44  20.88  20.60  20.27  19.95  21.57  19.79  19.94  20.29  20.62  20.24  20.61  19.44  21.10  19.89  20.88  17.60  20.39  20.74  21.51  20.39  21.00  20.43  20.78  20.54  19.97  20.06  19.88  20.96  20.10  22.03  20.71  19.45  21.12  21.36  20.58  20.38  21.20  20.84  20.85  20.24  20.45  20.49  21.52  

0
21.41  20.84  21.18  21.96  19.71  20.97  20.20  20.88  20.26  20.61  19.55  20.86  20.35  20.42  20.02  19.95  21.05  20.55  20.17  20.45  20.33  19.72  20.19  20.58  20.69  20.85  20.88  20.93  19.94  20.37  20.52  20.76  20.16  20.59  20.73  20.09  18.59  21.35  20.85  20.28  20.28  20.36  20.65  21.11  20.90  20.35  19.78  18.64  20.67  21.19  20.35  21.70  20.00  20.77  20.46  20.91  20.50  20.50  21.32  20.48  20.90  20.01  20.33  20.98  

0
21.26  20.70  21.18  22.08  21.50  21.55  20.32  20.88  20.94  20.50  20.68  20.04  19.74  20.42  20.73  20.92  20.37  20.81  20.17  20.33  20.66  20.25  20.70  20.89  20.16  20.85  20.66  20.71  20.64  20.75  20.10  21.22  20.73  20.21  20.49  20.66  17.76  21.03  20.96  20.90  20.60  20.68  21.07  20.45  20.30  20.73  20.77  21.11  20.67  20.24  20.35  20.59  19.45  21.12  21.36  20.58  21.66  20.50  21.55  21.46  19.84  21.75  21.14  21.16  

0
21.41  21.41  21.97  20.61  21.02  21.09  20.43  20.65  20.71  20.39  20.12  21.33  20.71  20.55  21.30  20.76  20.51  20.68  19.93  20.91  21.09  20.78  20.40  20.16  20.48  20.95  20.01  20.71  20.06  19.99  20.24  20.91  20.30  19.83  19.89  20.43  18.09  21.46  20.85  20.90  21.33  21.32  21.17  20.34  20.54  21.24  19.64  21.87  22.00  21.60  21.26  20.71  19.31  21.35  21.02  20.69  21.43  21.20  20.72  21.10  20.51  21.17  20.66  23.14  

0
21.26  20.56  21.05  21.59  21.14  20.62  20.88  20.99  21.27  20.83  20.91  20.51  20.11  21.60  21.30  21.40  19.54  20.68  20.65  21.14  20.87  21.20  20.50  20.68  20.37  21.47  20.98  20.16  20.41  20.24  21.63  20.61  20.02  20.21  21.57  20.32  18.75  21.03  20.96  21.72  21.33  20.68  20.33  20.78  20.07  20.48  20.63  20.50  20.96  22.14  21.52  20.71  19.87  20.66  21.02  20.91  20.73  21.55  20.72  20.97  20.90  20.88  21.30  23.32  

0
20.21  20.72  22.65  21.74  21.64  20.76  20.34  21.02  21.19  20.52  20.03  20.30  19.77  20.84  21.75  20.14  20.53  20.84  20.56  21.28  20.90  20.59  20.21  19.88  20.29  21.39  20.36  20.52  20.90  21.02  20.55  20.63  21.18  20.49  20.64  20.46  19.44  21.48  21.51  20.62  21.14  21.56  20.67  20.47  20.80  20.63  19.81  21.44  21.73  21.90  21.02  22.21  20.31  20.80  21.27  21.50  21.34  21.35  21.22  21.85  21.06  20.47  20.52  21.55  

0
19.57  21.57  21.20  21.24  20.56  21.22  20.90  21.68  20.39  20.96  20.58  20.87  19.75  20.83  21.59  20.61  20.25  20.82  21.02  20.57  20.67  20.69  19.79  20.18  21.02  21.38  20.89  20.18  21.35  20.38  20.81  19.84  20.74  21.24  20.39  20.10  20.24  20.51  20.65  20.91  20.29  20.37  21.40  19.80  21.62  21.12  20.50  20.97  21.42  20.94  21.40  20.97  19.88  20.79  20.24  20.48  21.21  21.68  20.85  20.99  21.05  20.31  20.51  21.17  

0
21.11  21.84  21.71  21.35  21.38  20.74  20.77  20.99  20.38  21.06  20.12  20.04  20.71  20.29  21.16  22.03  20.51  20.04  20.05  21.14  20.55  20.36  20.81  20.16  20.37  21.16  21.31  20.93  19.23  20.24  19.82  21.84  20.30  20.08  20.01  20.54  18.09  20.71  20.64  20.80  20.49  20.57  20.75  20.89  20.42  20.48  20.06  20.65  21.26  20.51  21.00  20.46  19.59  21.01  20.57  20.91  20.85  20.74  21.08  21.34  20.90  21.32  20.82  21.34  

0
21.40  20.97  21.04  21.58  19.94  20.37  19.96  19.95  19.91  20.37  19.88  20.73  20.82  20.28  20.86  20.42  20.08  20.67  19.44  19.97  21.19  20.66  21.20  20.98  19.94  20.32  19.89  20.04  19.93  20.86  20.37  21.21  19.58  20.45  20.96  20.98  18.08  21.45  21.05  21.60  20.58  20.88  21.06  21.10  20.41  20.97  20.19  20.49  19.91  20.91  21.25  21.56  19.57  21.57  21.23  20.79  20.49  21.08  20.46  20.96  21.29  20.87  21.45  20.24  

0
20.97  21.28  21.59  21.11  20.32  20.63  21.57  20.66  21.62  20.17  20.70  20.52  19.02  21.48  20.89  20.93  20.79  20.05  19.34  21.04  20.56  20.69  20.72  20.59  20.81  20.55  20.78  20.07  20.30  21.01  19.83  17.95  20.89  19.71  20.26  21.01  18.11  21.15  21.60  21.53  21.03  20.91  19.81  20.35  20.67  20.24  20.08  20.36  20.53  20.25  20.88  20.72  19.60  20.79  20.58  20.70  20.86  21.22  20.97  21.48  20.92  21.18  18.70  20.63  

0
21.71  21.40  21.04  21.82  20.42  20.72  20.53  20.75  20.36  20.60  20.56  21.43  19.85  20.80  21.14  20.42  19.39  20.54  20.52  20.66  20.86  20.45  20.07  19.84  20.15  20.42  20.32  20.81  20.63  20.73  20.93  21.06  19.86  20.33  20.24  20.42  18.58  20.81  20.52  20.99  20.90  20.56  21.16  20.66  21.12  20.72  21.17  22.46  20.95  21.45  20.20  20.70  19.43  21.34  20.45  20.34  20.37  20.49  20.22  21.33  21.16  19.85  21.13  20.97  

0
20.81  21.14  21.07  21.60  20.68  20.87  20.78  21.34  20.95  19.95  20.47  20.17  20.60  20.96  21.17  21.57  19.56  20.95  19.95  21.04  21.21  20.05  20.72  21.00  20.39  21.07  20.57  20.18  19.83  20.51  20.81  20.93  20.74  20.61  20.87  20.22  18.27  21.15  20.76  20.61  20.71  20.69  20.45  20.90  20.67  21.25  19.80  20.97  19.93  20.94  21.40  19.86  19.32  21.02  20.02  21.04  19.45  21.22  21.33  22.08  20.92  20.61  21.32  20.63  

0
20.40  21.90  22.30  21.78  20.85  20.80  20.61  21.39  20.89  20.56  20.75  21.27  21.37  21.14  21.64  21.30  19.75  21.00  20.48  20.51  20.94  20.53  20.97  20.23  20.33  21.02  20.83  20.12  20.12  20.56  20.86  21.13  19.80  20.28  20.32  20.27  18.65  20.13  20.81  21.37  20.66  20.20  20.71  21.72  21.20  20.42  20.41  20.56  20.58  21.26  21.32  20.16  20.21  20.14  20.30  20.86  20.45  20.69  21.50  20.67  20.70  20.51  19.90  20.68  

0
21.09  20.40  21.70  22.19  21.25  21.19  20.65  20.86  20.36  20.26  20.67  21.31  19.85  20.80  21.00  21.22  20.63  20.80  19.92  20.66  21.29  20.56  20.07  19.84  20.47  20.84  20.76  20.70  21.09  19.72  20.37  20.59  21.99  20.20  20.48  20.08  19.23  20.81  20.41  20.89  20.06  21.20  21.27  21.10  20.41  20.97  19.91  20.79  20.36  21.05  19.81  20.45  20.55  21.23  20.22  20.90  20.37  21.08  21.78  21.57  21.29  21.16  20.48  20.97  

0
21.39  21.39  20.37  20.83  20.64  20.24  19.84  20.62  20.35  19.91  20.43  20.02  19.59  20.79  20.57  20.25  20.62  20.66  20.51  20.88  20.96  20.75  20.58  20.86  20.24  20.10  21.07  20.14  20.96  20.72  19.80  19.18  21.27  21.20  20.47  19.95  18.23  20.37  20.08  20.57  21.20  21.19  20.83  20.31  19.56  21.21  20.04  20.47  21.09  20.76  20.84  21.06  19.70  20.87  21.89  21.11  21.29  21.30  20.45  20.46  21.01  21.00  19.49  21.50  

0
20.04  20.71  21.59  21.97  20.20  20.51  19.99  20.55  20.84  20.40  20.92  20.64  19.75  21.22  21.73  19.80  20.66  20.18  20.78  20.57  20.67  21.53  20.10  20.49  20.60  20.97  20.78  20.29  20.89  19.75  21.23  21.08  20.03  20.48  20.51  21.01  18.44  20.73  22.96  22.94  21.55  21.55  20.55  21.12  21.03  20.87  20.08  20.05  20.53  20.80  21.27  20.97  20.71  21.37  22.26  24.03  21.44  22.03  19.89  21.60  20.52  20.75  20.51  21.36  

0
20.19  20.14  21.46  20.87  20.09  21.10  19.76  20.55  20.16  20.17  19.68  19.82  20.84  20.96  21.45  21.57  19.42  20.18  20.07  20.23  20.45  20.58  21.64  22.23  20.39  20.34  20.89  20.40  21.00  20.51  20.26  20.93  20.32  19.45  19.90  20.56  17.61  20.83  22.23  22.44  21.13  21.12  21.08  21.12  20.20  20.11  19.80  19.90  21.13  21.88  20.88  20.60  18.61  21.02  23.36  22.60  20.98  23.63  21.69  20.49  20.65  20.17  20.99  20.08  

0
20.19  20.85  21.59  21.11  21.39  21.45  22.91  21.34  20.73  20.62  20.02  20.41  20.84  20.70  21.17  19.96  20.66  20.05  19.83  20.69  20.24  20.69  22.85  22.02  19.96  20.24  20.89  21.16  19.83  20.51  20.40  20.77  19.46  20.61  20.26  21.12  19.26  20.41  23.07  22.84  21.24  21.33  20.55  21.01  19.60  20.49  20.36  20.20  22.30  20.66  22.17  21.59  19.88  21.02  23.91  22.38  22.02  23.06  21.57  22.93  20.52  20.75  20.83  21.54  

0
21.59  20.72  21.21  21.98  21.29  21.23  23.81  20.90  21.85  20.64  21.27  20.42  20.25  20.45  20.90  21.90  19.71  20.96  20.68  20.35  20.47  21.64  24.36  20.50  22.59  23.73  21.65  20.85  19.96  20.39  21.66  20.94  19.90  19.98  20.76  20.57  18.94  21.06  25.64  21.64  24.93  26.85  24.00  23.84  20.92  20.76  21.21  21.44  20.10  20.54  20.50  21.23  19.19  21.03  25.01  24.25  24.20  26.87  24.16  24.25  23.66  21.20  20.19  23.52  

0
21.58  21.28  20.80  21.24  20.56  25.66  21.12  24.12  27.23  25.00  22.37  20.99  20.84  20.96  21.03  20.61  20.11  20.70  20.31  20.69  20.45  23.91  22.55  25.02  24.92  25.32  23.55  23.85  21.23  20.25  20.67  21.08  21.31  20.61  20.02  20.22  18.11  23.26  23.69  23.94  24.01  24.07  24.09  24.79  21.85  21.50  20.64  21.73  21.57  20.66  21.14  20.85  19.74  21.48  25.53  23.04  23.85  23.17  23.45  23.29  19.86  20.46  20.99  21.54  

0
20.49  20.98  22.36  21.22  23.36  22.82  23.67  24.22  24.13  23.37  24.88  21.56  20.11  20.69  21.86  20.92  20.37  20.68  21.01  21.14  21.73  25.52  22.74  23.12  22.97  23.21  24.16  22.02  20.41  20.37  21.36  21.22  21.30  20.47  20.73  21.22  19.74  23.66  24.29  22.63  22.05  23.54  21.91  20.67  21.13  19.46  20.35  20.65  20.82  20.24  20.48  20.22  18.88  20.43  21.47  22.59  22.70  22.59  20.84  21.22  20.24  20.74  20.00  20.25  

0
21.58  21.00  21.20  22.58  24.52  23.40  22.80  22.58  24.14  23.05  21.48  20.87  20.36  21.09  20.89  20.61  19.56  22.35  20.78  20.69  21.43  23.91  23.25  22.63  22.68  22.41  20.57  20.29  21.00  19.75  19.13  20.31  20.46  20.61  20.63  20.56  17.94  21.05  21.07  21.93  21.76  23.76  20.87  21.45  20.67  20.11  19.51  20.82  20.98  21.75  21.53  21.83  19.18  20.79  20.13  21.15  20.86  20.75  21.21  20.62  20.26  21.47  18.86  21.17  

0
21.29  21.30  20.95  21.62  22.69  23.30  22.26  23.03  23.28  20.52  21.05  19.95  20.01  20.97  21.32  20.94  21.21  21.22  20.56  21.16  20.47  21.75  20.73  20.70  22.07  21.19  20.90  20.63  21.82  20.77  20.83  20.32  21.46  20.49  20.52  19.54  18.45  20.31  21.40  21.84  21.04  20.60  20.78  20.80  20.57  20.50  20.65  21.59  21.43  20.81  20.50  20.61  19.89  21.72  21.16  20.38  21.22  21.11  21.10  20.38  20.13  20.91  21.17  20.28  

0
21.25  20.69  21.04  21.46  21.01  21.65  22.55  21.09  20.70  20.93  19.88  20.26  19.61  20.80  21.43  19.94  19.81  21.31  20.88  21.36  20.32  20.02  20.69  20.87  20.04  21.25  20.76  20.15  21.21  20.23  21.20  20.59  19.86  20.20  20.36  20.87  17.08  21.02  20.62  20.99  20.90  20.99  20.42  20.66  20.65  19.96  20.75  20.49  20.80  20.91  21.63  20.95  19.01  21.34  20.90  21.24  21.42  21.08  20.70  20.96  20.89  21.01  20.32  20.05  

0
20.23  20.46  21.89  21.40  21.08  20.67  23.06  21.04  20.88  19.88  20.40  19.97  20.64  19.82  19.93  20.16  21.24  21.37  19.98  20.84  20.82  20.83  20.14  20.42  20.32  20.49  20.93  21.09  19.99  20.17  20.71  20.50  20.64  20.13  20.66  20.82  18.64  20.12  20.37  20.85  21.48  21.16  20.49  20.83  20.47  19.77  19.41  19.47  21.02  20.43  19.74  20.52  19.64  20.36  21.07  20.63  21.25  20.91  20.77  20.66  20.43  21.80  19.23  20.12  

0
20.68  20.31  20.70  21.14  20.71  21.59  20.92  21.37  20.08  20.20  20.72  20.55  19.66  20.07  21.76  20.31  20.13  20.85  20.69  20.13  20.37  20.82  20.43  20.30  20.41  20.37  21.02  20.53  20.21  20.66  20.28  20.49  20.34  20.12  20.17  20.24  19.45  20.75  20.78  20.94  21.26  19.64  20.26  20.15  21.05  19.88  20.10  20.69  21.59  20.55  20.12  20.13  19.76  20.93  20.95  20.95  20.54  21.13  21.47  20.64  21.07  21.93  21.02  21.02  

0
19.75  20.45  20.83  21.14  20.83  21.12  19.79  20.35  21.09  20.09  20.83  20.55  20.75  20.46  21.48  21.59  20.55  20.34  19.85  20.13  21.45  21.13  20.74  20.41  20.52  20.27  20.48  20.64  20.45  20.28  20.42  20.80  21.90  20.63  21.01  20.13  18.79  21.18  20.57  20.63  20.84  20.93  20.05  20.82  20.34  21.02  20.66  20.84  20.26  20.82  20.78  21.24  19.48  20.70  21.17  21.18  20.89  21.59  21.47  21.13  21.86  21.64  20.37  22.28  

0
21.43  20.43  20.67  21.48  21.39  21.22  21.12  20.89  20.84  21.51  20.13  20.52  20.36  19.91  21.45  21.41  20.11  20.95  19.83  20.46  20.24  21.32  20.00  20.38  20.91  21.17  20.13  20.18  21.23  20.25  20.95  21.08  20.32  19.84  21.11  20.22  18.44  21.26  20.65  21.53  20.71  20.80  20.23  20.79  19.72  20.37  21.34  20.67  20.98  20.25  21.27  20.85  20.16  21.25  21.15  21.04  20.75  20.52  21.09  21.35  21.71  20.75  20.02  20.26  

0
20.81  20.14  21.20  21.48  20.09  21.10  20.22  21.12  21.17  21.07  19.68  20.52  20.72  20.96  21.03  20.29  19.83  19.54  20.78  19.88  20.78  20.79  20.82  20.07  20.39  21.07  21.21  20.29  21.23  20.63  20.12  20.77  21.31  19.84  20.02  19.76  17.44  21.37  21.29  20.71  21.03  21.12  20.34  20.57  20.20  20.87  19.94  20.20  20.38  20.66  20.75  20.97  19.18  20.90  21.82  20.59  20.63  20.75  20.97  20.86  20.12  21.18  21.64  21.36  

0
20.50  21.00  20.80  21.36  20.80  20.98  20.44  20.66  21.40  20.17  20.36  20.99  20.60  20.57  21.31  21.73  20.52  20.57  20.67  20.34  20.78  21.00  19.89  20.38  19.54  21.07  20.67  20.29  21.23  20.76  21.09  20.31  20.32  20.10  20.51  20.56  18.11  20.83  20.44  21.02  21.13  21.01  21.71  20.57  20.08  20.87  20.08  20.67  19.63  20.25  19.44  20.72  19.60  20.44  20.58  20.70  20.75  20.63  20.85  21.35  20.12  20.46  20.51  21.54  

0
20.82  21.58  20.95  20.88  20.81  21.11  20.46  20.79  20.52  20.52  20.03  20.30  20.85  20.45  20.76  20.30  20.53  20.32  20.20  21.28  20.03  20.80  21.75  20.81  20.40  21.08  21.44  20.41  21.13  19.63  20.41  21.71  20.76  20.36  19.79  21.36  16.45  20.31  20.77  20.62  21.04  21.77  20.78  20.58  21.28  20.38  20.37  20.52  20.40  21.22  20.63  20.61  19.75  20.57  21.38  21.50  20.41  21.00  21.58  21.73  20.00  21.34  21.33  21.37  

0
21.11  20.70  21.58  21.10  20.91  20.97  20.32  21.10  21.16  21.06  20.34  20.51  21.07  21.34  20.45  20.92  20.37  21.07  19.81  19.75  21.20  20.46  20.60  20.37  20.27  20.95  21.09  20.93  20.29  20.12  21.36  20.91  19.87  20.21  19.52  20.43  17.93  21.03  20.21  20.70  21.01  21.00  20.86  20.56  19.83  21.24  19.78  20.50  20.07  20.79  21.26  20.59  20.56  20.54  21.47  20.35  20.38  21.20  20.11  19.49  19.84  21.32  20.33  22.06  

0
20.36  21.01  21.73  21.00  20.46  20.64  21.02  20.56  20.85  20.52  20.93  20.18  20.61  19.79  20.76  20.30  21.76  21.09  20.20  20.82  20.36  21.01  20.73  20.91  20.50  20.77  20.79  20.19  20.20  20.14  19.71  20.79  20.04  20.11  20.76  20.57  19.11  20.95  20.56  21.44  21.04  20.38  20.88  21.13  20.45  20.12  19.67  20.22  21.14  21.36  21.28  21.48  19.89  20.57  21.27  20.83  20.52  21.23  20.50  20.01  20.53  20.76  20.03  20.46  

0
21.02  20.76  20.85  21.29  20.14  21.27  21.06  20.83  19.88  20.56  19.96  20.69  21.61  20.75  22.20  21.46  21.52  20.75  20.36  20.74  20.94  21.16  20.05  20.23  20.44  21.43  19.96  20.56  20.35  20.94  21.70  20.20  20.80  20.28  19.95  20.04  17.66  20.24  21.12  21.48  20.97  20.74  21.66  21.50  20.96  20.80  20.27  20.56  21.47  20.85  21.06  21.27  20.21  20.84  20.63  21.31  21.61  21.27  20.30  20.79  20.84  21.67  21.04  20.50  

0
20.17  20.26  21.04  21.09  21.01  20.37  20.98  20.75  20.25  20.04  20.33  20.50  22.13  20.02  20.30  20.26  20.22  20.28  20.40  20.32  20.86  20.66  20.90  20.46  20.47  20.53  21.51  20.81  20.39  21.86  20.93  20.75  20.43  20.07  20.12  20.42  18.08  20.70  20.73  21.50  21.00  20.77  20.74  20.10  20.88  20.97  20.47  21.71  20.95  20.50  21.37  20.82  19.99  20.53  21.23  21.57  20.95  20.73  21.30  21.21  20.36  21.01  20.97  21.15  

0
20.35  21.57  21.33  21.11  19.61  21.22  20.44  21.00  21.06  20.29  19.33  21.11  20.48  21.48  21.03  20.93  20.79  20.70  20.07  20.46  20.34  20.47  20.92  20.18  20.81  20.76  20.13  19.96  20.30  20.00  20.67  20.31  20.74  21.62  20.87  20.56  18.77  21.58  21.18  21.53  21.65  20.80  20.98  20.90  21.03  20.62  19.51  22.03  20.08  21.21  21.40  20.48  20.16  21.37  21.59  20.59  20.63  21.45  21.09  21.11  20.92  21.47  20.51  20.99  

0
21.57  19.55  21.05  20.98  21.38  20.50  20.20  21.55  21.16  20.05  20.01  20.28  21.67  20.16  21.16  20.76  20.37  20.43  20.41  21.02  20.55  20.99  20.91  20.99  20.27  20.75  20.77  20.71  20.52  20.49  20.66  21.22  20.59  21.35  21.21  21.34  18.42  20.82  20.85  21.11  21.12  21.43  20.54  20.67  19.71  20.61  19.78  20.04  21.11  20.65  21.13  20.59  19.59  21.12  21.47  20.69  20.38  21.20  21.08  20.23  21.82  20.59  20.17  22.24  

0
20.22  20.45  21.49  21.14  20.71  20.89  20.47  20.46  21.31  20.98  20.50  20.55  20.75  20.72  20.63  21.75  20.82  21.23  20.33  21.06  20.37  20.71  19.92  20.41  20.94  20.27  20.16  20.97  20.21  20.53  20.42  20.64  20.77  21.01  19.69  20.81  18.13  20.43  21.63  21.14  20.84  20.39  21.11  20.82  20.70  20.26  20.24  20.54  21.00  20.96  21.68  20.87  19.76  20.35  20.27  20.95  20.07  20.89  20.99  21.26  20.28  21.07  20.04  22.10  

0
20.17  21.82  21.17  21.21  20.89  20.61  20.19  20.98  20.36  20.04  20.67  20.38  20.94  20.54  20.86  20.90  21.18  20.54  20.52  20.43  20.54  21.08  20.38  20.87  20.78  19.80  20.00  20.48  20.51  19.98  20.23  21.21  20.01  20.07  19.76  21.10  18.41  20.92  20.73  21.50  20.79  21.20  20.95  21.54  21.12  20.21  20.89  20.18  20.95  19.95  20.60  20.58  19.15  20.88  21.35  20.68  21.42  21.19  20.70  20.96  20.36  21.30  19.17  22.41  

0
20.05  21.15  21.87  22.35  20.46  20.88  20.11  20.45  20.40  20.52  20.03  21.00  20.49  20.45  21.18  19.81  20.40  20.58  20.44  20.93  20.14  20.59  20.11  20.29  20.50  20.67  20.14  20.41  19.49  20.01  20.41  20.63  21.18  20.11  20.76  20.11  18.78  21.06  20.98  20.41  20.31  20.70  20.25  20.92  19.49  20.25  21.07  20.22  19.80  19.58  21.54  20.49  19.61  20.92  20.82  20.94  21.69  21.46  20.26  20.14  19.87  20.33  19.37  20.09  

0
20.54  20.61  21.50  21.27  20.84  20.44  20.14  20.81  20.77  20.66  21.18  20.09  21.00  20.34  20.36  20.00  20.15  20.86  20.35  20.96  20.27  20.20  20.24  20.32  20.53  20.80  20.50  20.65  20.46  19.91  20.15  20.04  20.64  20.13  20.54  20.60  18.15  21.19  20.69  21.16  20.54  20.30  21.22  20.83  20.47  19.90  19.55  19.63  20.87  21.52  20.66  20.39  19.08  20.94  20.17  20.96  21.60  20.91  21.48  20.78  19.89  20.21  20.54  20.48  

0
21.29  21.30  22.00  20.63  20.22  21.23  20.23  21.02  20.29  20.41  19.80  20.54  20.73  19.92  20.19  22.69  20.53  20.07  20.68  20.93  20.68  20.49  20.11  21.12  20.61  21.08  20.47  19.97  20.67  20.39  19.99  19.38  19.90  20.62  20.40  20.57  18.12  20.10  20.77  20.72  20.83  20.38  20.88  20.58  21.04  19.74  20.51  21.29  20.84  19.99  19.85  21.11  19.61  21.03  20.37  19.92  20.64  20.65  20.98  21.61  20.40  21.05  20.84  21.55  

0
22.06  21.02  20.30  21.14  19.99  21.36  21.26  20.80  20.30  19.52  20.04  21.01  20.63  20.99  21.06  21.59  20.13  21.61  19.73  20.37  20.26  20.92  21.15  21.33  20.73  21.20  21.13  20.53  20.09  20.66  21.39  19.71  20.20  20.38  20.29  19.90  17.47  20.22  20.57  20.53  20.84  20.50  20.37  19.71  21.76  20.77  21.08  21.30  19.51  21.23  20.65  20.87  19.76  20.81  20.50  20.61  20.19  21.47  20.27  20.77  20.81  20.49  19.88  19.92  

0
21.29  21.58  20.55  21.00  21.05  20.41  20.34  20.79  20.85  20.41  19.58  20.30  20.98  19.52  20.90  20.78  20.40  20.32  19.96  21.05  21.22  20.70  20.32  21.01  20.19  20.77  21.55  20.85  20.08  20.77  20.96  21.09  20.33  20.62  21.00  21.14  17.62  21.17  20.87  21.34  21.14  21.03  21.30  20.47  20.57  21.01  19.81  20.52  20.40  21.76  20.76  21.23  20.31  21.38  21.27  20.60  21.11  20.88  20.98  20.38  20.40  20.91  21.17  20.82  

0
21.15  19.88  21.49  21.75  20.35  20.66  20.01  21.48  21.20  20.54  19.93  19.49  20.02  20.85  21.20  20.47  20.00  20.46  20.09  20.83  21.34  20.61  20.85  20.30  21.46  20.89  21.02  20.64  20.45  20.66  20.00  21.42  20.63  20.89  20.65  20.01  18.46  21.18  21.21  20.73  21.47  20.93  21.42  20.71  20.34  20.01  20.24  20.54  20.71  21.10  21.04  20.50  19.48  20.93  21.28  21.06  20.77  20.78  20.51  21.13  20.01  20.63  20.53  20.65  

0
21.34  20.92  20.60  21.18  20.75  21.05  21.41  21.29  20.23  20.46  20.31  20.82  21.62  21.41  20.67  20.67  20.04  21.27  20.61  20.41  20.63  21.07  20.78  20.55  20.24  21.03  21.06  21.44  21.07  20.19  20.46  19.59  20.95  21.05  20.09  21.19  19.16  21.11  21.67  20.26  20.67  21.50  20.93  20.75  20.14  20.93  20.42  20.73  20.60  21.95  21.85  21.16  20.22  20.97  21.10  21.44  21.04  20.93  20.79  20.43  21.24  20.96  21.22  21.24  

0
20.82  20.87  22.13  21.00  20.57  20.64  20.68  21.02  21.07  20.07  21.05  20.54  19.64  21.23  20.90  20.62  20.26  20.96  21.15  20.59  21.01  21.01  20.21  20.70  21.03  20.36  21.22  20.19  20.55  20.90  20.41  20.32  20.47  20.24  20.52  20.46  18.12  20.85  20.34  21.23  20.93  20.60  20.35  21.02  20.80  21.14  20.09  20.37  21.29  20.95  20.89  20.86  20.45  20.45  20.71  21.05  20.99  20.30  20.62  20.75  20.67  20.76  20.68  20.28  

0
20.85  20.61  22.02  21.27  21.31  21.49  20.48  20.25  20.77  19.54  20.73  21.03  20.16  20.47  20.22  20.00  20.01  20.86  19.98  20.03  19.95  20.94  20.03  20.32  21.37  20.80  20.71  20.10  19.99  19.91  20.57  20.04  20.93  20.64  19.94  20.94  18.48  20.87  20.26  20.23  20.96  20.73  20.49  20.72  20.59  21.04  20.40  19.32  21.02  20.57  20.66  21.01  20.06  20.59  20.51  20.63  21.13  20.91  20.53  20.53  19.63  20.06  20.22  19.75  

0
20.54  20.75  21.50  20.29  21.19  20.44  19.91  21.49  20.99  20.88  20.17  20.33  20.28  21.00  19.79  19.03  20.29  20.73  20.11  20.73  21.03  20.51  20.45  19.90  20.21  21.01  20.39  20.54  19.87  20.42  20.57  20.19  19.64  21.28  21.14  19.80  18.97  20.55  21.64  21.26  21.17  20.30  20.17  20.39  20.59  19.90  19.41  19.47  20.42  20.15  20.79  20.39  19.36  20.01  19.83  21.53  21.02  20.44  20.53  20.66  19.76  20.35  20.05  19.93  

0
21.43  21.85  21.20  21.48  20.09  20.98  20.44  21.12  21.29  20.17  20.24  20.76  21.56  20.83  21.17  21.25  20.25  20.44  20.43  20.11  20.89  20.58  21.13  20.49  20.17  21.17  20.89  20.94  20.54  20.51  20.26  21.08  19.89  19.97  20.02  21.01  16.44  20.83  20.86  20.61  21.34  21.44  19.81  20.46  20.79  21.00  19.94  21.43  20.08  21.21  21.53  21.22  19.74  20.56  20.58  20.70  21.09  20.98  19.89  21.23  21.44  21.18  20.67  22.26  

0
20.95  19.98  21.45  20.98  21.26  21.44  20.09  20.88  20.49  20.50  20.91  20.86  20.59  20.95  21.72  21.08  21.05  20.04  20.89  19.98  20.98  21.20  20.91  21.09  20.27  20.85  19.68  20.27  20.17  20.24  20.38  20.91  21.30  20.08  20.97  20.32  18.26  21.14  20.96  21.41  21.12  21.64  21.17  20.34  20.78  20.73  20.35  19.73  21.11  20.24  21.13  20.71  19.02  19.96  20.34  20.24  20.73  20.62  20.23  19.74  20.77  21.17  20.17  21.34  

0
20.08  21.32  22.15  22.13  20.96  21.25  19.34  20.59  20.09  19.88  21.07  20.44  21.48  20.74  20.64  21.61  20.97  20.73  19.98  20.26  21.03  20.62  20.55  20.63  21.05  20.59  20.28  20.98  20.92  20.92  20.71  20.35  20.07  20.90  20.78  20.48  18.64  21.09  20.37  20.44  20.86  21.48  20.80  21.05  20.24  20.66  20.68  20.86  20.42  21.11  20.14  21.13  19.08  21.40  20.51  21.19  21.25  21.14  20.89  20.53  21.09  21.08  20.05  21.76  

0
21.01  21.18  21.50  21.27  20.72  20.32  20.14  21.15  20.88  21.00  19.94  20.91  20.88  21.52  20.64  20.65  19.60  20.73  19.86  20.50  20.71  20.62  21.17  21.45  20.21  20.80  20.93  20.43  19.99  19.79  19.59  21.74  21.21  19.62  20.90  20.03  18.31  20.77  20.26  20.64  21.06  20.62  20.70  20.72  20.00  20.02  20.68  20.70  21.17  20.02  21.05  19.89  19.78  20.59  20.73  21.75  20.90  21.37  20.41  20.78  20.56  21.37  20.22  20.48  

0
21.47  20.61  21.37  20.91  21.19  22.18  21.05  20.13  21.21  20.10  21.30  20.33  19.67  20.08  21.63  20.81  20.97  21.25  20.58  20.61  20.92  21.04  21.27  20.52  20.84  21.32  20.39  20.65  20.92  19.91  20.57  21.27  20.93  20.39  20.42  20.60  18.64  20.98  21.75  21.36  20.86  20.62  21.01  20.06  20.47  20.91  21.10  20.55  21.61  20.57  21.95  20.76  19.78  21.06  20.85  21.19  20.43  21.14  21.25  21.02  20.43  21.08  20.87  20.85  

0
20.82  20.29  21.60  21.62  20.22  20.88  20.46  19.99  20.29  20.97  20.82  20.89  20.01  20.71  20.90  20.30  20.67  20.45  19.23  20.24  20.47  20.70  19.80  19.88  20.50  21.60  20.90  20.74  20.78  20.14  20.69  20.63  20.76  21.00  20.52  21.02  18.94  20.31  20.87  21.03  20.93  20.81  21.20  21.13  20.45  20.25  19.67  21.59  21.58  20.68  19.85  20.24  19.47  21.03  20.71  21.72  21.22  21.23  20.38  20.63  20.67  21.34  21.01  19.36  

0
21.16  21.89  21.63  21.03  20.84  21.25  20.71  20.59  19.75  20.44  20.40  20.91  19.79  21.00  21.07  21.13  19.74  20.99  20.82  20.61  20.92  20.72  20.24  20.52  20.21  20.49  20.28  21.09  20.34  19.53  19.73  20.66  21.07  20.52  19.94  20.37  17.15  21.40  20.79  21.26  20.96  20.19  20.70  21.27  20.83  20.15  20.68  20.40  21.61  19.47  20.01  20.89  18.80  20.24  20.85  20.18  21.36  20.44  21.01  19.79  21.09  20.64  19.73  19.38  

0
20.99  21.31  21.49  19.90  19.99  20.19  19.79  20.57  20.42  20.54  21.17  20.43  20.39  20.46  20.49  19.66  19.86  20.59  20.09  20.72  20.04  20.08  20.33  20.20  20.09  20.58  20.48  20.42  19.98  19.90  20.00  21.72  20.77  20.63  20.77  20.13  19.12  20.75  20.36  20.73  20.84  21.04  20.47  20.49  20.82  21.02  19.82  20.84  21.45  21.10  21.30  20.25  19.62  20.58  20.04  21.18  20.42  20.89  20.87  21.01  21.34  20.34  20.37  21.38  

0
20.99  20.31  20.70  20.52  20.83  20.77  20.13  20.57  20.08  20.20  20.95  20.08  20.51  20.46  22.32  20.79  20.96  20.59  19.97  20.95  20.26  20.08  20.43  20.72  20.62  20.68  19.72  21.19  20.68  20.03  21.26  21.11  21.20  21.01  21.01  20.47  18.79  20.32  20.78  21.55  19.90  20.50  20.26  21.04  21.29  20.90  21.36  21.91  20.71  21.78  20.52  20.75  19.90  20.58  20.95  21.18  20.77  21.82  21.23  21.38  20.94  21.79  21.18  21.74  

0
21.92  21.46  22.02  20.91  20.24  20.67  20.14  19.67  20.77  19.42  20.96  20.79  20.04  21.13  22.19  21.29  20.70  20.73  20.58  20.15  21.25  20.30  20.45  20.83  20.53  20.07  21.14  20.32  19.76  20.55  21.13  21.74  20.50  20.52  20.30  20.82  17.48  21.30  19.94  20.85  20.44  21.16  20.70  21.27  19.88  20.91  19.83  20.24  20.57  20.70  21.44  21.01  19.64  21.52  20.28  19.83  20.55  20.91  21.13  21.15  20.29  20.35  20.05  22.65  

0
20.63  20.11  21.96  20.72  20.30  20.96  21.55  20.52  21.15  20.60  20.78  19.67  20.94  20.54  20.15  20.26  20.36  20.67  20.28  20.78  20.97  20.98  20.28  20.25  20.15  20.53  20.32  20.59  20.16  19.98  21.07  19.82  20.43  19.81  20.72  20.42  18.25  20.38  20.41  21.30  19.85  20.13  20.74  20.77  20.41  20.47  19.63  21.55  20.06  21.05  20.73  21.07  18.16  21.11  20.22  20.00  20.25  21.19  20.82  20.72  21.42  21.59  22.10  21.15  

0
21.81  20.36  20.75  21.31  20.88  21.76  20.52  21.42  20.92  20.36  20.32  21.18  20.19  20.64  21.67  20.53  20.32  19.87  20.14  21.00  21.07  20.76  20.79  20.97  20.36  21.46  20.86  21.13  20.96  20.71  20.61  21.31  21.11  20.94  20.46  20.06  19.50  20.59  20.51  20.68  20.16  20.23  20.63  21.09  20.51  20.32  21.27  21.81  20.91  20.33  20.83  21.17  20.93  21.33  20.32  20.55  20.82  20.83  21.16  20.69  19.93  20.97  21.55  21.61  

0
21.48  20.33  22.43  21.53  20.49  20.33  20.27  20.83  19.88  20.67  20.63  20.22  20.65  21.01  20.66  21.30  19.61  21.00  20.12  20.86  21.37  20.95  20.67  20.85  20.86  21.53  21.16  20.34  20.12  20.31  20.86  20.82  21.08  20.53  20.44  20.27  18.82  21.20  20.81  20.96  21.39  20.42  20.18  21.06  20.13  20.29  21.39  19.64  20.88  21.67  20.54  20.65  19.23  20.84  20.75  20.98  20.33  20.80  21.26  21.53  20.04  20.95  20.56  21.41  

0
20.72  21.06  22.18  21.91  20.75  22.21  20.85  21.41  21.46  20.80  20.87  20.82  20.42  20.50  21.66  20.99  20.86  20.38  20.01  20.87  20.73  21.38  20.99  20.55  20.76  20.62  20.74  20.57  20.72  20.70  20.60  20.99  20.38  21.30  21.05  20.85  18.50  21.22  20.39  20.26  21.51  20.76  20.93  20.30  21.09  20.30  19.86  21.04  21.34  20.73  21.21  20.54  19.24  21.08  20.76  20.99  20.81  21.05  20.67  20.06  20.72  21.39  21.22  21.06  

0
21.35  21.36  21.27  20.82  20.28  20.94  20.52  20.63  20.24  20.36  21.22  20.95  20.56  20.25  21.39  21.01  20.19  19.87  21.34  20.30  20.53  20.87  20.59  20.36  20.57  20.94  20.10  20.69  20.15  20.71  20.75  19.92  21.39  20.81  20.46  20.41  19.17  20.48  20.41  21.30  21.10  21.52  21.16  21.09  20.98  19.30  19.45  19.82  21.65  21.15  21.48  20.55  19.96  20.40  21.22  20.55  20.24  20.48  21.28  20.69  20.07  20.54  20.58  19.79  

0
20.13  21.09  20.50  21.57  21.24  21.19  19.85  20.86  20.93  21.05  20.67  21.08  20.57  21.05  21.26  21.18  20.34  20.27  20.16  20.20  21.41  20.99  20.08  20.99  20.79  20.43  20.22  20.70  20.04  20.47  20.20  21.79  21.68  20.70  20.35  20.87  18.36  20.60  20.53  20.28  21.01  21.64  20.75  20.44  20.52  21.46  20.59  20.60  21.81  20.34  20.32  20.32  19.55  20.88  21.57  20.11  20.48  20.49  20.46  21.07  20.87  21.27  20.76  21.63  

0
21.63  21.05  21.51  21.04  21.32  21.15  20.38  20.71  20.89  21.01  20.75  21.16  21.01  20.49  20.66  22.41  20.57  19.72  19.76  20.51  20.72  20.74  20.97  21.15  20.75  21.33  20.07  20.78  21.05  19.67  20.73  20.82  19.94  21.04  20.92  20.15  17.66  21.42  20.27  21.48  21.08  20.64  20.50  20.84  20.72  21.30  20.41  20.41  21.18  20.85  20.41  21.15  20.35  20.61  20.52  20.75  20.45  20.92  21.38  21.77  20.97  21.81  21.53  22.13  

0
21.49  20.92  21.79  21.30  20.98  21.63  20.28  21.63  21.35  20.80  19.85  20.00  20.06  21.02  21.09  21.31  20.72  21.14  21.09  20.41  20.41  20.96  20.68  20.34  20.55  20.62  20.63  20.79  19.78  20.82  20.88  21.91  21.23  21.43  21.05  20.85  18.01  21.43  21.35  21.59  20.99  21.29  21.25  20.30  20.38  22.06  20.56  19.34  21.19  21.41  20.16  21.28  20.08  20.39  21.43  21.33  20.22  21.63  20.43  20.80  20.72  21.10  21.06  21.06  

0
21.20  21.36  22.06  21.07  20.99  20.82  20.41  20.63  21.14  20.14  21.45  22.11  20.92  20.51  20.68  21.01  20.46  21.54  21.22  21.00  21.07  21.29  20.69  21.08  20.67  21.15  21.18  21.13  20.26  20.84  21.31  21.16  20.40  20.81  20.82  20.63  18.85  21.12  20.83  20.99  20.26  20.77  21.16  20.76  20.39  20.69  20.99  20.44  20.31  21.29  21.86  20.43  19.68  20.52  21.00  21.11  20.82  20.71  20.56  20.94  21.12  20.54  20.74  20.89  

0
20.38  20.31  20.43  21.26  21.77  21.01  20.13  20.35  20.53  19.98  20.61  21.01  20.63  20.33  20.63  20.79  20.41  20.85  20.69  20.60  20.80  21.13  20.23  20.41  21.15  21.30  20.70  20.75  20.68  20.66  20.98  21.42  19.91  20.63  20.17  20.36  18.79  21.07  21.10  20.53  21.26  21.68  19.94  20.93  20.93  21.27  20.66  20.08  21.30  21.23  21.30  20.25  20.74  21.04  20.50  20.50  21.00  21.01  21.71  20.64  20.81  20.49  21.66  20.11  
