Start of this file: 14:24:57 01/05/2017
0
21.50  19.93  21.27  20.33  20.99  20.36  20.18  20.74  21.03  21.26  20.32  21.30  20.44  20.64  19.40  19.88  20.87  20.00  20.86  20.88  20.31  19.59  20.69  20.56  20.78  20.42  21.18  20.80  19.56  19.70  18.64  19.76  21.11  20.56  20.10  20.18  18.52  20.37  20.51  20.06  21.00  19.80  20.42  21.20  20.87  21.07  19.87  21.05  20.16  20.88  20.96  20.92  19.12  19.93  20.09  21.79  21.52  20.59  21.64  21.31  20.60  21.12  20.74  19.79  

0
21.07  21.39  20.90  20.48  20.43  21.67  20.43  20.88  21.16  20.72  20.69  20.74  21.18  21.32  21.13  21.19  20.62  20.93  19.81  21.14  20.88  20.47  20.61  20.38  21.12  20.86  20.88  20.17  20.17  20.86  19.80  21.03  19.99  21.22  21.21  20.77  18.54  20.51  20.75  21.01  20.29  20.79  20.97  20.45  20.66  21.60  20.18  20.77  20.34  20.49  20.85  21.20  19.56  20.54  20.35  20.92  20.96  20.74  20.35  21.09  21.15  20.42  21.26  22.18  

0
21.68  20.10  19.84  20.97  21.02  19.79  21.11  20.88  21.05  20.84  20.46  21.21  20.34  21.45  20.57  20.23  20.76  20.80  20.77  20.33  20.88  20.47  20.92  21.00  21.43  20.76  19.80  20.39  19.94  20.61  20.50  19.79  20.42  21.22  20.73  20.20  18.87  20.83  21.60  21.53  21.34  21.65  20.65  20.34  20.54  20.85  19.62  19.54  21.08  20.90  20.98  20.70  19.98  21.70  21.02  20.46  20.96  20.74  20.47  20.84  20.49  21.14  20.28  19.26  

0
21.57  20.28  20.41  21.25  20.46  21.24  20.81  21.48  20.87  20.76  20.61  20.90  21.10  20.84  20.60  20.27  20.53  20.58  19.85  20.83  20.27  20.51  20.14  20.93  20.31  20.69  20.92  20.21  20.21  20.39  20.26  20.30  20.18  19.08  20.53  20.13  17.92  20.97  20.90  20.54  20.85  21.15  20.27  20.82  20.93  19.62  21.20  20.19  19.93  20.12  21.15  21.36  18.90  20.46  20.84  21.18  21.12  20.89  19.78  20.76  20.66  19.14  19.83  19.12  

0
21.87  19.42  19.88  19.77  19.75  20.42  20.70  20.23  20.75  20.87  20.61  21.01  20.62  20.31  21.31  20.75  20.25  21.35  19.85  21.06  19.83  21.56  20.45  20.21  20.63  21.11  20.70  20.75  20.56  20.27  20.81  20.61  20.03  21.38  20.53  20.70  17.75  21.08  21.11  20.44  22.00  21.47  20.48  20.93  21.17  20.25  20.08  21.57  20.68  21.62  20.37  20.86  20.16  21.96  20.95  21.18  20.88  21.01  21.35  21.49  20.53  21.32  21.13  20.77  

0
19.85  20.97  19.86  20.24  20.91  21.33  21.12  20.66  20.39  20.29  20.58  20.75  20.96  20.68  21.85  19.92  21.45  21.70  21.02  20.57  20.78  20.38  20.42  21.01  21.02  20.67  20.46  20.07  21.23  20.87  20.37  20.58  20.72  20.72  20.02  20.33  18.88  20.52  20.76  20.51  21.45  21.34  21.09  20.58  20.43  20.61  20.19  21.85  21.24  20.51  20.61  20.10  19.72  20.09  20.81  20.59  21.21  20.86  20.60  21.34  20.50  20.43  20.78  22.91  

0
20.02  20.56  21.85  20.99  20.81  21.11  21.25  21.47  21.30  20.97  21.05  21.70  20.97  20.30  20.73  21.54  19.41  21.84  20.32  20.70  20.36  19.97  20.33  20.41  21.14  21.40  20.37  20.96  20.78  20.26  20.80  20.44  20.31  21.24  20.15  20.23  19.55  20.75  20.99  20.83  20.84  20.71  20.57  21.25  20.32  19.99  20.62  20.79  20.81  20.79  20.88  21.22  19.59  21.61  19.92  21.05  20.87  20.99  21.09  21.36  19.98  19.71  20.31  21.66  

0
20.63  21.13  20.67  21.24  20.69  20.64  20.23  21.36  21.08  19.63  20.60  21.35  19.76  20.96  20.88  21.06  21.47  20.44  20.55  21.85  20.80  21.02  20.84  20.41  20.51  20.37  20.80  20.19  20.31  20.00  20.52  20.44  21.02  20.61  20.75  21.25  17.24  21.07  21.31  21.45  20.84  21.14  21.21  20.59  20.56  21.25  20.20  21.40  20.66  19.97  20.49  21.34  19.73  21.15  20.71  21.72  20.52  20.53  20.98  20.99  19.98  20.88  20.47  20.39  

0
20.61  20.24  21.56  20.60  20.55  21.08  20.43  20.42  21.05  20.50  20.80  21.67  20.34  20.54  20.28  21.51  20.35  20.54  20.89  20.21  20.23  21.10  19.99  20.28  19.85  20.96  21.53  20.94  20.29  20.48  20.50  19.79  20.71  20.07  21.09  21.00  17.71  20.93  20.75  21.01  21.34  20.58  20.76  20.78  20.30  20.59  19.76  2016  20.62  21.12  20.33  21.37  21.26  20.48  21.04  20.22  20.63  20.22  21.42  21.12  21.62  21.02  21.36  19.60  

0
22.03  20.28  20.02  20.14  20.70  21.24  20.01  20.58  20.87  20.76  20.95  20.90  20.38  20.05  20.89  20.11  19.98  20.58  20.81  20.13  21.03  21.14  20.86  20.52  21.05  20.48  20.38  20.43  20.33  21.65  20.54  20.14  20.75  20.49  20.77  20.58  18.09  20.97  20.58  20.74  21.69  20.18  20.48  21.15  20.10  21.26  20.64  19.58  22.15  20.94  20.89  21.97  20.02  21.16  21.17  20.62  21.12  20.42  20.99  21.37  20.40  21.18  20.48  21.50  

0
21.08  20.26  19.99  20.86  20.68  19.92  20.67  20.55  20.95  20.74  20.47  20.29  19.87  20.02  21.43  20.24  20.64  20.30  20.18  20.69  20.35  20.48  20.32  20.19  20.08  20.35  20.57  20.18  20.07  20.24  20.23  20.11  20.29  19.96  20.02  19.42  17.56  20.84  20.66  21.13  21.04  21.02  20.98  19.91  20.90  20.35  20.61  20.63  20.35  21.19  21.13  20.59  19.01  21.13  20.70  21.26  20.39  20.98  20.24  21.34  19.97  21.30  19.47  20.56  

0
21.10  20.41  20.53  20.50  20.45  20.29  20.68  20.56  20.63  19.96  20.15  20.88  20.97  20.83  21.30  19.93  21.19  21.21  20.44  20.47  20.58  20.60  21.05  20.82  20.62  20.58  20.37  19.75  20.31  19.37  19.68  19.50  20.73  20.10  19.42  20.00  18.40  20.53  20.67  20.53  20.73  20.60  20.36  20.92  20.56  19.99  20.06  20.33  20.07  20.38  20.49  20.36  18.60  20.45  20.94  20.83  20.99  20.64  21.21  21.23  20.78  19.86  20.80  20.02  

0
19.86  20.27  20.80  20.75  20.21  20.88  20.34  20.79  21.08  20.19  20.26  20.30  20.00  21.22  21.30  20.26  20.38  20.44  19.47  20.12  20.36  20.92  20.12  20.72  20.30  20.58  20.48  19.75  19.96  19.75  21.08  19.66  21.02  20.35  19.55  20.46  19.06  20.75  20.56  20.32  20.73  21.35  20.47  21.03  20.92  20.75  20.90  20.49  21.40  21.06  21.14  21.71  20.01  20.80  21.38  20.83  21.68  20.76  21.69  20.74  20.25  21.02  20.80  22.20  

0
21.26  20.57  20.15  21.62  20.82  20.42  20.47  20.69  20.31  20.76  20.72  20.31  19.77  21.23  21.73  21.55  20.39  20.71  19.12  20.60  21.35  20.08  19.93  20.52  20.42  20.80  20.16  20.54  20.68  20.27  20.68  21.38  20.32  21.25  20.65  20.81  17.92  20.87  21.11  20.74  20.85  21.47  20.16  20.60  20.81  20.88  21.06  20.65  20.53  20.40  20.24  20.74  19.18  21.27  20.72  20.73  20.42  21.12  21.94  22.22  21.32  21.61  20.48  20.59  

0
20.33  20.98  21.59  20.01  20.21  20.88  20.80  20.90  20.41  20.53  21.05  20.77  20.00  19.91  21.16  21.38  19.83  20.95  20.67  20.82  20.36  20.81  20.43  20.61  19.03  20.58  20.58  20.74  20.43  20.51  21.49  21.82  20.31  19.71  20.99  20.00  17.74  20.64  20.56  20.83  20.63  20.93  21.31  20.03  20.80  20.75  20.90  20.64  20.22  20.93  21.01  20.73  19.31  20.91  20.48  21.05  20.75  20.64  20.62  21.36  19.72  20.44  19.98  20.57  

0
20.82  20.72  20.69  19.91  20.95  20.20  21.05  20.47  20.77  21.44  20.51  21.37  20.27  21.11  20.48  21.25  21.08  20.47  20.34  20.84  20.06  21.05  20.97  20.53  20.33  21.32  19.85  20.44  19.99  19.77  20.69  20.93  20.76  20.12  20.18  21.16  17.43  20.77  21.12  21.17  21.39  21.16  21.02  20.61  21.30  21.53  20.37  20.67  21.72  20.27  20.39  20.88  19.47  20.36  20.51  21.53  21.48  20.90  20.88  20.52  20.67  19.88  21.63  21.33  

0
20.96  20.71  20.94  19.77  19.99  20.77  20.92  20.92  20.53  20.31  21.06  20.55  21.46  20.97  21.03  20.91  20.53  21.22  20.21  20.83  20.27  21.67  20.14  20.21  20.63  20.28  20.60  20.65  20.68  20.77  20.12  20.30  20.89  20.49  20.65  20.01  18.42  20.65  20.58  21.36  20.75  20.08  20.80  20.82  21.17  20.25  20.22  20.65  21.12  20.67  20.50  21.11  19.04  20.70  21.06  21.63  21.58  21.12  20.63  21.25  20.92  20.89  20.97  21.68  

0
20.51  20.15  20.43  21.14  20.48  20.55  20.14  20.81  20.77  20.44  20.62  21.02  20.75  20.46  20.76  20.28  20.40  20.72  20.46  20.38  20.82  20.94  20.25  20.84  20.12  21.43  20.61  20.00  20.92  19.65  20.97  20.62  20.62  20.51  20.30  20.94  19.42  20.77  20.16  21.37  21.07  20.95  21.02  20.39  20.82  20.14  20.65  19.90  21.28  20.95  21.68  21.37  22.92  20.59  21.63  20.85  21.82  23.09  20.88  21.38  20.94  20.61  20.98  20.96  

0
20.37  20.45  20.70  21.03  21.20  19.97  20.72  20.94  21.67  23.54  21.42  21.15  20.28  20.21  20.49  19.65  20.96  20.99  20.23  20.86  21.80  20.53  20.16  20.24  20.55  23.88  21.48  21.11  20.93  20.17  20.98  20.17  20.91  20.77  20.67  20.84  25.14  21.74  21.24  20.87  20.46  23.19  22.60  20.07  20.84  20.66  20.80  20.68  20.55  20.42  21.05  21.63  21.70  21.53  21.42  20.75  21.03  21.96  23.96  21.03  20.95  21.20  20.18  20.06  

0
20.00  19.24  20.92  20.61  21.50  20.75  20.44  20.55  21.62  23.49  20.70  20.05  19.99  19.49  21.29  20.73  21.05  20.43  20.90  21.73  22.50  21.64  20.21  20.39  20.39  22.62  21.65  20.40  20.53  19.99  20.23  20.89  21.43  20.21  20.86  20.67  22.75  20.63  21.82  20.92  20.72  21.45  24.51  20.69  21.14  19.85  20.89  20.78  21.39  20.37  19.56  20.72  20.27  22.51  21.04  21.60  20.97  22.02  23.21  21.47  21.16  22.02  21.43  19.64  

0
22.03  21.57  21.47  22.71  20.46  20.89  20.81  21.26  21.42  23.95  21.17  20.78  20.38  21.10  20.75  19.78  20.11  21.09  21.05  22.44  23.06  23.22  23.29  23.17  21.68  23.35  21.78  21.08  20.21  21.27  21.23  21.38  21.59  20.75  20.29  22.60  24.19  25.05  24.44  23.08  23.33  23.79  23.82  21.04  20.81  20.38  20.64  21.26  21.86  20.67  20.37  22.09  25.44  26.67  25.02  23.83  22.85  25.11  23.59  22.22  20.79  21.61  20.97  22.40  

0
21.40  19.98  22.24  21.97  26.23  26.00  24.03  24.47  24.59  24.15  21.05  21.00  21.57  20.69  21.16  21.54  20.79  21.34  21.03  23.44  25.03  24.03  23.48  23.36  23.52  24.35  22.19  21.40  21.01  20.13  21.49  21.52  20.45  21.24  20.51  19.54  20.20  22.76  22.15  22.26  23.01  23.67  22.15  20.37  20.92  20.75  20.48  21.56  19.92  21.61  20.49  20.98  20.29  20.45  20.94  21.39  21.80  23.18  21.33  21.48  21.57  21.89  21.76  21.84  

0
21.12  21.44  21.22  22.12  20.72  21.48  22.51  23.50  23.96  21.33  20.62  20.79  21.11  20.85  21.75  22.67  20.26  20.98  20.82  20.73  20.93  20.94  21.58  22.88  23.24  21.32  20.82  20.88  21.04  20.15  21.24  20.46  19.47  20.38  20.54  20.60  18.43  20.77  21.01  21.17  24.96  21.38  20.39  20.50  20.11  20.77  20.65  21.28  22.02  20.55  21.17  21.12  19.61  21.40  21.41  21.41  21.71  20.90  21.24  21.14  20.81  20.61  20.17  21.33  

0
21.42  20.57  21.08  21.86  21.77  21.35  22.16  22.71  21.09  20.65  19.82  20.55  21.46  21.75  20.75  20.27  19.84  20.84  20.45  21.52  20.81  21.35  20.65  21.65  20.63  20.48  20.60  20.43  20.68  20.39  19.98  21.38  19.75  20.62  20.04  20.92  16.92  20.97  20.47  21.26  21.27  20.29  21.32  20.93  20.81  20.76  21.20  20.04  20.38  21.08  20.76  20.74  19.88  20.46  20.27  20.50  20.65  21.01  21.11  21.86  21.45  20.60  20.65  20.59  

0
19.89  21.44  21.35  22.12  21.43  20.90  20.60  20.93  20.32  19.99  20.17  21.02  20.03  21.11  20.33  21.41  20.26  21.74  21.06  20.96  20.39  21.57  20.46  20.53  21.06  20.91  20.93  20.11  20.57  20.41  19.71  20.77  19.33  20.76  19.81  21.05  18.76  21.41  21.33  20.76  21.28  20.95  20.28  20.94  20.35  20.26  19.95  20.05  20.24  20.27  21.30  21.49  19.61  20.82  20.96  21.53  21.25  21.02  21.00  22.47  20.01  20.47  20.33  21.33  

0
21.43  21.72  22.92  21.88  21.07  21.02  20.60  20.70  20.88  20.78  19.94  20.91  20.87  20.98  20.90  21.25  20.54  20.47  20.10  20.61  20.71  21.47  20.66  20.95  20.64  20.29  20.82  20.33  21.04  20.53  19.71  20.62  20.47  20.38  20.18  21.39  17.43  20.56  21.12  20.35  21.18  21.38  20.28  20.83  20.82  20.77  19.95  21.73  20.69  20.82  20.65  20.88  19.33  20.71  20.62  21.64  20.78  20.67  21.00  21.01  20.81  20.47  20.01  21.33  

0
22.05  21.17  20.97  21.28  21.08  20.56  20.38  20.14  20.56  20.23  20.41  19.99  20.89  20.21  21.06  20.30  20.28  20.74  20.83  20.04  20.84  21.06  20.57  21.06  20.55  20.82  20.95  20.01  19.65  20.17  19.86  19.70  20.34  20.65  19.71  20.95  17.11  20.46  20.71  21.18  20.56  21.82  21.45  21.18  20.36  20.66  20.38  19.91  21.15  21.10  21.05  21.14  19.49  21.42  21.53  20.87  20.09  21.03  20.53  20.90  20.95  20.62  19.53  20.43  

0
20.82  20.15  21.35  21.39  21.31  21.48  20.71  20.25  20.43  19.99  20.85  20.68  21.11  20.59  20.05  20.60  20.54  20.47  19.86  20.50  20.71  20.20  20.87  20.53  20.22  19.87  19.74  19.67  19.87  19.52  20.41  21.85  20.19  21.14  21.38  20.48  18.59  20.77  20.80  20.86  20.55  21.80  20.70  20.17  20.71  20.39  19.38  19.90  20.84  20.95  20.52  20.38  19.47  20.01  20.40  20.63  20.90  20.55  21.48  21.26  20.94  20.90  20.82  21.69  

0
21.44  21.02  20.44  21.89  21.08  20.56  21.06  20.60  20.78  20.79  20.52  21.04  20.89  20.99  21.90  21.10  20.83  21.37  20.59  21.43  20.73  20.22  20.78  20.13  20.76  20.41  19.97  20.56  20.47  20.42  20.84  21.86  19.48  21.15  20.19  19.81  17.95  21.64  20.71  20.67  22.02  21.50  21.14  20.96  20.72  21.29  20.52  21.14  20.55  21.24  21.31  20.52  19.91  21.07  21.76  21.76  20.91  21.38  21.49  20.66  21.21  21.92  21.48  22.42  

0
20.37  21.02  21.50  20.79  21.67  21.26  20.72  21.73  19.99  20.68  21.20  20.92  20.89  20.47  20.49  21.74  20.00  20.48  20.23  20.04  20.84  20.96  21.09  21.37  21.07  21.13  20.73  20.67  20.82  21.30  21.26  20.01  21.34  20.01  21.03  19.81  18.77  21.53  21.34  21.08  21.61  20.75  20.61  20.85  20.72  21.29  21.08  22.05  20.26  21.10  21.05  21.14  20.46  21.07  21.20  21.54  21.37  20.92  20.77  21.52  21.35  21.20  21.00  22.06  

0
20.67  20.74  22.28  21.40  20.85  21.50  21.40  21.62  21.12  21.23  20.64  20.34  20.65  19.94  21.20  21.90  20.28  21.25  20.23  20.51  20.73  20.96  20.47  20.44  20.34  21.13  21.05  20.67  20.70  20.92  20.28  21.71  21.05  20.77  20.67  20.95  18.77  21.10  20.71  20.36  21.29  21.07  20.61  20.96  20.84  20.15  20.10  20.83  21.15  21.10  21.05  20.64  19.63  21.30  21.31  21.32  20.68  20.80  21.49  21.27  21.87  22.07  21.32  21.34  

0
21.42  21.85  22.51  20.88  21.18  21.24  21.26  20.69  20.75  21.21  20.50  20.78  20.38  21.10  20.32  20.43  20.53  21.48  19.73  21.29  21.56  21.46  21.16  21.04  20.63  21.00  20.38  20.65  19.98  20.52  20.40  21.22  20.89  20.75  20.41  20.47  19.89  20.76  20.68  21.15  21.69  20.51  21.22  20.71  20.46  21.01  19.94  19.89  21.12  20.94  20.89  21.36  20.44  20.00  20.84  20.62  21.12  21.01  21.23  21.12  20.66  21.18  21.62  21.50  

0
20.96  21.00  22.12  21.50  20.94  21.47  20.01  21.37  20.53  19.64  20.27  20.19  20.26  20.05  21.03  21.23  20.94  21.22  20.69  20.83  21.13  20.72  21.06  20.42  20.21  21.62  20.60  21.52  21.37  20.39  21.37  19.52  21.87  20.11  20.41  20.81  18.75  21.29  21.00  21.46  21.06  20.94  21.53  21.59  20.34  21.14  20.64  20.81  21.56  21.35  20.76  21.23  19.88  20.46  20.38  20.73  21.46  21.59  20.99  21.25  21.06  21.90  20.16  21.13  

0
21.89  21.86  21.88  21.27  21.07  21.02  21.16  21.15  21.21  20.55  21.30  20.32  20.63  20.33  22.30  22.20  21.36  20.85  19.74  20.84  20.93  20.10  21.07  20.64  21.06  21.53  21.26  20.66  21.15  20.79  20.83  21.54  21.75  21.01  20.54  20.71  17.27  21.30  20.38  21.58  21.18  21.70  21.55  20.72  20.23  20.90  21.07  20.51  20.24  21.77  21.55  20.63  20.17  21.17  21.63  21.30  20.90  21.37  21.36  21.50  20.41  21.48  21.31  21.87  

0
22.19  21.15  21.61  21.75  20.95  21.60  20.71  20.70  21.33  20.21  19.72  20.44  21.35  20.98  21.89  19.80  20.68  21.11  21.41  21.30  20.82  20.20  20.66  20.95  20.54  20.81  21.04  20.66  21.15  20.15  20.55  20.00  20.90  20.12  20.54  20.48  18.10  21.09  21.12  21.37  20.44  21.06  21.76  21.05  19.99  20.52  21.07  20.21  20.39  21.09  21.55  21.74  19.89  20.48  21.30  20.40  20.90  21.60  21.48  20.40  20.81  20.76  20.82  20.60  

0
22.24  21.49  21.66  21.56  21.24  21.19  20.31  20.98  20.37  20.83  20.22  20.73  20.56  21.03  20.95  20.50  20.59  20.39  20.03  20.89  20.98  21.10  20.72  20.38  20.48  21.48  21.52  20.49  19.92  20.96  20.60  20.98  20.81  20.81  20.47  21.10  17.99  21.04  21.49  21.22  20.81  20.79  20.65  20.88  19.92  20.57  20.70  20.72  21.33  20.05  21.09  21.54  19.39  21.22  20.67  21.02  21.06  21.53  21.53  21.43  20.99  20.81  20.55  21.20  

0
21.76  22.45  21.90  21.54  20.74  21.97  20.96  20.27  21.02  21.13  20.42  19.88  21.38  21.01  21.21  21.59  21.11  21.26  21.68  20.52  21.28  20.34  21.10  20.87  20.56  20.73  20.42  20.79  20.60  20.43  20.99  21.72  20.21  20.40  20.44  20.85  17.46  20.90  20.40  21.70  21.31  21.19  21.15  20.75  21.20  21.17  20.54  21.45  21.46  20.98  20.80  20.03  20.61  21.20  20.99  21.22  20.92  20.81  20.91  21.28  21.88  20.64  21.17  21.35  

0
20.94  21.41  21.19  21.12  21.05  21.46  20.57  21.02  20.63  20.97  20.60  20.88  20.97  22.00  21.16  21.54  21.33  21.84  20.67  20.93  20.91  19.97  20.64  21.02  20.83  21.09  20.48  20.63  21.24  21.01  20.80  21.52  20.02  19.84  20.27  20.80  16.91  20.75  21.41  21.45  21.05  21.57  20.89  21.80  20.68  20.37  21.18  21.25  20.81  21.20  20.62  20.73  18.89  19.98  20.71  21.39  20.87  21.23  20.86  20.87  20.91  21.02  20.63  21.66  

0
21.12  20.72  22.40  21.75  22.48  22.41  20.82  22.39  21.66  20.89  20.85  20.21  21.71  21.11  21.18  20.93  20.40  20.08  21.18  20.03  21.90  22.41  20.97  20.64  20.43  20.60  20.61  20.88  21.27  20.53  20.13  21.39  20.47  20.89  19.94  21.05  18.26  21.62  21.23  20.86  20.76  20.31  20.60  20.94  20.94  20.64  20.79  20.82  20.54  20.00  21.81  20.51  20.03  21.17  21.41  20.85  21.71  20.55  21.24  21.01  21.86  20.03  20.98  22.23  

0
21.46  21.89  20.72  22.02  25.27  25.38  24.62  23.08  23.01  23.01  21.32  20.58  20.54  20.48  21.07  21.43  21.52  19.98  20.96  22.47  23.52  25.50  23.63  23.61  22.75  21.97  21.60  21.45  20.95  20.43  20.29  20.49  20.64  21.80  21.28  22.64  22.02  24.16  23.76  24.01  24.58  20.98  20.84  20.53  19.90  20.92  20.40  20.54  20.86  20.71  20.93  21.88  22.40  23.03  22.66  22.99  24.13  22.78  21.62  21.04  20.30  20.93  21.17  21.35  

0
21.14  21.73  22.02  21.65  20.85  20.09  20.84  20.60  21.00  20.90  20.30  21.27  20.53  20.08  23.01  21.58  20.55  20.22  21.07  19.93  21.05  21.27  19.96  20.75  20.65  20.72  20.62  21.11  20.59  21.30  20.56  20.63  20.77  21.28  19.95  20.72  19.10  20.78  22.19  21.49  20.88  20.96  20.93  21.18  21.66  20.53  21.22  20.37  20.70  20.42  21.18  21.01  21.02  21.53  21.87  22.65  21.72  22.30  23.03  20.66  20.69  21.64  20.67  20.98  

0
20.67  20.74  21.63  21.40  20.85  20.68  20.72  20.83  20.78  20.23  20.97  20.45  20.89  20.60  20.63  21.10  21.23  20.86  19.99  21.09  19.75  20.53  20.68  21.16  20.34  20.72  20.41  20.67  20.47  20.55  21.81  20.63  20.91  20.65  20.19  20.95  17.78  20.36  21.77  21.69  20.88  20.75  20.82  20.74  20.95  20.91  19.96  20.53  21.00  20.70  20.79  21.01  19.63  21.76  20.75  21.20  21.26  21.61  20.17  21.52  21.08  20.77  19.69  19.70  

0
21.44  20.74  21.10  21.65  20.85  21.38  20.84  21.05  21.34  20.56  19.39  20.10  21.49  19.94  20.49  20.30  20.28  20.09  20.47  20.39  21.05  20.43  19.96  20.55  20.44  20.82  21.05  19.90  21.05  20.17  20.14  20.01  20.34  19.88  20.67  20.84  17.78  20.46  21.03  21.18  20.77  21.07  21.14  20.41  20.84  19.51  19.25  20.53  21.88  20.56  20.92  20.40  19.21  20.84  20.97  20.98  20.91  21.15  20.77  21.76  20.95  20.77  20.35  20.79  

0
21.61  20.46  21.77  22.02  21.57  21.04  20.62  20.27  20.01  20.58  20.31  20.00  20.05  21.01  20.64  22.23  20.15  20.75  20.25  20.41  20.41  20.65  19.97  20.87  20.46  20.42  20.42  20.35  20.71  19.55  20.29  20.64  20.93  20.66  19.96  20.39  18.29  21.22  20.83  21.19  20.89  20.55  21.26  20.97  20.49  20.54  20.26  20.08  21.90  20.43  20.54  20.41  19.64  20.50  21.10  20.77  20.69  21.51  20.67  21.16  20.04  21.22  21.49  24.03  

0
20.34  21.00  21.73  21.25  21.29  21.24  20.36  20.35  20.08  19.75  20.16  20.66  21.58  20.18  21.73  21.87  21.21  20.07  20.69  21.18  21.56  20.40  20.34  20.62  20.73  21.00  20.38  21.73  20.68  20.52  21.09  21.22  20.60  20.49  20.65  20.58  18.58  21.40  20.58  21.56  21.06  20.62  21.11  21.15  21.17  20.38  21.20  21.26  20.08  20.94  21.67  20.74  19.32  21.62  20.95  21.63  21.12  21.24  20.75  21.00  20.79  21.47  20.48  22.22  

0
21.44  21.02  21.36  21.77  20.25  21.96  21.06  20.14  20.78  20.23  19.50  21.04  20.65  20.21  20.91  20.94  20.14  21.25  20.35  20.86  20.94  20.43  20.37  19.93  19.70  20.82  20.95  20.12  21.05  20.55  20.98  20.32  21.05  20.77  20.55  20.50  18.94  20.57  20.39  20.98  20.98  21.28  20.82  20.63  20.72  20.40  20.24  19.60  21.30  20.97  20.92  20.77  19.21  20.72  20.86  20.64  20.91  21.15  19.69  20.90  19.89  20.48  20.67  22.42  

0
20.70  21.76  21.39  22.28  20.99  21.52  20.41  20.74  20.13  21.37  20.44  20.83  20.79  20.63  21.36  22.24  20.58  20.89  20.62  20.88  20.86  21.40  20.80  20.47  20.36  20.43  20.54  20.26  20.49  20.82  20.86  21.12  20.65  20.03  20.94  20.29  18.80  20.60  21.16  21.41  21.01  21.09  21.48  20.65  20.74  19.79  20.97  20.55  20.43  21.40  20.42  20.30  20.21  21.67  20.66  21.00  21.05  20.94  20.80  21.91  20.45  20.50  20.53  21.55  

0
20.83  20.88  21.76  21.28  20.01  20.80  20.95  20.60  21.12  20.79  20.41  19.87  20.53  21.26  20.49  20.62  19.87  20.86  20.71  20.97  21.27  20.32  20.57  20.75  20.44  21.03  21.27  21.00  20.70  20.67  20.28  22.02  20.63  20.01  20.31  20.50  17.61  21.32  20.39  20.87  20.67  21.50  21.35  20.29  21.31  20.40  20.10  20.53  21.15  20.83  20.53  20.40  19.63  20.49  20.41  20.87  21.49  21.50  21.13  20.41  20.02  21.64  20.51  21.70  

0
21.61  20.89  22.03  22.02  21.10  21.86  20.85  20.73  20.23  21.02  20.65  20.58  21.02  20.75  20.64  20.95  20.29  20.49  19.65  20.29  19.87  21.07  21.00  21.07  20.67  20.42  20.20  20.35  21.06  20.31  20.57  20.95  20.78  21.29  20.80  20.28  17.96  21.12  20.93  21.09  20.99  20.76  20.20  20.42  20.61  20.04  20.11  20.69  19.97  20.98  20.93  21.15  19.50  20.85  21.43  21.33  21.15  20.93  20.91  21.89  20.04  20.64  21.01  21.35  

0
21.16  19.32  21.52  20.69  21.34  20.94  20.86  20.28  20.13  20.59  20.77  20.60  20.79  20.36  20.51  21.44  20.30  20.76  20.62  20.77  21.40  20.45  20.50  20.78  20.36  20.53  20.86  21.13  20.73  20.19  20.45  21.58  21.22  20.54  20.82  20.29  16.64  20.92  20.31  20.38  21.53  21.20  20.42  20.76  20.86  21.06  21.38  19.94  21.02  20.58  20.81  20.05  19.37  20.86  21.34  20.89  20.47  20.47  20.80  20.93  20.71  21.23  20.04  20.64  

0
20.53  20.75  20.98  20.80  20.62  20.34  20.17  20.16  20.12  19.79  20.42  20.58  19.93  19.69  20.36  19.99  19.88  19.98  20.73  20.52  20.96  20.44  20.28  20.25  20.14  20.73  20.85  21.23  19.90  20.69  19.73  20.64  20.36  20.79  20.56  20.96  18.95  20.26  20.19  20.89  21.10  21.19  20.41  21.19  19.18  19.78  20.40  19.62  20.42  20.71  21.06  21.15  19.08  20.50  20.87  21.44  20.92  20.58  20.91  20.92  20.17  20.49  18.38  18.97  

0
20.82  20.29  20.82  20.90  20.95  20.90  20.37  21.15  21.10  20.33  20.62  20.56  20.39  19.93  20.48  20.44  19.44  21.49  20.82  20.73  20.06  20.31  20.56  20.53  20.64  21.01  20.50  20.88  20.81  20.28  19.99  21.39  20.62  20.51  20.66  19.68  18.10  20.34  21.23  20.86  20.97  21.38  19.96  20.72  21.41  20.26  19.81  20.36  20.69  20.55  21.17  21.12  19.61  20.94  21.19  21.30  20.31  20.90  21.12  21.75  21.59  20.90  20.66  22.59  

0
21.02  20.92  21.40  21.81  21.36  21.19  20.42  20.30  21.15  20.49  20.00  21.66  20.56  21.03  21.38  20.98  20.18  21.03  20.15  21.36  20.44  20.99  20.51  20.17  21.11  21.37  20.77  20.38  21.09  20.84  20.88  20.52  21.38  20.30  20.35  20.08  18.65  21.25  20.43  21.22  21.23  21.53  21.07  20.33  20.40  20.19  20.98  20.72  20.59  21.41  20.57  20.43  19.67  21.68  20.22  21.58  21.30  21.65  21.17  20.45  21.12  20.66  20.22  21.92  

0
21.87  20.28  21.21  21.01  20.58  19.83  20.36  21.14  19.74  20.54  21.06  19.72  20.62  20.31  19.89  20.75  19.84  20.58  20.69  20.02  20.59  19.77  20.14  19.90  20.84  20.48  21.03  20.97  20.56  20.14  20.54  20.14  21.03  19.98  20.77  20.47  18.09  21.40  20.79  20.95  20.85  20.83  21.43  20.71  21.28  21.26  20.64  21.11  21.12  20.94  20.76  20.37  20.02  21.16  20.50  21.18  21.12  20.66  21.35  20.76  21.06  20.89  21.62  20.95  

0
20.83  21.31  21.89  20.66  20.73  21.03  20.95  20.71  20.22  20.68  20.30  19.99  21.01  21.39  20.77  21.42  19.59  20.22  19.87  20.74  21.16  21.48  20.68  20.65  20.23  20.82  20.84  20.12  20.70  20.17  20.42  20.17  20.20  19.88  20.19  20.84  18.77  20.57  20.81  21.38  20.67  20.53  21.14  20.85  20.36  20.15  19.82  20.99  21.74  20.70  21.44  21.38  19.35  21.07  21.31  20.53  21.26  21.38  20.89  21.27  20.95  20.91  21.00  19.88  

0
20.83  20.88  20.57  19.42  20.01  21.50  20.15  20.94  21.23  19.55  20.41  20.80  20.53  21.39  21.06  21.42  20.55  21.12  20.47  20.39  20.51  20.85  20.78  20.44  20.55  21.23  21.16  20.01  21.05  20.42  20.42  21.56  20.06  20.77  19.34  21.17  17.28  20.78  20.71  21.79  20.67  21.50  21.14  21.07  20.48  20.53  19.54  20.53  21.30  20.97  21.57  21.01  19.35  20.14  21.09  21.09  20.44  21.26  21.01  21.39  21.61  20.91  20.35  20.61  

0
20.51  20.58  20.29  20.77  20.48  20.90  20.71  20.70  20.88  20.33  20.17  19.85  20.15  20.85  21.89  21.25  20.95  19.82  20.70  20.15  20.39  21.26  20.56  20.74  20.54  21.01  21.26  20.77  20.57  20.66  19.57  20.77  20.05  20.89  20.66  21.27  17.93  20.34  20.48  20.04  21.07  21.06  21.13  21.16  20.94  21.78  20.79  21.28  21.43  21.09  21.30  20.13  19.47  20.13  20.28  21.19  21.36  20.32  21.24  20.52  20.41  21.48  20.17  21.33  

0
20.03  20.28  19.88  20.64  20.70  21.59  20.01  21.71  20.64  20.87  20.50  21.01  20.86  20.44  21.31  20.11  20.25  20.97  21.05  20.13  21.24  20.93  21.16  20.73  20.00  20.38  20.92  19.65  20.44  20.77  19.84  20.45  20.60  19.60  21.48  20.81  18.42  20.97  20.68  21.56  21.48  21.15  21.53  21.37  20.10  20.63  19.94  20.35  20.23  19.98  20.11  21.23  20.02  20.70  20.61  20.50  21.58  20.42  20.99  20.76  20.53  21.32  19.17  18.93  

0
20.67  20.31  20.57  20.79  20.01  21.26  20.38  20.26  19.65  20.34  19.62  20.69  21.01  20.73  20.06  19.97  20.28  21.12  19.63  20.97  20.84  20.43  20.27  20.55  19.70  19.88  20.30  20.45  20.24  19.66  20.00  19.70  21.20  20.39  20.55  20.15  18.61  20.78  20.39  20.77  20.14  20.86  20.82  20.41  20.01  19.64  18.97  19.14  21.44  21.24  21.31  20.40  19.91  20.61  21.53  21.99  20.68  21.26  21.01  20.90  21.35  20.62  19.53  20.06  

0
20.69  21.04  19.92  21.41  20.15  20.81  19.82  21.29  20.23  20.46  20.42  20.47  20.90  21.01  21.35  21.59  19.74  19.59  20.73  20.98  20.41  20.97  19.97  20.77  20.25  20.83  20.63  20.46  19.66  20.94  20.15  21.26  20.07  20.66  21.04  20.85  17.13  20.48  20.19  20.47  20.78  20.87  20.84  20.75  20.85  20.29  20.26  20.69  21.60  20.71  20.54  20.78  19.50  20.50  20.65  21.33  21.04  21.39  21.03  20.79  20.17  19.76  20.52  22.43  

0
21.29  21.02  20.31  21.16  20.61  21.96  20.27  20.94  21.12  20.45  20.64  20.80  20.53  20.99  20.77  21.26  20.83  21.12  19.63  21.20  20.84  20.11  20.68  20.55  20.87  20.41  20.95  20.67  20.82  20.80  21.67  20.94  20.63  20.65  20.19  20.95  18.94  21.10  21.56  21.49  21.29  20.43  21.24  20.74  21.31  21.16  21.50  20.99  20.85  19.87  21.18  21.38  19.35  21.65  21.20  20.42  20.79  20.92  21.13  21.52  20.55  20.62  21.16  21.70  

0
20.67  20.59  20.70  21.77  19.89  21.38  20.38  20.94  21.45  20.90  20.41  20.10  21.61  20.73  21.20  20.62  20.28  20.99  20.71  20.28  21.16  19.90  20.06  20.86  20.65  19.88  20.95  20.01  20.59  20.67  20.42  20.79  20.77  19.62  20.43  20.38  19.27  21.21  21.56  21.28  21.29  20.75  20.82  20.85  21.54  20.40  20.94  20.37  20.26  21.10  20.66  21.26  18.93  20.84  21.20  20.98  21.49  21.84  21.49  20.78  20.95  21.35  20.35  20.98  

0
20.69  21.18  20.32  21.05  20.50  21.51  21.07  21.52  20.46  20.69  20.87  20.93  21.62  20.48  20.64  20.15  20.29  20.49  21.08  19.59  19.98  20.97  21.10  20.56  20.67  21.56  20.53  20.13  20.60  20.94  20.43  20.02  20.07  20.53  20.08  21.07  18.29  21.22  20.61  20.89  21.41  21.40  21.26  20.75  20.73  20.54  19.55  21.00  21.16  20.71  21.32  21.15  19.50  20.39  20.31  21.44  19.98  21.62  21.74  20.67  20.96  20.78  20.68  21.17  

0
20.24  21.05  20.60  20.57  20.87  21.06  20.63  20.97  21.03  21.15  20.55  20.13  20.91  20.36  20.66  20.80  20.85  20.50  20.62  20.88  20.64  21.19  20.70  20.26  20.26  21.67  21.29  20.70  19.91  19.94  21.70  21.12  20.94  20.67  20.09  20.86  18.47  21.13  21.16  21.51  21.11  20.67  21.37  19.99  20.98  21.06  20.83  20.09  20.43  20.72  20.94  21.04  19.37  20.63  20.44  21.12  20.93  20.94  20.68  20.93  20.05  20.21  21.83  21.73  

0
20.97  21.15  20.16  20.90  20.72  20.20  20.26  21.27  20.99  21.11  20.62  20.91  20.63  20.46  21.04  20.44  19.99  20.47  21.30  21.65  20.28  21.05  20.46  20.02  21.06  21.53  20.72  19.89  20.81  20.53  20.69  21.54  20.19  19.74  19.69  20.94  17.43  20.56  21.54  20.96  20.97  20.52  20.92  21.27  20.11  20.39  21.62  21.12  20.54  19.86  20.65  20.88  19.19  20.71  21.74  21.53  21.25  21.48  21.60  20.77  21.33  21.48  20.50  21.69  

0
20.69  20.03  19.65  20.80  20.74  21.62  20.28  20.84  20.34  20.80  19.86  20.93  20.90  21.14  20.93  20.47  20.70  20.88  19.28  20.41  20.85  20.44  20.28  20.35  19.40  21.04  21.17  20.46  20.71  20.81  19.17  20.33  20.21  20.79  20.44  20.17  18.29  20.69  20.08  20.78  20.78  20.87  20.31  20.09  20.37  20.29  19.97  20.39  21.46  19.61  20.28  20.03  19.22  20.27  20.65  21.33  21.04  20.34  20.67  20.79  21.09  20.35  19.70  19.89  

0
21.25  19.55  20.00  20.50  20.69  20.88  21.14  20.45  20.41  20.41  20.82  20.18  20.49  20.69  21.16  20.26  20.10  19.92  20.44  20.00  20.69  20.81  20.02  19.89  19.13  20.47  19.93  20.08  19.84  19.75  20.52  20.75  21.16  19.84  20.27  20.23  17.91  20.43  20.35  20.42  21.05  20.60  20.68  20.81  19.97  21.25  20.06  20.95  22.29  20.25  21.79  20.85  19.03  20.10  20.37  20.04  20.99  20.76  20.86  20.99  20.65  20.30  20.14  22.02  

0
21.39  20.69  20.79  20.24  20.56  20.51  20.33  20.44  20.39  20.06  20.25  20.05  20.72  20.68  20.72  20.56  20.36  19.78  19.82  20.22  20.46  20.80  20.83  20.60  20.81  20.87  20.35  20.07  21.12  20.12  20.23  20.58  20.58  19.18  20.98  20.44  18.72  20.20  20.76  21.03  21.56  21.23  20.77  20.69  20.55  20.10  20.75  20.93  21.69  20.64  20.74  21.09  20.41  21.59  20.81  20.48  20.74  21.10  20.60  21.47  21.69  21.73  20.94  21.29  

0
20.40  20.49  20.48  20.95  20.89  20.84  20.31  21.21  20.48  20.49  21.91  20.73  20.32  21.29  20.53  22.41  20.04  20.39  19.55  20.89  20.11  20.68  21.23  20.79  20.17  20.13  21.09  20.27  20.97  21.34  20.88  20.21  20.81  21.06  21.19  20.76  17.65  21.04  21.59  20.29  21.44  20.57  20.44  20.55  20.76  20.95  20.00  20.41  20.29  20.87  20.70  21.42  19.25  20.64  21.01  20.57  20.95  21.07  20.81  20.94  20.46  21.82  21.84  21.38  

0
20.80  20.57  21.21  20.51  20.46  20.07  20.58  22.04  20.08  20.99  20.61  21.01  20.74  21.23  21.73  20.59  20.66  20.20  19.61  20.60  20.70  21.14  21.16  20.62  20.52  20.90  20.60  21.30  21.14  21.15  20.26  20.14  20.18  20.49  20.04  20.01  18.09  20.44  20.79  20.74  21.79  21.26  21.53  21.48  20.93  20.38  20.22  20.81  21.71  19.85  20.37  20.62  19.18  20.46  21.51  21.40  21.00  21.01  22.53  21.37  20.66  20.74  20.65  21.86  

0
20.97  20.01  19.76  20.53  20.36  20.78  20.26  20.70  20.66  20.55  20.51  20.68  20.27  20.46  20.33  20.44  19.02  20.59  20.34  20.26  20.17  21.36  20.46  21.05  20.22  20.70  20.39  20.33  20.10  20.53  20.27  20.46  20.76  20.12  20.54  20.60  17.77  20.77  20.59  21.98  19.92  20.84  20.39  20.50  20.59  20.01  21.07  20.05  21.13  21.23  20.12  20.88  20.03  20.82  21.07  21.53  21.25  21.25  21.72  21.01  20.41  20.76  20.01  22.59  

0
21.02  19.63  20.74  20.08  20.65  20.13  19.96  20.18  21.71  20.49  20.67  21.19  20.56  19.72  21.38  20.98  19.90  21.41  20.51  20.43  20.55  21.41  19.99  21.61  19.74  21.48  20.98  20.05  20.51  20.21  20.18  20.21  20.67  20.56  21.07  20.65  17.99  21.36  20.96  20.40  20.39  20.68  20.86  20.66  20.40  20.06  20.56  21.02  21.19  21.28  20.31  21.05  19.95  21.57  20.45  20.57  21.06  21.19  20.21  20.57  20.99  21.10  21.84  21.20  

0
21.77  20.33  20.86  21.06  21.11  21.17  20.52  20.85  20.69  20.70  21.34  21.53  20.07  19.70  20.51  20.64  20.44  21.02  20.26  21.23  20.86  20.88  20.70  20.78  20.99  20.64  20.54  20.37  20.61  19.69  20.59  19.88  20.94  20.16  21.06  21.65  17.47  20.81  20.95  20.90  20.59  20.77  20.53  20.76  21.45  20.81  20.27  20.40  20.58  20.31  21.72  20.79  19.23  21.32  21.11  20.78  21.40  20.59  21.16  21.05  21.11  20.94  19.55  22.09  

0
21.02  20.20  20.08  21.07  20.53  21.19  20.87  20.64  20.93  20.71  20.79  21.31  20.92  21.16  20.81  20.01  20.04  21.16  20.39  21.01  20.33  19.83  20.61  20.58  20.48  21.17  21.20  19.72  19.57  20.46  20.60  20.67  21.23  20.81  20.23  20.53  17.99  20.61  20.85  20.09  21.02  20.57  20.65  20.77  20.76  20.32  20.00  20.56  20.59  21.28  21.61  20.56  18.96  20.76  21.01  21.58  20.36  20.95  20.81  20.57  20.72  21.96  19.24  19.92  

0
20.80  20.57  20.41  19.77  21.53  20.54  20.92  19.66  20.08  20.87  21.06  20.55  20.50  19.79  19.89  21.55  20.80  20.58  19.73  20.37  20.81  20.08  20.14  19.69  20.63  21.11  20.60  20.43  19.86  19.63  19.41  20.45  21.31  19.98  20.16  20.58  17.09  20.01  20.58  21.05  20.85  20.72  20.80  20.60  20.93  20.25  20.08  20.81  20.23  20.67  21.15  21.72  20.02  20.93  21.51  20.73  19.95  20.66  20.03  20.14  20.79  20.89  21.46  21.31  

0
21.44  21.02  19.91  20.79  19.17  20.21  21.62  20.14  20.67  21.23  20.86  21.15  19.92  21.65  21.20  21.10  20.00  20.86  20.23  20.28  20.18  19.79  20.78  19.72  20.34  20.61  21.16  20.34  19.41  20.42  20.98  20.17  20.20  20.14  20.67  20.84  18.94  20.78  21.24  21.18  20.77  21.50  21.14  20.96  20.84  20.66  21.50  20.99  19.51  19.73  20.27  20.15  19.21  20.72  20.64  21.43  20.79  21.15  21.49  21.27  21.48  20.62  21.16  21.70  

0
21.63  21.20  20.88  21.07  20.77  20.95  20.87  20.64  20.93  20.60  20.56  20.49  20.20  20.64  20.53  21.46  20.18  19.61  19.91  21.12  20.44  21.52  20.72  20.28  20.48  20.86  21.41  20.82  20.62  21.21  21.29  19.74  20.38  19.79  19.99  20.65  17.82  21.36  20.32  20.81  21.12  21.11  20.54  20.77  20.52  20.70  20.56  21.02  19.85  21.14  20.96  20.93  20.22  21.34  20.34  20.79  20.48  20.72  21.77  20.20  20.46  21.39  21.84  20.10  

0
20.67  20.31  20.04  21.28  20.97  20.91  20.04  20.94  20.89  20.34  20.52  20.80  21.01  21.12  20.35  19.97  20.28  20.22  20.23  21.32  21.05  20.53  20.68  20.34  21.39  20.41  20.41  20.45  20.12  20.92  21.12  21.71  20.77  20.90  20.67  20.95  17.95  21.21  21.24  21.28  20.56  20.43  21.03  20.18  20.60  20.91  20.10  19.91  20.85  20.83  20.92  20.77  19.91  20.84  20.07  20.75  20.68  22.30  21.25  20.29  20.42  20.19  20.35  21.34  

0
20.24  19.61  20.99  21.43  20.75  20.94  20.52  21.76  21.14  20.81  19.98  20.13  19.46  20.10  20.37  20.16  20.30  21.02  20.86  20.42  20.97  20.24  20.08  20.78  20.78  21.16  20.43  20.26  20.84  19.56  20.03  20.35  20.23  19.91  20.58  20.41  17.47  20.70  20.73  21.20  21.42  20.99  21.58  21.20  21.10  19.92  19.85  19.47  20.88  21.13  20.81  20.30  19.65  20.40  20.10  20.21  19.64  20.59  20.68  21.05  20.84  21.37  20.21  22.62  

0
20.22  19.74  20.19  20.68  20.50  20.81  20.28  21.41  20.23  20.91  21.10  20.82  21.38  20.88  21.77  20.31  20.29  21.00  20.49  20.41  20.41  19.80  19.86  20.97  20.03  21.35  20.85  20.02  19.66  20.56  20.15  20.18  20.93  19.38  20.32  19.71  18.29  21.01  19.65  20.99  21.31  20.33  21.47  20.97  20.26  20.67  20.26  20.39  20.27  21.79  20.67  20.28  19.50  20.97  21.32  20.43  21.15  20.70  21.26  20.67  20.43  20.64  21.17  20.44  

0
20.69  19.60  20.19  20.31  20.27  20.93  20.51  21.41  21.35  21.02  20.65  20.47  21.14  20.48  21.21  20.47  19.46  21.13  20.13  20.29  20.20  20.55  20.28  20.87  21.09  21.04  20.63  21.12  20.13  20.56  20.01  20.49  21.07  20.28  20.80  20.28  17.29  20.58  20.51  21.50  21.51  21.83  21.15  20.86  20.73  20.04  20.68  20.69  19.67  20.57  20.67  20.90  19.36  20.62  21.43  20.43  20.45  20.23  21.38  20.79  21.49  19.76  21.17  20.81  

0
20.71  20.92  21.01  20.33  20.41  20.48  20.08  20.98  20.37  20.83  19.88  20.61  19.35  20.90  20.81  20.50  20.18  20.39  20.03  20.66  20.22  20.99  20.61  20.48  20.48  20.96  20.66  20.60  20.51  20.21  19.62  20.05  20.81  20.94  20.59  20.87  18.15  21.04  20.75  21.42  19.86  20.57  20.86  20.66  19.92  20.19  18.72  19.95  20.44  21.28  21.09  20.93  20.08  20.29  21.01  20.11  20.60  20.72  20.21  21.06  20.06  20.08  19.07  20.83  

0
20.53  20.18  19.92  21.29  20.03  20.34  19.94  20.95  20.57  20.24  20.20  20.47  21.38  20.88  19.93  20.95  20.29  20.62  20.25  20.75  20.41  21.60  20.89  20.46  20.56  20.63  20.42  19.36  19.78  20.31  20.71  20.64  19.78  20.28  20.32  19.60  18.29  20.80  20.83  21.40  20.99  20.65  20.41  20.31  20.14  19.78  20.11  21.30  21.75  20.71  21.06  20.41  20.20  20.97  20.99  20.32  20.45  20.93  20.30  21.04  20.96  19.91  20.36  22.07  

0
20.53  20.46  21.25  20.06  20.62  20.34  20.85  20.95  21.24  20.13  20.76  20.93  21.50  21.14  22.05  21.43  20.84  19.72  20.25  20.87  20.74  20.55  20.28  20.46  20.56  21.25  20.74  20.68  21.18  20.43  20.57  21.11  21.07  20.66  19.60  20.85  18.95  20.48  20.08  21.19  20.78  20.76  21.15  20.97  20.73  20.16  21.09  21.30  20.86  20.30  21.71  21.03  19.36  20.50  20.99  20.43  21.15  20.93  20.91  21.16  21.75  19.62  21.01  22.43  

0
20.37  20.59  20.70  21.28  20.85  20.56  20.50  20.60  20.67  19.89  20.75  20.22  20.77  20.34  20.49  20.78  19.31  20.74  20.71  19.11  19.75  21.69  20.57  20.13  20.13  20.61  20.73  20.12  20.93  21.05  20.42  20.79  20.91  20.65  20.67  21.06  19.10  20.46  20.92  20.98  21.09  20.75  20.72  20.07  20.36  21.29  20.66  19.45  21.15  21.65  20.53  20.77  18.78  21.07  20.52  20.42  20.21  20.68  21.01  21.88  20.16  21.06  21.16  21.70  

0
20.84  20.32  20.45  21.05  19.31  20.93  20.51  20.27  20.90  20.69  21.43  20.58  21.74  20.35  21.63  20.79  20.43  21.13  20.37  20.41  20.74  20.76  21.00  20.87  20.35  21.76  20.09  20.68  19.78  19.80  20.01  20.95  20.21  20.40  20.44  20.51  18.29  20.69  20.83  20.99  20.47  20.98  20.52  20.75  20.14  20.54  20.26  20.85  21.46  20.71  20.67  20.41  19.92  20.27  21.32  20.65  20.69  21.62  21.03  20.30  20.04  20.93  20.52  20.26  

0
20.84  19.16  20.45  21.05  19.07  20.81  20.96  20.61  20.90  21.13  19.97  21.51  21.02  21.66  20.93  21.59  21.52  20.23  20.61  20.87  21.06  20.44  20.59  20.87  19.82  21.14  20.96  20.35  21.18  20.31  21.13  20.02  20.36  20.53  20.80  20.51  18.79  21.12  20.83  20.99  20.68  20.65  20.73  20.86  20.37  20.92  20.95  19.46  21.60  20.30  20.80  20.66  20.06  20.62  21.55  20.77  21.27  21.16  20.67  21.77  19.90  20.93  20.85  20.81  

0
19.42  20.44  20.82  22.12  20.60  21.02  20.14  20.70  20.99  20.21  19.94  20.91  20.03  20.06  20.48  20.28  20.68  19.69  20.10  20.15  20.28  20.42  20.56  20.64  20.54  20.60  19.96  20.22  20.81  20.28  19.71  20.15  20.47  19.99  19.69  20.26  18.26  20.34  20.80  21.68  20.55  20.09  20.81  21.05  20.82  20.39  19.52  19.90  20.54  20.41  21.04  20.26  20.31  20.59  20.85  21.08  20.66  20.67  21.00  20.77  21.20  20.61  20.82  21.33  
