Start of this file: 14:26:28 01/05/2017

0
20.87  1 21.94  21.81  21.29  20.77  22.89  

0
21.10  20.70  20.93  21.24  21.40  21.34  21.25  ò0
20.70  20.18  21.24  20.66  21.08  20.67  20.71  21.61  21.32  21.11  20.96  21.26  21.36  20.47  20.93  20.49  20.01  20.35  20.11  19.80  21.57  20.62  20.96  20.83  20.95  21.21  20.93  19.88  20.92  20.17  21.27  21.27  21.21  21.02  21.98  20.37  18.81  21.30  21.54  21.97  21.27  20.84  21.22  20.61  20.71  21.04  19.83  21.62  20.57  20.97  21.18  21.62  19.92  21.75  20.73  21.41  21.25  21.26  21.84  21.27  21.35  21.51  20.38  21.39  

0
20.75  20.66  21.02  20.71  20.53  21.42  20.31  21.66  21.04  21.27  20.45  20.85  20.45  20.52  20.98  20.54  19.37  19.89  20.28  20.89  20.33  20.77  21.11  21.19  20.68  20.95  20.44  20.92  20.63  20.97  20.90  19.93  20.55  21.58  21.31  20.99  18.69  21.67  20.95  21.72  21.74  21.42  21.27  21.21  20.76  21.21  21.14  20.14  22.68  20.62  20.58  21.06  20.52  21.68  21.35  21.13  21.18  20.84  22.01  21.44  21.53  21.13  21.41  21.44  

0
20.99  20.02  20.70  20.65  20.94  21.01  21.60  20.57  21.76  20.42  21.84  21.01  20.75  20.85  21.48  19.83  20.13  20.59  20.81  20.60  21.02  21.24  20.74  20.72  20.31  21.30  21.24  20.75  21.26  19.77  20.42  19.55  21.62  20.38  20.53  21.15  19.94  20.75  20.57  20.42  20.84  21.25  21.42  19.93  21.64  20.77  19.82  19.92  20.11  20.82  21.68  20.87  19.48  21.16  20.95  21.29  21.00  21.01  21.23  21.38  20.81  21.35  20.04  20.29  

0
20.27  20.65  21.01  20.82  20.76  20.59  20.63  20.51  21.03  20.70  21.00  21.53  20.92  20.64  22.23  20.85  20.46  20.39  20.38  20.65  20.85  21.29  21.51  20.97  20.88  20.42  21.07  21.35  20.96  20.33  21.17  21.31  21.11  20.43  20.22  21.31  18.52  22.08  20.62  21.60  20.68  20.66  21.05  20.76  21.93  21.32  21.27  22.11  20.31  21.42  21.35  20.68  20.51  20.86  20.77  21.11  20.35  21.06  21.40  20.20  21.52  21.84  22.04  23.58  

0
20.52  20.72  21.60  20.39  21.05  20.99  20.34  20.79  21.63  20.86  21.38  21.12  20.98  21.36  21.89  21.90  21.49  20.71  20.20  20.47  20.36  20.70  20.73  20.70  20.71  20.98  20.79  20.85  21.01  20.39  21.10  20.63  21.75  20.62  20.04  20.57  18.94  20.95  20.66  21.44  21.25  21.03  21.62  21.35  21.04  21.51  20.23  22.35  20.54  20.68  21.28  20.86  19.33  20.57  20.93  20.38  20.76  21.23  21.93  22.10  21.32  21.34  20.84  21.37  

0
21.63  19.90  20.99  21.29  21.09  21.38  20.15  21.62  20.89  20.90  20.30  21.27  20.41  21.01  21.64  20.50  21.12  19.20  21.07  21.09  20.18  21.47  21.59  20.95  20.96  21.53  20.94  20.56  20.47  20.81  21.14  21.59  20.08  20.91  21.40  20.61  18.65  20.88  20.49  21.17  21.49  20.96  21.24  21.17  21.90  21.67  21.39  20.72  19.54  20.85  20.80  20.78  19.09  21.19  21.42  21.54  21.49  21.15  21.50  20.79  20.31  21.52  21.21  21.77  

0
20.58  20.36  20.75  20.82  20.88  20.59  21.54  20.97  21.25  20.59  21.00  20.95  19.47  21.04  20.40  20.36  20.46  21.92  20.02  20.30  20.96  20.55  20.59  21.28  20.25  21.15  20.75  21.13  20.73  20.71  19.91  21.16  20.68  19.92  21.42  21.09  18.52  20.59  20.73  21.81  21.73  21.52  20.63  21.20  20.51  20.69  20.57  20.28  22.09  19.92  21.35  20.92  19.96  20.63  21.33  21.67  21.52  21.41  21.52  21.92  20.86  20.97  21.39  21.79  

0
21.03  20.63  20.60  20.19  20.98  21.16  20.73  21.41  20.57  20.69  21.43  21.75  20.67  21.15  21.80  22.27  21.40  19.86  20.73  20.98  21.06  20.96  20.47  20.96  20.55  21.34  21.06  20.46  20.83  20.07  20.88  20.99  21.23  20.67  21.53  20.96  18.50  20.36  21.35  20.67  21.82  20.43  21.46  21.19  20.85  21.19  21.40  20.88  20.60  21.00  21.08  20.66  19.38  21.08  20.98  21.44  21.16  21.74  21.63  20.80  20.05  21.54  21.22  22.32  

0
21.31  20.61  21.24  21.40  20.60  20.32  20.94  20.59  20.99  20.21  20.73  20.68  21.12  20.74  21.21  22.08  19.74  20.73  20.23  20.38  20.38  21.57  20.86  20.83  20.53  21.21  20.50  20.65  21.16  20.29  20.43  20.97  21.77  20.52  20.66  21.27  19.63  20.55  20.79  21.46  20.65  21.80  20.70  21.16  21.30  20.53  20.54  19.94  20.27  21.25  20.66  21.38  19.64  21.40  20.85  20.74  21.25  21.83  20.41  20.90  21.09  21225  21.48  21.00  20.65  21.20  21.34  19.68  20.96  

0
20.96  20.57  20.68  21.62  20.35  20.42  20.13  20.58  20.31  19.98  20.95  20.66  21.10  20.71  21.17  21.23  20.11  20.84  20.93  20.02  21.03  21.46  20.24  20.93  20.42  20.48  20.27  20.75  19.86  20.90  20.12  19.83  20.60  20.75  20.89  20.01  19.40  20.44  20.90  20.95  19.69  20.51  20.90  21.15  19.98  20.00  20.50  19.42  21.56  19.57  21.28  20.00  19.60  21.51  20.72  20.95  20.42  21.36  20.15  21.98  20.53  20.89  19.34  20.59  

0
20.82  19.86  21.09  20.03  20.60  21.48  20.82  21.61  20.32  20.44  20.85  20.56  19.79  20.06  19.91  20.44  19.71  20.47  19.50  20.26  20.82  20.73  20.77  20.43  20.33  20.60  20.39  20.66  19.64  20.28  20.55  20.93  20.76  20.63  19.94  21.39  18.10  20.13  20.48  21.17  21.18  20.52  20.81  20.17  20.23  20.52  19.52  21.43  20.09  19.72  21.04  20.51  20.73  20.82  19.60  20.97  20.90  21.72  20.40  20.40  20.67  20.90  20.50  21.33  

0
20.49  20.14  20.81  20.39  20.70  20.42  19.67  20.35  20.98  20.76  20.84  21.25  20.50  20.97  21.31  21.55  19.29  21.09  20.21  20.48  20.27  20.40  20.45  20.00  20.94  20.69  21.14  20.10  20.56  20.52  21.92  20.61  21.17  19.85  20.04  20.47  19.08  21.08  20.58  21.46  20.85  20.62  20.90  20.60  20.10  21.26  21.33  19.58  20.53  21.08  20.37  19.87  19.60  21.04  20.38  20.84  21.12  20.77  20.99  21.25  21.32  20.89  21.29  21.50  

0
20.96  20.28  20.41  20.64  20.94  20.30  19.67  21.03  20.08  20.54  20.84  21.36  21.70  20.44  21.31  22.03  19.98  20.45  19.73  20.60  20.38  20.83  19.51  20.00  20.21  20.07  20.49  19.99  19.74  19.76  21.09  20.76  20.32  19.98  19.44  20.47  17.92  20.22  21.11  20.85  21.17  20.72  20.69  20.38  20.46  20.88  20.50  20.81  22.01  20.94  21.15  20.74  19.04  21.39  20.95  21.07  21.00  20.42  20.63  21.61  21.06  21.32  20.48  22.04  

0
20.35  20.72  20.69  21.02  20.95  20.20  21.16  21.27  19.98  19.88  20.85  20.56  20.63  20.85  21.04  22.36  19.99  20.47  19.98  20.50  20.61  20.84  20.56  20.64  20.85  21.22  20.93  20.33  20.81  20.91  20.83  20.93  20.76  19.99  21.02  20.82  17.77  21.30  21.01  21.68  21.28  21.16  19.85  21.05  20.82  20.52  20.51  20.36  21.13  20.55  20.65  20.88  19.89  21.29  20.28  20.52  21.01  21.14  21.00  21.01  20.94  21.77  22.43  20.96  

0
21.40  19.84  20.53  20.38  19.85  21.11  20.91  21.02  20.97  20.64  20.60  20.88  20.00  21.09  20.31  21.86  20.24  20.31  20.67  20.00  20.25  21.34  20.64  20.82  20.20  20.05  20.58  19.86  20.43  20.26  20.80  21.06  20.87  20.22  19.79  20.57  18.90  20.21  20.14  21.14  20.31  20.50  20.36  20.70  20.56  20.75  21.18  20.18  20.66  20.66  20.75  20.98  20.15  21.03  20.82  20.26  20.75  21.11  20.74  20.50  20.52  21.31  20.96  22.74  

0
19.70  19.69  21.06  20.62  20.33  20.99  20.12  19.88  20.29  20.64  19.80  20.42  20.00  20.17  21.30  20.58  20.79  20.57  20.55  21.28  20.69  20.18  20.54  21.02  20.41  21.09  20.80  20.30  20.20  20.63  19.68  20.13  21.02  20.73  20.63  19.89  17.74  20.75  20.46  21.04  20.94  20.60  20.04  19.92  20.44  20.62  19.50  21.10  20.36  20.52  20.88  21.96  19.45  20.33  20.94  20.26  20.05  21.34  20.62  20.50  20.91  20.88  19.98  20.76  

0
21.11  19.85  21.08  20.39  20.70  21.01  20.47  21.26  21.42  20.20  20.27  21.01  20.14  20.05  20.18  19.13  20.80  20.58  19.73  20.37  20.59  20.51  20.45  21.14  20.21  21.21  20.92  20.32  20.33  20.77  20.54  20.76  19.17  19.60  19.80  20.47  18.58  21.61  20.58  20.85  20.64  20.94  20.59  20.49  20.69  20.38  20.08  20.19  20.53  20.94  21.54  20.99  18.90  20.93  22.18  20.50  21.12  20.77  20.87  20.88  20.40  20.60  19.83  22.22  

0
21.15  20.32  20.72  20.80  20.74  20.46  20.51  20.50  19.89  19.90  20.42  20.70  20.66  20.22  20.36  21.11  19.88  20.23  21.32  21.10  20.41  20.65  20.59  21.28  20.03  20.73  21.17  20.46  19.90  19.42  19.87  19.24  20.07  20.91  20.56  21.19  18.46  19.94  20.72  20.99  20.68  20.76  20.41  20.31  20.97  20.16  19.41  20.08  20.72  20.71  20.02  20.66  20.20  20.73  20.54  20.65  19.98  21.04  21.74  22.14  20.57  19.76  20.36  20.44  

0
20.80  19.42  21.08  20.39  20.35  20.54  20.81  20.58  20.87  21.76  20.95  20.78  21.46  21.49  20.75  21.55  20.25  19.68  19.85  20.83  20.27  20.40  20.86  20.62  20.10  20.59  20.16  21.08  20.33  19.76  21.37  21.38  21.31  19.98  20.77  20.13  18.75  20.87  19.72  20.74  20.75  20.29  20.80  20.60  20.34  19.62  19.94  21.26  21.12  19.71  21.02  20.62  20.71  21.39  21.29  20.73  21.00  21.12  20.75  20.88  20.66  22.33  20.97  21.13  

0
20.02  20.56  21.33  21.24  20.45  20.41  20.34  20.33  20.52  20.64  20.48  20.53  20.12  20.43  21.30  20.90  20.79  20.57  20.55  20.59  20.69  20.39  21.15  19.78  20.41  20.37  20.69  20.08  20.55  20.76  21.22  21.52  21.30  20.48  20.27  20.80  18.40  21.92  21.41  20.63  20.52  20.50  21.10  20.70  20.92  20.62  20.62  20.79  21.55  20.52  20.75  20.48  19.31  20.80  20.71  21.39  19.93  20.99  21.57  20.74  19.98  21.31  21.12  22.02  

0
20.65  20.71  19.88  21.01  20.70  20.18  20.58  20.69  21.09  19.98  20.84  20.31  20.74  20.84  21.73  20.91  21.21  19.94  19.73  21.64  21.13  20.40  20.96  20.73  20.31  21.21  20.38  20.97  20.44  20.14  21.23  21.53  20.32  20.24  20.29  20.47  17.42  20.22  20.68  20.64  20.85  21.47  21.53  20.16  21.05  20.13  20.50  20.19  20.82  20.81  21.54  21.11  19.60  20.35  21.40  21.07  21.93  21.47  20.27  21.73  19.73  21.90  21.13  21.86  

0
20.35  21.15  21.88  20.53  21.07  20.20  20.94  21.27  20.43  20.55  20.62  21.26  20.75  21.50  21.04  21.41  20.13  20.59  20.94  20.96  21.47  21.26  20.66  20.64  20.75  20.81  21.15  20.99  20.69  20.53  20.97  21.54  20.19  20.76  20.66  21.27  18.76  21.30  21.65  21.17  21.39  21.16  20.92  20.94  20.71  21.53  19.81  20.21  21.43  20.82  21.17  20.88  19.05  20.13  20.96  21.53  21.48  20.90  21.95  21.26  21.46  21.34  20.98  20.05  

0
20.60  20.23  20.63  21.20  20.53  20.84  19.73  21.09  21.37  20.60  20.11  21.08  20.09  20.66  20.98  21.02  19.79  20.27  20.28  20.78  20.76  21.20  20.60  21.19  20.47  20.95  20.55  20.15  21.32  20.60  20.34  21.02  20.55  20.19  19.99  20.65  19.35  21.14  20.84  21.31  21.22  20.35  20.64  21.65  20.88  20.20  20.87  21.36  20.47  21.30  20.71  20.94  19.41  20.99  20.45  20.90  20.37  20.14  20.70  20.34  21.27  20.55  21.24  21.99  

0
19.59  20.74  20.17  21.16  20.25  20.80  20.38  21.05  20.89  20.34  21.31  21.73  20.89  21.26  21.62  19.97  20.14  20.48  20.47  20.39  21.05  21.27  20.98  20.13  20.34  20.30  20.73  20.56  20.82  20.67  20.98  21.10  20.34  20.26  21.03  20.38  18.77  21.00  20.50  20.98  20.56  20.96  21.45  20.41  20.72  20.53  19.54  20.53  21.00  22.45  21.70  20.52  19.77  21.65  21.42  21.43  21.37  20.92  20.41  21.27  20.55  21.20  21.00  21.70  

0
20.76  19.67  20.11  20.72  21.26  20.50  20.09  21.33  20.49  20.50  20.91  20.16  20.10  20.54  20.85  21.51  20.08  20.16  19.45  21.37  21.10  21.21  20.82  20.28  19.96  20.86  21.21  20.28  21.57  21.36  19.80  19.95  20.56  20.07  20.01  20.55  19.36  21.36  20.96  20.81  21.23  20.90  21.39  20.01  20.30  20.21  20.18  19.85  20.49  21.18  20.33  19.83  20.26  21.01  20.91  20.92  21.31  22.24  21.07  20.72  21.41  20.85  20.77  18.52  

0
19.90  19.44  20.57  21.16  20.73  20.56  20.61  20.71  20.56  20.56  20.97  21.39  20.89  20.73  20.77  20.62  20.14  20.48  20.59  20.39  20.94  19.68  20.78  19.93  20.13  20.61  20.84  20.01  20.59  20.55  20.70  20.48  20.06  21.03  20.31  20.27  18.77  20.57  20.60  20.77  20.56  20.53  20.50  20.74  20.48  21.16  19.96  19.91  19.81  20.56  21.05  21.14  19.91  20.61  20.30  21.32  21.37  21.03  21.73  20.29  20.82  20.77  19.36  19.14  

0
21.11  20.28  19.75  21.13  20.11  21.12  20.58  21.26  20.42  20.43  19.82  20.43  21.34  20.97  21.87  22.19  19.84  20.84  19.61  21.06  20.70  20.61  20.34  20.83  20.31  20.59  20.92  20.10  20.33  20.02  20.81  21.07  20.75  20.62  19.80  20.47  17.25  20.76  20.26  20.95  21.06  20.94  20.59  20.71  20.81  21.26  20.92  21.26  21.86  21.76  21.02  20.37  20.02  20.81  21.62  20.50  20.88  20.66  21.70  20.88  20.40  20.89  21.13  21.31  

0
20.79  20.12  20.40  20.13  20.33  21.23  20.46  21.47  20.63  20.64  20.37  21.70  20.73  20.96  21.72  20.58  20.38  21.08  20.32  21.51  20.91  20.71  20.54  21.02  20.30  20.47  20.91  19.64  20.31  20.51  20.94  21.21  20.45  21.24  19.79  20.57  17.91  20.75  20.99  20.94  20.84  20.06  21.31  21.25  20.92  19.86  20.76  21.25  20.81  20.66  21.14  20.98  20.15  21.15  20.82  20.72  20.29  21.57  21.33  21.48  20.52  21.74  20.47  22.56  

0
20.69  21.04  20.45  21.29  19.91  20.69  20.28  20.50  20.57  20.46  20.65  20.58  20.54  21.53  20.93  22.07  20.29  21.39  19.89  20.41  21.06  20.86  20.59  21.28  20.56  20.00  21.07  21.45  20.71  20.69  21.13  19.24  20.36  20.53  19.23  20.73  18.29  21.33  21.78  21.09  21.51  20.87  20.94  21.08  20.85  20.42  21.93  20.23  20.57  21.79  21.58  20.90  18.94  20.85  21.10  21.22  21.27  21.62  21.26  20.79  20.17  21.79  20.52  21.89  

0
21.28  20.72  21.09  21.39  20.72  21.48  20.26  21.04  20.32  20.33  21.52  20.91  20.51  20.98  21.04  19.63  19.44  21.36  20.58  19.91  20.82  20.31  20.87  20.84  20.54  20.70  21.04  20.44  20.69  20.41  21.38  20.15  20.76  21.14  21.02  21.72  19.42  21.83  20.70  20.96  21.39  21.27  21.34  20.50  20.71  20.90  20.51  20.67  20.99  20.82  20.91  21.12  21.28  21.17  21.74  20.74  20.19  21.72  20.52  21.38  20.81  22.34  21.31  21.69  

0
20.03  20.71  20.68  20.02  20.94  21.12  20.36  20.92  21.09  20.65  21.62  21.36  19.89  20.58  21.17  20.59  21.07  20.07  20.81  21.18  20.70  20.40  20.75  20.42  20.42  21.31  20.92  20.21  20.21  20.77  21.09  19.05  20.60  21.00  20.77  20.24  19.08  20.87  20.79  21.26  21.27  21.79  20.16  21.37  20.69  20.38  19.79  20.81  21.71  20.94  21.15  20.74  20.85  21.51  21.17  21.18  21.93  21.01  21.47  20.88  20.92  20.45  21.62  19.85  

0
20.67  20.74  20.84  19.92  20.37  20.33  19.81  21.28  20.78  20.34  21.65  20.80  20.65  21.12  20.63  20.94  20.83  20.74  21.07  21.43  20.73  21.06  20.47  20.13  20.76  20.30  20.41  20.56  21.28  20.55  20.56  21.10  20.77  20.14  20.19  21.06  18.94  21.10  21.24  21.38  21.81  21.28  20.82  21.83  20.72  21.41  20.24  20.07  20.55  20.42  20.79  20.40  19.91  22.68  26.65  25.59  24.12  22.76  21.01  21.76  20.95  21.49  21.48  20.06  

0
20.17  19.26  20.27  20.13  20.09  21.11  20.68  20.33  21.41  20.53  20.48  21.00  21.21  19.77  20.73  20.26  20.92  20.82  19.71  20.59  20.69  20.50  21.25  21.02  20.62  21.51  20.15  20.30  20.66  20.26  19.40  20.59  20.59  21.24  21.23  21.02  19.06  24.73  25.55  27.00  26.14  23.57  21.94  21.14  21.04  20.24  19.22  20.49  22.14  20.25  21.27  21.34  19.31  23.77  22.16  23.60  27.19  25.77  23.93  23.05  21.18  20.88  20.31  19.10  

0
20.83  21.31  20.44  21.28  22.73  23.11  20.95  21.51  21.67  20.34  20.41  21.27  20.28  20.86  20.49  21.42  20.55  21.12  19.75  21.20  21.70  24.17  21.70  22.39  21.70  20.82  20.41  20.12  21.05  20.42  20.00  20.48  21.90  19.75  20.79  20.84  19.92  25.89  25.79  28.38  28.33  24.34  23.43  21.29  21.19  20.66  18.83  19.60  20.70  21.38  21.57  21.01  19.49  21.18  20.86  21.54  22.87  25.36  25.00  26.86  21.61  20.77  20.51  20.25  

0
21.58  20.58  20.56  21.88  22.25  24.12  22.62  23.17  21.99  21.66  21.41  21.37  20.99  21.11  20.62  22.04  20.13  20.72  20.46  20.50  22.33  25.87  25.28  28.08  26.06  24.37  25.56  22.72  20.81  20.91  20.27  21.70  21.18  20.12  21.50  20.82  20.55  24.75  23.63  22.89  23.85  25.05  27.85  28.67  22.47  21.15  22.45  21.12  20.99  20.41  21.04  20.88  20.17  21.29  21.07  21.08  23.88  26.01  28.49  29.24  27.69  21.34  20.98  22.59  

0
21.26  21.14  20.94  21.50  22.58  23.77  23.27  25.67  23.52  25.77  25.77  21.48  21.58  21.23  20.75  22.03  20.25  21.35  20.57  21.29  22.95  25.36  26.44  28.07  25.45  28.85  28.59  27.52  22.41  20.90  20.68  21.38  21.03  21.63  20.53  21.04  20.22  23.50  22.68  21.87  25.95  29.16  28.72  29.06  26.44  21.01  20.78  20.50  21.27  21.08  21.54  20.74  20.71  21.27  21.73  24.27  27.42  28.95  30.35  29.23  28.30  22.33  22.58  21.86  

0
20.31  20.97  20.26  21.35  21.62  23.86  23.57  24.89  25.86  27.95  27.66  24.08  21.55  20.29  21.00  21.21  20.77  20.56  20.54  21.50  22.18  26.74  26.90  29.19  27.11  29.31  28.07  28.81  24.53  21.37  20.93  20.42  21.85  21.35  20.74  21.35  20.19  23.58  22.03  23.35  26.42  28.94  29.77  27.61  28.30  21.61  21.03  21.09  20.80  20.92  21.00  20.59  19.58  21.02  22.82  24.46  25.97  25.87  26.89  28.75  25.92  21.73  21.43  21.65  

0
20.79  20.84  22.24  22.34  23.04  23.64  23.70  25.66  24.91  28.17  27.78  25.55  21.57  20.69  21.16  20.58  20.92  20.70  20.91  21.28  23.68  27.14  27.49  27.48  25.84  28.07  29.47  28.73  25.44  20.38  21.08  21.52  21.58  20.48  20.51  19.77  18.24  22.02  21.31  22.16  26.63  28.46  30.45  28.85  27.98  22.62  21.04  21.40  21.26  20.66  21.27  21.47  20.42  21.26  21.61  24.37  28.28  27.64  27.13  26.36  26.93  22.74  20.96  20.94  

0
22.62  20.98  21.98  21.48  21.52  24.32  25.33  27.06  25.45  27.65  28.30  25.66  21.45  21.48  21.44  22.17  21.33  20.95  20.79  20.82  22.62  24.64  23.97  23.46  26.53  28.17  29.38  29.03  26.43  21.39  20.38  20.90  21.16  20.61  20.63  20.80  19.88  20.96  21.20  21.45  25.64  27.46  28.71  29.15  28.09  22.50  20.76  21.86  21.40  20.93  21.79  20.48  19.45  20.91  20.82  22.17  26.86  29.47  28.58  28.43  26.93  22.88  20.47  22.02  

0
22.01  20.98  21.59  21.85  23.96  26.88  26.73  26.52  25.12  27.65  27.88  26.33  22.40  20.83  21.16  20.74  21.06  21.21  20.32  21.28  21.23  20.39  20.54  20.41  24.23  28.46  29.18  29.23  27.42  22.13  21.08  20.90  20.31  21.24  21.59  21.25  18.40  21.17  21.83  22.26  24.84  27.06  28.90  29.46  28.42  24.70  20.48  21.10  21.11  21.06  21.01  21.10  20.42  21.03  20.48  21.72  26.31  28.07  29.79  27.86  25.93  25.41  21.28  21.12  

0
21.58  21.44  22.27  20.90  22.60  23.67  21.50  22.28  24.93  28.20  27.90  26.68  22.19  21.50  20.33  20.28  19.71  20.34  20.82  22.22  20.82  20.31  21.07  21.25  23.64  28.29  29.40  28.75  27.66  23.64  20.13  19.84  21.75  20.76  20.18  21.50  17.77  21.30  21.54  22.39  24.66  27.08  27.95  29.58  28.23  25.69  21.35  20.21  20.39  21.36  20.39  21.86  19.47  20.59  21.41  21.19  25.45  27.00  28.94  26.38  27.08  25.43  19.68  20.23  

0
21.28  21.86  20.96  21.75  21.07  19.73  21.16  21.94  25.79  27.57  28.43  28.96  24.30  21.11  20.19  20.28  20.13  19.82  20.58  20.73  20.39  20.94  20.77  20.95  23.64  27.91  29.00  28.85  27.98  24.12  20.83  20.15  20.62  20.76  20.06  20.37  17.93  20.88  21.65  22.08  24.46  26.98  28.05  30.08  28.12  26.65  21.35  18.97  20.84  21.36  21.30  20.88  20.59  20.71  21.41  21.30  24.89  27.33  27.04  26.26  26.20  26.39  21.79  20.42  

0
20.52  22.44  21.10  21.65  20.85  22.08  20.50  21.73  26.97  27.79  28.65  29.83  27.18  21.90  20.77  20.94  20.69  20.48  20.71  21.32  21.05  21.17  20.78  20.86  24.57  27.43  28.52  28.66  28.00  24.26  21.26  22.47  21.34  20.39  20.67  20.15  18.77  21.32  21.56  21.18  25.28  27.60  29.13  29.39  30.09  26.66  20.94  23.10  20.70  19.73  20.92  21.01  19.91  21.42  20.64  20.75  26.68  26.58  24.89  26.28  25.46  26.41  24.34  22.78  

0
20.66  21.58  20.96  21.63  20.24  21.60  21.16  21.72  26.74  28.09  28.53  27.77  26.60  20.85  20.76  22.04  20.13  20.47  20.34  20.84  20.50  21.26  20.77  21.76  26.36  27.32  28.70  30.05  27.98  23.02  21.10  21.70  20.47  20.51  20.66  20.26  17.77  20.99  20.91  22.29  26.46  25.35  25.46  25.57  27.23  27.12  21.49  21.28  20.84  20.95  21.17  21.00  19.61  20.71  20.85  21.86  26.45  25.46  25.68  27.65  25.95  26.12  25.11  22.41  

0
20.83  19.73  21.10  21.52  20.97  20.56  21.62  24.28  26.76  26.54  26.86  29.30  25.70  21.26  21.34  21.58  19.87  20.09  20.11  20.16  21.48  21.80  21.39  24.29  24.97  25.97  25.68  26.00  27.34  25.47  22.22  21.25  20.20  21.03  21.51  20.04  18.61  21.00  22.08  24.89  25.67  26.08  25.87  28.07  24.66  27.14  22.60  21.59  21.30  20.28  21.05  20.27  20.46  21.42  23.53  25.59  25.69  25.91  26.60  26.62  23.94  28.04  26.05  22.78  

0
21.08  20.26  21.57  21.84  21.15  21.21  21.35  24.78  24.68  25.85  26.39  25.65  26.79  25.16  21.57  21.05  20.36  20.94  20.42  21.84  21.43  21.22  22.96  25.62  25.43  25.72  26.76  25.64  25.54  27.55  21.48  20.89  20.86  20.72  20.74  20.44  18.72  22.11  24.11  25.43  25.23  25.73  26.12  25.11  25.52  29.78  24.45  21.24  19.30  20.51  21.00  21.58  19.58  22.97  25.00  25.43  25.30  25.87  24.95  24.47  25.67  27.85  24.92  21.11  

0
20.48  21.70  21.59  21.48  21.40  21.23  24.68  25.55  25.87  25.12  26.62  24.32  23.93  28.50  21.86  20.90  21.33  20.70  19.96  21.28  21.55  22.17  23.87  24.75  24.74  25.64  25.85  24.81  24.77  28.97  24.09  21.06  21.16  19.97  20.27  21.25  18.90  22.65  25.65  25.84  24.64  25.33  25.33  24.91  26.54  28.51  23.93  21.25  20.07  21.47  20.49  20.23  19.59  22.87  25.23  24.80  25.20  25.43  24.04  24.01  27.55  28.67  22.73  21.66  

0
20.03  22.41  20.94  21.38  20.82  22.05  24.69  24.26  24.81  25.03  26.20  25.00  24.29  28.76  24.09  21.55  20.39  20.71  20.69  20.95  20.38  21.25  25.37  24.76  25.05  25.65  25.76  24.51  25.56  27.93  26.89  21.53  20.89  20.11  20.16  20.70  19.08  22.45  24.54  24.47  25.35  24.21  25.65  24.60  27.22  28.17  25.68  20.50  20.68  21.21  20.63  21.85  19.88  21.62  24.48  25.13  25.44  25.45  25.32  24.26  22.75  22.75  20.48  21.68  

0
21.58  21.15  20.82  21.39  20.95  21.37  25.57  25.36  24.61  25.36  26.21  25.80  24.65  28.65  26.80  21.09  19.99  20.47  20.46  20.61  21.04  22.51  24.69  25.27  25.56  25.86  25.05  23.68  24.12  27.12  27.94  21.39  20.90  20.12  20.90  19.68  18.43  23.20  22.90  25.86  24.86  25.76  25.56  23.66  24.65  27.71  25.43  20.82  20.84  20.55  20.52  20.88  20.03  24.91  23.07  24.50  24.56  25.35  26.93  24.39  23.03  20.61  20.66  21.69  

0
21.15  21.32  22.03  20.92  20.62  22.89  28.36  24.62  24.74  24.85  25.17  25.49  24.21  27.94  27.62  21.11  20.43  20.23  21.20  20.52  21.28  22.74  25.80  24.60  24.88  24.69  25.59  24.86  24.71  27.50  27.83  22.18  21.49  20.40  21.16  20.62  19.11  24.57  22.83  24.71  24.99  26.09  25.88  24.32  23.88  28.09  26.38  20.08  21.01  21.52  20.93  20.53  21.03  26.15  21.99  23.54  24.58  25.48  27.06  25.35  22.79  22.22  20.20  19.89  

0
21.14  21.45  21.89  21.16  20.73  22.31  29.19  25.16  25.05  25.48  24.83  25.92  25.81  24.46  28.79  23.16  20.00  20.48  20.35  19.81  20.94  22.21  27.62  25.18  25.27  25.77  25.47  25.06  24.81  25.82  27.95  24.13  21.20  20.77  20.67  19.81  17.78  22.58  24.05  24.89  24.87  24.85  25.17  24.52  24.32  26.42  27.42  22.80  20.70  21.51  20.53  21.38  19.35  22.79  22.20  23.86  25.57  25.69  26.83  24.99  25.08  22.92  22.12  23.49  

0
20.65  20.57  21.08  21.13  20.94  21.24  27.17  25.89  24.17  24.17  24.81  26.67  25.90  24.06  28.77  23.44  21.48  20.71  20.93  19.90  21.24  21.46  26.92  25.16  25.05  25.55  25.45  25.45  25.12  24.11  27.93  25.74  21.31  20.49  20.89  21.26  18.25  21.40  26.47  24.87  24.75  25.14  25.14  25.03  23.84  25.92  28.17  22.77  21.27  20.40  20.76  21.11  20.16  20.81  21.84  23.18  26.22  24.66  25.89  25.32  23.01  23.04  21.29  22.75  

0
20.48  19.98  20.93  21.12  21.40  20.99  24.46  25.44  25.23  25.33  25.23  25.77  26.35  24.04  28.75  23.12  20.51  20.57  20.32  20.93  21.12  21.44  23.18  24.65  24.74  25.83  25.02  25.96  25.11  24.34  27.26  24.24  20.73  20.86  20.27  20.46  17.57  20.64  20.14  23.47  25.54  25.23  25.03  25.23  23.71  25.79  26.99  21.71  20.51  20.66  20.75  21.22  20.70  20.57  21.05  23.05  25.09  24.76  25.88  26.24  24.41  21.74  21.12  21.12  

0
20.63  20.84  20.80  22.22  19.85  21.81  20.91  25.01  25.34  24.48  24.90  24.77  25.89  24.55  26.24  22.65  19.96  21.21  20.44  20.93  21.34  20.50  21.05  23.26  24.74  25.93  25.02  25.65  25.66  24.83  26.74  25.28  20.45  20.86  20.87  21.14  18.40  20.53  20.67  22.76  25.24  24.82  24.83  24.80  25.65  24.22  27.77  22.31  21.11  20.79  21.79  20.60  19.31  20.80  21.83  20.72  23.52  25.10  25.20  26.01  23.77  21.45  19.32  20.76  

0
21.86  21.13  20.27  21.12  20.93  21.11  20.91  24.68  25.34  24.26  25.23  25.33  26.23  24.80  25.16  22.65  20.10  20.95  19.83  21.05  20.69  20.60  21.25  23.16  25.74  25.34  25.85  25.23  26.10  25.31  25.29  25.87  20.16  20.35  20.51  20.57  17.91  21.81  20.88  21.75  24.74  25.43  24.83  25.01  24.97  24.46  27.51  23.21  21.40  22.28  20.75  21.71  19.31  20.80  21.27  21.39  23.74  24.76  25.43  25.31  24.67  21.89  21.44  21.84  

0
21.46  20.89  21.51  21.41  20.62  20.81  21.30  26.46  26.45  23.66  24.73  25.60  25.59  25.60  23.99  23.17  20.15  20.49  19.77  21.21  20.41  21.81  20.59  22.60  25.69  26.57  25.28  24.97  25.38  24.76  24.40  25.33  20.93  21.17  20.32  20.39  18.46  21.22  20.83  21.70  23.98  24.35  24.37  25.06  24.45  23.29  26.91  24.59  21.46  20.71  20.67  20.90  20.34  21.20  20.65  21.89  23.22  25.04  25.36  25.35  24.84  22.22  22.62  21.53  

0
20.24  20.33  21.13  20.93  20.99  20.12  21.65  26.80  27.09  24.11  24.64  25.61  25.15  25.36  25.09  22.71  20.85  21.14  19.42  20.88  20.21  20.66  21.52  25.11  24.80  26.39  25.50  24.77  25.94  25.01  24.01  26.66  19.65  20.42  21.18  20.97  17.64  20.49  21.05  20.49  23.07  25.70  24.27  24.23  24.80  23.18  25.73  25.05  20.88  21.67  21.07  20.30  20.07  20.86  20.89  21.68  21.86  23.70  24.45  25.83  25.99  22.80  21.18  21.00  

0
20.97  21.01  21.48  21.02  20.24  21.83  21.39  27.40  26.53  24.93  24.49  24.68  24.76  25.82  24.78  22.99  20.95  20.98  20.58  20.15  21.04  20.20  21.48  25.76  24.46  25.76  24.74  23.99  25.68  24.61  23.71  25.60  20.90  20.89  21.02  20.71  19.90  21.30  21.12  21.88  22.63  24.94  24.34  24.30  25.22  24.49  23.14  25.45  20.09  20.68  20.52  21.25  20.17  20.36  21.19  20.97  20.55  24.11  24.64  24.62  25.70  24.32  20.82  21.15  

0
22.17  21.41  21.19  21.24  20.93  21.11  21.70  27.06  26.51  25.55  24.36  24.77  24.51  26.91  25.84  22.96  20.38  19.80  20.32  20.59  20.36  20.92  21.56  25.54  24.94  25.44  25.23  24.71  24.66  26.50  23.82  28.05  21.02  20.35  19.79  20.80  18.90  20.96  21.09  22.46  22.60  24.82  24.52  24.80  25.42  25.07  25.00  26.58  20.51  20.66  21.01  19.86  20.15  20.57  21.38  20.38  21.45  23.30  24.39  24.84  25.43  24.29  22.73  21.84  

0
21.72  20.85  22.38  21.62  20.82  21.12  21.60  27.17  26.41  25.77  24.37  24.33  25.33  26.68  25.58  22.97  20.53  21.09  20.45  21.18  20.81  21.25  20.75  25.94  25.35  26.44  25.96  25.14  25.56  24.36  24.90  28.35  20.89  20.11  20.77  21.15  18.09  20.65  22.16  21.46  22.51  24.93  25.44  24.60  24.87  25.08  24.48  26.60  19.63  20.40  21.15  20.62  19.74  20.46  20.61  21.18  21.70  23.31  26.12  24.49  25.69  25.14  22.26  21.68  

0
21.11  21.00  21.21  20.88  20.70  20.77  21.15  26.64  26.41  26.30  24.81  24.89  25.44  26.43  25.99  24.22  20.94  20.97  20.93  21.18  20.38  20.83  21.16  24.66  25.35  26.63  25.45  25.66  24.78  26.99  25.96  26.47  20.75  21.51  20.77  21.04  18.09  20.76  20.58  21.26  23.13  24.52  24.63  24.92  25.43  25.56  23.26  26.45  20.53  20.81  21.15  20.99  19.46  21.16  21.40  20.73  21.93  23.31  25.55  25.20  24.81  23.88  21.94  22.04  

0
20.82  22.00  21.22  21.75  20.36  20.78  20.94  26.12  27.06  27.47  24.60  25.35  25.80  26.57  25.46  22.20  19.44  21.36  19.86  20.38  20.39  21.15  20.25  22.98  24.96  26.94  25.56  25.88  25.24  26.41  26.63  25.45  20.33  19.99  20.54  20.71  18.76  21.20  21.23  20.96  23.24  24.12  25.96  24.93  24.99  26.17  24.08  26.61  20.69  21.09  21.42  22.35  19.75  21.17  21.19  20.85  22.05  23.55  25.11  24.86  25.07  25.43  21.79  22.05  

0
20.35  21.01  21.61  20.77  21.43  20.90  20.71  26.12  26.74  27.05  24.82  24.46  25.11  25.45  25.73  23.46  19.44  21.74  20.70  20.03  20.93  21.15  20.77  21.97  25.16  26.74  25.05  25.47  25.46  25.57  25.05  25.45  20.90  19.61  21.62  21.27  17.60  20.56  21.01  21.58  23.34  23.80  24.85  25.25  24.99  24.85  23.27  25.74  20.84  21.09  21.81  21.61  20.17  20.24  21.19  21.53  21.13  23.43  26.25  24.62  25.20  25.01  22.27  22.05  

0
21.43  20.72  21.74  21.51  21.54  22.06  20.48  26.44  26.21  26.52  24.49  24.79  25.34  26.44  24.37  23.14  20.40  21.23  21.06  21.07  20.82  21.05  20.36  22.27  25.46  26.25  26.59  25.67  25.46  26.41  24.78  25.75  22.03  21.01  21.26  20.60  18.43  21.30  21.33  21.27  22.52  24.22  25.86  24.51  24.54  25.09  23.95  26.46  20.54  19.86  20.39  20.75  20.31  20.82  20.62  21.64  21.59  23.43  25.79  25.33  25.95  25.01  22.43  22.23  

0
21.58  20.01  21.74  22.12  20.95  21.25  20.94  27.08  26.64  25.68  23.40  24.01  25.91  25.33  25.86  23.14  20.26  21.36  21.06  19.56  21.36  21.15  20.87  24.58  26.16  25.86  25.26  25.36  24.91  25.69  23.98  26.77  20.90  20.38  20.06  20.71  18.10  21.09  21.44  20.76  22.83  24.22  24.95  25.46  25.11  25.21  23.41  26.17  20.24  21.50  20.91  20.63  19.89  21.98  20.40  19.95  21.25  22.64  25.22  24.51  25.83  24.87  21.79  21.15  

0
21.44  20.88  21.63  21.03  20.13  21.03  22.07  27.41  27.49  25.80  24.72  24.36  24.89  24.46  25.34  23.78  20.00  20.61  19.63  20.74  21.48  20.43  20.57  25.18  26.07  25.67  25.47  25.37  24.58  24.86  24.12  25.76  20.63  19.49  20.31  19.70  17.61  21.00  20.81  20.77  23.36  24.34  24.96  24.31  25.34  24.74  23.42  25.46  20.40  22.32  21.05  20.52  18.93  21.76  20.64  20.98  22.18  22.99  24.89  24.16  25.84  25.58  20.83  21.16  

0
21.86  21.13  21.06  20.99  20.57  21.46  21.59  26.84  26.61  25.23  23.49  25.66  25.32  26.54  25.97  23.43  20.92  21.46  20.20  21.05  20.47  20.28  21.56  25.64  25.24  25.74  24.71  24.81  25.55  25.67  24.35  27.91  19.88  21.24  21.11  20.46  18.24  20.64  21.62  20.83  22.81  25.23  25.03  24.49  25.19  24.22  25.00  27.44  20.96  20.66  21.40  20.98  19.03  21.15  20.71  20.15  21.34  23.64  24.62  24.48  25.93  24.29  21.60  22.02  

0
21.29  21.02  22.67  21.16  21.08  22.08  21.96  26.99  26.65  24.73  24.72  25.36  25.35  26.70  24.66  23.94  20.96  20.61  20.47  20.39  20.29  21.27  21.29  25.28  25.48  26.17  25.58  25.69  24.70  25.94  24.26  26.93  21.20  20.26  20.55  20.84  17.11  20.68  20.92  21.38  23.56  25.77  24.96  24.84  25.34  24.13  26.50  26.33  20.70  20.42  19.61  20.89  20.19  20.37  21.09  21.43  22.07  23.56  25.12  24.75  25.84  23.49  22.60  21.52  

0
21.12  20.29  20.96  20.77  20.60  20.78  21.16  26.44  26.21  24.39  24.60  25.80  26.03  26.32  25.05  23.92  21.22  20.47  20.10  20.50  20.93  21.26  20.77  23.68  25.36  25.86  24.95  24.42  25.13  26.17  24.51  27.35  20.90  19.87  20.42  20.71  18.59  20.77  21.01  21.27  23.75  25.76  24.54  25.57  25.22  23.75  25.43  25.88  20.99  21.23  21.30  20.51  19.75  21.17  20.74  21.30  22.63  24.34  25.45  25.45  26.83  23.76  21.15  21.51  

0
21.75  21.88  21.10  21.40  21.20  21.73  22.63  26.67  26.65  24.51  24.94  25.92  25.01  26.09  24.11  24.09  20.55  20.61  21.07  20.51  20.51  21.27  20.98  23.09  24.97  25.77  25.06  25.27  25.25  25.23  23.58  26.35  21.05  20.90  21.15  21.29  18.11  21.32  21.03  20.87  23.66  25.88  24.56  24.73  25.57  24.01  26.37  25.90  21.00  21.10  22.21  20.52  19.35  20.84  21.20  20.53  22.30  24.35  24.77  24.75  26.96  23.91  21.80  20.61  

0
20.07  21.75  21.38  21.29  21.21  21.86  21.41  26.14  27.08  24.53  24.73  25.60  25.94  25.23  23.99  23.33  20.15  21.39  21.20  21.44  20.96  20.65  21.20  23.41  25.89  24.99  24.97  24.86  25.15  24.88  23.87  26.80  21.07  20.66  20.32  19.94  19.44  21.86  21.67  21.50  24.18  25.68  24.57  25.59  24.90  25.12  25.18  26.05  21.16  21.39  20.93  20.78  19.08  21.43  21.32  21.10  22.42  23.80  25.24  24.53  25.85  22.22  21.01  21.71  

0
20.97  21.86  20.82  21.63  21.07  21.72  21.84  26.22  27.16  24.07  25.46  25.57  24.53  25.33  23.96  23.61  20.54  20.85  21.30  20.73  20.82  21.05  21.38  22.98  26.36  25.07  26.08  25.15  25.80  24.97  23.30  26.92  19.90  20.89  20.66  20.26  17.77  21.20  21.44  21.06  24.16  25.86  23.62  24.83  25.44  24.97  25.29  25.59  21.28  20.00  21.68  20.51  19.05  21.06  21.30  21.19  22.17  23.77  25.45  25.10  25.20  23.62  21.63  21.51  

0
19.73  22.00  20.96  20.53  20.36  21.13  21.61  26.76  26.74  24.29  25.57  25.46  25.46  26.20  23.83  23.61  21.36  21.23  20.70  21.19  21.04  20.52  21.18  24.38  26.36  25.86  25.36  25.26  25.68  25.33  23.98  26.63  20.33  20.76  20.66  20.48  18.43  20.56  20.70  21.17  23.85  25.66  24.54  25.46  24.88  23.88  24.35  25.59  20.69  21.63  20.12  20.01  19.89  20.71  21.41  20.63  22.51  24.56  25.45  24.51  25.07  24.32  22.75  21.69  

0
20.38  19.60  20.45  20.92  20.03  21.39  21.30  26.68  26.98  24.63  24.08  24.59  23.74  26.22  24.53  22.23  19.60  20.88  21.08  21.44  20.74  20.86  21.81  24.40  26.58  25.98  25.59  25.18  25.27  25.72  23.87  26.51  20.50  21.42  20.68  20.39  18.46  20.80  20.29  21.09  24.38  25.58  24.87  24.43  25.13  25.12  24.51  25.47  20.86  20.84  20.80  21.40  20.20  20.97  20.87  21.89  21.50  25.59  25.36  25.12  25.60  24.62  21.01  20.81  

0
21.39  20.83  21.71  21.35  21.15  21.79  21.24  26.40  26.60  24.14  24.24  25.09  25.53  26.28  23.79  23.42  20.36  21.70  20.90  20.22  20.57  20.80  21.24  24.54  26.03  26.02  25.94  25.33  25.54  25.06  23.80  27.32  20.29  20.97  20.50  19.76  18.56  21.37  20.66  21.13  23.92  25.62  24.41  25.00  24.61  24.93  24.99  25.99  20.20  20.51  21.00  20.34  19.72  20.44  20.81  20.93  22.82  25.42  24.38  25.41  26.17  24.98  22.55  23.08  

0
21.89  21.01  21.22  22.00  21.31  20.90  22.39  26.55  27.06  25.14  25.57  25.91  25.46  25.70  24.24  24.54  20.40  20.59  20.46  20.26  20.71  20.42  20.87  24.77  26.46  25.56  26.49  25.57  25.80  25.21  24.78  27.21  21.61  20.63  20.42  21.27  19.42  20.88  21.44  21.47  24.76  25.35  24.54  25.88  25.11  24.85  25.29  26.75  21.13  20.68  20.91  20.01  19.19  21.17  20.62  21.64  22.05  25.12  24.64  24.98  25.83  24.18  22.75  22.05  

0
21.58  21.15  21.09  22.00  21.19  21.83  21.39  26.44  26.64  25.14  24.93  25.57  24.42  26.44  24.51  22.36  20.54  20.47  20.70  21.42  20.28  20.73  21.18  24.58  26.56  25.56  26.59  25.26  25.13  25.93  25.45  26.92  21.04  21.52  20.54  21.27  19.09  21.09  21.54  21.37  24.05  25.35  25.76  24.83  24.65  24.85  25.43  26.61  21.28  21.23  21.68  21.37  20.17  21.29  21.63  20.97  22.28  24.90  25.91  25.56  25.20  24.87  22.27  23.12  

0
21.40  21.13  22.11  21.36  20.45  21.23  22.15  26.41  27.35  25.44  25.23  26.21  25.20  25.93  24.35  23.74  21.33  21.34  20.91  21.16  21.44  20.81  20.84  24.45  26.53  26.13  26.36  25.96  25.11  26.38  24.22  26.89  20.31  22.12  20.87  20.57  19.39  21.17  21.41  21.45  23.73  25.74  24.93  25.33  24.51  25.67  24.73  26.58  21.70  21.06  20.62  21.22  20.29  21.15  20.94  20.15  22.37  24.31  25.20  25.54  25.93  24.99  21.60  21.48  

0
21.25  21.84  20.93  20.99  20.33  21.81  22.15  26.52  28.08  24.91  24.14  24.99  26.35  26.30  25.30  22.96  20.51  20.05  20.55  20.82  21.23  21.23  21.15  24.55  26.93  26.03  25.64  25.75  24.99  24.95  25.42  27.47  20.45  20.73  20.51  20.91  18.90  20.53  20.46  21.24  24.13  25.12  25.03  24.80  24.63  25.79  24.06  26.73  20.51  20.79  21.14  21.34  19.17  20.91  21.61  20.83  21.68  23.18  25.20  24.72  26.18  25.54  21.76  22.74  

0
21.93  20.48  21.26  21.55  20.63  21.64  22.21  26.90  28.04  25.61  23.66  24.94  25.72  26.36  25.76  23.34  21.26  21.27  21.21  21.00  20.97  21.09  21.01  23.92  26.79  26.58  26.42  25.61  25.50  25.85  24.42  26.81  21.22  21.43  20.70  20.75  19.13  20.60  21.05  21.20  22.87  25.29  25.49  25.92  24.91  25.97  24.26  25.48  21.02  20.86  21.46  21.16  20.21  21.67  21.67  20.55  22.09  22.67  25.14  25.25  26.11  25.60  23.10  22.09  

0
21.11  21.57  21.21  21.13  21.53  21.01  21.71  26.75  27.05  25.88  24.26  24.56  24.98  25.94  25.31  22.97  21.21  21.48  21.05  20.95  21.13  20.61  21.06  24.47  26.55  26.44  26.27  25.87  25.34  25.68  25.04  27.05  20.89  21.25  20.53  20.81  19.40  21.61  21.11  21.05  23.02  25.14  25.95  24.82  24.98  26.04  24.07  25.87  21.12  21.49  21.41  21.23  19.88  21.27  21.40  20.95  21.58  22.85  25.78  24.73  24.55  26.24  21.94  22.40  

0
21.46  20.61  21.77  21.78  20.50  21.16  21.19  26.46  27.29  25.60  24.08  24.82  25.82  25.72  25.21  23.79  20.43  21.39  20.96  20.87  21.06  20.76  21.81  23.71  25.79  26.67  25.59  25.28  25.38  25.36  24.81  26.36  21.07  20.53  20.92  20.73  18.29  21.01  21.04  21.60  23.57  24.24  25.68  24.64  25.36  25.48  23.97  25.18  20.86  20.71  21.58  20.28  20.06  20.73  20.08  20.88  21.62  23.00  25.24  25.47  25.98  25.87  20.68  20.62  

0
21.16  21.62  21.65  20.57  21.58  21.52  20.75  27.43  27.20  26.67  24.75  25.39  25.26  26.85  25.22  23.81  20.99  20.76  20.62  20.53  21.18  20.98  20.39  23.52  26.00  26.97  25.60  26.64  24.38  24.40  25.75  26.52  21.93  20.16  20.46  20.52  16.97  21.45  20.95  21.41  21.84  24.57  26.10  24.97  24.91  26.09  23.99  27.22  21.17  21.54  21.07  21.41  20.21  20.16  21.22  20.89  22.21  22.21  24.80  24.78  25.86  27.65  23.89  22.80  

0
20.69  21.61  20.72  21.54  20.86  20.69  21.75  26.57  26.77  26.13  24.95  25.49  24.79  25.97  26.56  22.86  21.11  21.13  20.61  20.87  20.96  21.39  21.00  23.81  26.09  27.93  26.20  26.42  24.93  25.60  25.34  26.51  20.64  21.29  20.56  20.51  17.96  21.33  21.36  21.80  23.27  25.38  25.98  24.53  25.47  25.72  23.84  27.21  19.97  22.20  20.67  21.03  19.50  20.97  20.54  21.66  22.54  23.12  24.55  25.00  25.10  26.69  22.30  21.71  

0
20.66  21.58  21.48  21.75  21.66  20.90  21.61  26.55  27.48  26.00  24.71  25.46  24.18  26.07  25.32  24.54  19.58  21.23  19.74  20.73  20.39  20.84  20.56  24.38  26.36  27.81  25.36  26.61  25.57  26.29  24.91  25.75  20.90  21.01  21.02  21.39  18.76  21.30  20.80  20.86  22.42  24.63  25.46  24.83  25.33  25.93  23.27  25.59  21.72  20.55  21.04  20.75  20.17  20.82  21.41  21.08  21.48  22.86  25.22  25.56  25.58  26.39  22.75  22.59  

0
22.07  20.61  21.25  21.54  20.98  22.09  21.52  26.14  26.66  25.91  24.73  25.60  25.82  26.47  25.75  23.48  20.56  20.62  21.08  20.52  20.85  21.07  21.30  24.60  25.39  26.86  25.69  25.39  24.93  25.72  24.40  25.04  20.21  20.53  21.52  20.85  18.46  21.44  20.93  21.50  23.47  24.76  26.18  24.32  25.47  24.75  24.24  25.91  20.57  21.25  21.58  20.90  19.64  21.20  21.43  21.10  22.31  23.35  24.78  24.88  25.22  26.55  22.14  21.53  

0
20.79  20.84  21.85  20.99  20.81  21.34  21.59  26.84  26.82  26.71  24.69  25.44  25.32  27.04  27.04  24.21  20.51  21.21  20.79  20.82  20.36  20.92  20.84  24.25  25.64  27.11  26.56  25.44  25.44  24.83  24.76  25.58  21.86  20.61  20.99  20.46  18.90  20.64  20.99  21.35  23.22  25.23  25.03  24.38  25.53  25.43  24.20  26.44  21.11  21.06  21.01  22.20  18.89  21.61  21.83  21.39  21.57  22.73  23.93  25.31  25.68  26.09  21.76  21.12  

0
20.82  19.86  21.88  21.51  22.01  20.20  20.82  26.44  27.16  26.52  25.03  25.35  24.53  25.45  25.59  23.30  20.95  20.85  21.06  20.61  21.15  21.47  20.87  24.28  25.66  26.74  25.77  25.26  25.02  25.33  24.38  26.19  20.33  20.38  20.78  21.27  18.76  20.02  21.12  21.06  22.83  24.74  25.96  24.30  25.56  25.81  25.03  26.32  20.69  21.09  21.42  21.12  20.03  20.94  20.85  21.64  22.28  23.66  24.87  25.10  24.56  26.53  21.63  21.33  
