Start of this file: 14:18:18 01/05/2017

0
21.46  20.87  2 06  19.96  20.89  20.21  21.06  

9.65  20.52  20.38  21.32  20.72  21.05  20.42  20.38  19.61  20.86  20.69  21.39  20.92  21.06  19.96  20.89  20.21  21.06  

0
20.65  20.26  20.36  19.94  20.38  20.56  19.80  20.13  19.86  20.43  20.51  20.57  19.93  20.79  19.58  20.29  21.03  20.90  19.76  20.62  20.69  21.01  21.23  21.21  20.71  20.46  19.72  20.20  20.00  20.20  20.51  20.77  19.00  20.04  19.96  20.93  18.62  20.21  20.77  20.41  20.73  20.17  19.93  20.49  20.73  19.68  19.35  20.05  19.77  21.03  20.44  20.17  19.85  20.48  20.73  20.40  20.91  20.21  20.06  20.31  20.21  19.57  20.20  20.50  

0
20.69  20.15  19.87  20.60  20.65  20.83  19.83  21.87  21.02  20.92  20.99  21.19  20.34  20.30  21.18  19.69  19.97  20.04  20.03  20.77  21.05  21.16  19.93  20.12  20.65  20.81  21.27  20.13  19.92  20.11  19.56  19.72  20.90  20.21  20.36  20.40  18.33  20.78  21.02  20.65  20.34  20.10  20.61  20.75  20.65  20.10  19.39  19.31  20.56  20.12  21.13  20.58  20.17  20.40  20.43  21.00  20.95  21.30  20.82  20.60  20.78  19.02  19.75  21.45  

0
20.36  19.26  20.24  20.57  20.39  19.98  19.92  20.26  20.43  19.77  20.40  21.16  20.31  19.75  20.31  20.79  19.53  20.78  20.49  19.70  19.39  20.18  21.25  20.51  19.78  20.37  20.71  19.88  19.54  19.45  19.54  19.07  19.73  20.82  20.21  20.61  19.29  21.18  20.68  20.93  21.16  20.40  20.90  20.61  20.15  20.07  19.50  19.29  20.38  20.23  20.85  20.06  18.74  20.26  21.08  20.63  20.81  20.81  20.80  20.94  19.56  19.44  20.21  19.23  

0
19.93  19.15  20.41  20.36  20.07  20.96  19.96  20.64  20.02  20.26  20.10  20.62  20.23  20.58  20.06  20.83  19.16  20.69  19.69  19.74  19.98  20.85  20.05  20.54  19.81  21.03  20.42  20.47  20.05  20.51  20.84  19.89  20.48  20.60  20.01  19.73  18.34  20.69  21.03  20.56  20.67  20.23  20.41  20.10  20.42  20.49  20.11  20.56  20.12  20.95  19.97  20.72  19.62  21.00  20.44  19.99  21.66  20.97  20.84  20.49  20.53  21.22  18.44  22.19  

0
21.60  20.71  20.78  19.97  20.40  19.76  20.16  19.81  20.56  20.34  19.40  20.59  19.72  20.68  20.32  20.96  19.41  20.03  20.02  20.99  20.06  21.25  20.75  20.72  20.00  20.38  21.15  19.56  20.84  20.48  20.53  20.80  19.60  20.32  20.95  20.51  18.48  21.20  21.22  20.33  21.17  20.74  20.17  20.96  20.52  20.97  20.64  20.69  21.28  20.38  20.21  21.43  20.85  20.04  21.43  20.53  21.05  20.71  21.17  21.44  20.77  20.91  20.88  20.71  

0
21.57  20.54  20.63  20.19  20.85  19.74  20.14  20.81  20.31  20.32  20.62  21.15  20.18  20.66  21.29  20.62  20.48  20.13  20.12  20.27  20.37  20.80  20.52  20.90  20.50  20.15  20.48  20.86  20.00  20.71  20.23  21.08  20.86  20.81  20.44  20.37  18.45  21.06  20.45  20.61  20.41  20.39  20.57  20.38  20.61  20.31  19.77  20.66  20.07  19.80  20.44  20.67  18.87  20.25  20.28  21.18  20.21  19.86  21.74  20.44  20.35  20.30  20.69  20.14  

0
18.98  20.44  19.73  20.35  19.58  20.13  19.49  21.08  20.01  20.58  20.43  20.37  21.06  20.04  19.91  20.98  20.52  20.94  20.99  19.72  20.73  20.84  20.45  20.53  20.33  20.60  20.52  20.68  19.80  20.49  20.41  20.66  20.61  20.59  21.44  20.52  18.66  20.78  20.91  20.85  20.87  19.56  20.82  20.53  20.17  20.22  19.67  20.09  20.41  21.61  20.35  20.46  19.75  20.87  20.99  21.11  20.25  20.60  21.18  20.72  20.65  20.63  19.58  20.36  

0
20.37  18.84  19.99  20.34  20.52  20.82  19.94  20.84  20.00  20.46  20.42  20.48  19.72  20.42  20.75  20.00  19.82  19.77  19.54  21.10  19.63  21.25  20.23  20.93  20.21  20.69  20.40  19.90  20.61  20.48  20.95  19.87  20.46  20.83  20.10  20.73  18.31  20.56  19.83  20.94  20.65  20.20  20.81  20.18  19.68  20.59  20.08  21.30  20.09  20.92  21.12  20.69  19.73  20.86  19.51  19.63  20.59  21.29  21.29  21.08  19.57  20.91  20.06  21.80  

0
21.00  18.85  19.73  19.73  19.82  21.07  19.95  20.74  20.80  20.02  20.32  19.90  19.85  20.30  21.61  20.33  20.11  20.04  20.16  20.42  20.51  20.53  20.76  20.22  20.65  20.50  20.19  19.58  21.32  20.74  19.56  20.35  19.90  20.08  19.51  20.18  17.66  20.35  20.06  20.65  20.66  20.21  20.29  20.42  20.17  19.72  19.53  20.24  20.11  21.61  20.87  20.46 6.29  21.26  21.97  21.82  21.44  21.86  19.26  21.94  21.35  21.58  21.68  21.56  20.98  22.35  22.42  21.59  21.66  22.33  

1.29  21.26  21.97  21.82  21.44  21.86  19.26  21.94  21.35  21.58  21.68  21.56  20.98  22.35  22.42  21.59  21.66  22.33  

0
22.08  21.15  21.18  21.20  20.51  21.39  20.94  21.50  21.55  21.44  20.85  21.52  20.68  21.73  21.33  21.95  20.10  21.05  20.61  22.35  20.81  21.86  21.44  20.50  21.35  21.70  21.78  20.54  21.29  22.11  21.10  21.90  20.47  21.84  21.06  21.51  20.31  21.71  21.41  21.33  21.36  21.47  22.26  21.49  21.69  21.60  21.49  21.78  21.89  21.61  21.77  20.57  21.55  22.11  22.08  21.75  22.20  22.32  21.76  21.56  21.96  21.65  22.20  22.39  

0
21.76  21.71  21.57  20.32  20.97  21.03  20.82  21.49  21.98  20.99  20.95  21.27  20.67  22.36  21.17  20.18  21.86  21.04  20.36  20.62  20.58  22.05  21.63  21.20  20.81  22.20  21.01  20.53  21.05  21.22  21.64  21.89  22.01  21.58  20.20  21.27  18.99  21.70  20.98  21.32  21.45  21.88  22.24  21.26  21.21  20.71  21.48  21.16  22.61  22.14  21.75  21.42  19.87  21.30  21.63  21.52  21.38  22.08  21.03  21.55  21.95  22.07  22.19  21.12  

0
20.33  21.38  20.59  21.13  20.33  21.45  21.45  21.10  20.93  20.04  20.45  21.34  20.13  22.05  22.38  21.25  20.18  20.60  21.15  20.68  21.07  21.17  20.86  20.95  21.18  21.54  21.82  21.57  21.58  20.16  21.04  21.22  20.83  21.65  21.23  20.88  19.92  20.90  21.45  21.27  21.19  21.30  21.15  21.75  21.39  21.66  20.59  20.96  22.41  21.41  20.93  20.87  19.82  22.16  21.24  21.36  22.37  21.80  21.34  21.50  20.98  21.59  21.50  21.97  

0
20.84  20.14  20.78  21.19  21.21  21.26  20.37  22.05  20.87  20.76  20.16  20.69  21.03  21.85  21.59  21.30  21.19  21.55  20.60  21.31  21.55  21.74  21.12  21.20  20.18  21.69  21.34  21.18  20.70  21.10  21.09  21.12  21.73  21.07  21.40  20.71  19.97  21.48  21.29  21.32  20.82  21.56  21.72  20.93  21.21  20.96  20.64  20.85  22.61  21.46  20.85  21.54  20.43  21.06  20.95  21.85  21.49  21.50  21.51  21.31  21.16  21.78  20.74  20.94  

0
21.00  20.71  21.57  20.20  21.33  21.26  20.82  20.92  20.76  21.32  21.40  21.50  21.15  21.46  21.45  21.46  19.95  21.17  20.60  20.62  21.55  20.69  21.32  21.00  20.50  21.28  21.55  21.29  20.82  20.97  20.53  21.89  21.59  20.82  21.05  20.82  19.16  21.16  21.19  21.22  21.03  20.92  21.09  21.48  21.56  21.34  20.64  22.07  20.85  21.33  21.50  21.17  19.73  21.18  19.94  20.51  21.26  21.27  22.34  21.31  21.42  20.91  21.39  22.20  

0
22.21  20.70  20.10  21.54  21.08  21.72  20.81  21.03  21.19  20.86  20.83  21.14  21.25  20.92  21.30  21.77  20.49  20.90  20.71  20.95  21.32  21.20  21.62  20.88  20.48  21.78  20.79  20.29  20.92  20.71  21.63  22.18  20.16  20.93  20.19  21.15  18.82  21.79  20.86  21.71  21.12  20.59  21.18  20.47  20.96  21.32  21.05  21.45  21.57  21.04  21.61  20.17  20.42  21.17  21.05  21.62  21.02  22.06  21.50  21.42  21.67  21.33  20.73  21.65  

0
22.04  21.40  21.67  21.04  21.07  21.12  21.92  22.14  20.73  21.07  21.60  21.94  21.12  21.69  21.43  21.91  20.34  21.40  20.81  20.94  21.09  21.30  20.99  21.48  20.89  21.25  20.99  21.05  20.21  20.44  21.06  22.02  21.14  20.79  21.02  21.25  20.11  21.25  20.42  21.80  21.42  21.43  21.59  20.79  19.99  21.81  20.90  22.80  21.26  20.34  22.24  21.76  19.71  20.46  21.71  21.83  21.59  21.71  20.89  21.40  20.34  21.32  21.04  22.36  

0
21.46  21.43  21.43  21.43  21.45  20.80  20.93  21.60  21.20  21.21  21.40  21.50  21.03  20.54  20.61  20.66  20.91  20.78  21.08  21.31  21.33  21.43  20.81  21.20  20.92  21.59  20.37  20.20  21.51  22.09  21.09  21.12  21.45  21.07  20.57  21.16  19.16  21.38  21.72  21.52  20.82  22.41  20.35  20.60  20.61  20.83  20.92  21.62  21.44  21.60  22.14  21.78  20.15  21.30  21.29  20.39  21.26  21.73  21.27  20.57  21.03  21.20  21.06  23.63  

0
22.21  19.84  20.50  21.42  20.84  21.37  22.04  21.59  20.52  21.20  21.17  21.26  21.25  21.18  20.74  20.65  20.22  20.77  20.83  20.26  21.54  21.73  21.52  21.29  20.59  21.78  21.54  20.95  20.46  20.96  20.94  21.57  21.01  20.42  20.67  21.03  19.80  21.05  20.22  21.51  21.54  21.23  21.29  20.81  20.72  20.82  20.77  20.54  21.72  20.63  20.70  21.53  20.55  20.82  21.50  20.50  21.13  21.95  21.74  22.02  21.15  21.48  21.05  22.55  

0
20.65  19.52  21.53  21.15  20.82  20.88  20.89  20.77  21.72  20.84  20.92  20.77  21.59  21.16  20.71  21.10  20.60  20.75  21.87  20.58  21.08  20.97  20.47  20.86  21.19  21.24  21.41  20.38  20.31  21.18  21.19  21.70  21.13  21.66  21.13  20.55  18.63  20.38  21.15  21.18  21.20  21.21  21.89  21.33  21.87  21.67  21.30  21.58  20.51  20.74  21.20  21.38  20.25  21.14  21.48  21.14  21.34  22.04  20.76  21.51  20.33  21.74  21.51  21.44  

0
20.35  21.40  20.35  21.04  21.42  20.54  20.34  21.24  20.95  20.52  20.82  21.48  21.24  20.52  21.43  22.07  20.61  20.63  20.34  21.40  21.31  20.66  20.58  21.59  21.10  20.84  21.10  21.37  20.44  21.07  20.79  22.47  21.14  20.67  20.78  20.57  20.43  21.46  20.84  21.29  21.63  20.36  21.07  21.12  20.71  20.17  20.76  20.52  21.12  21.30  20.69  22.00  20.26  21.62  21.71  21.60  21.47  21.24  21.01  21.53  21.13  21.03  20.22  21.09  

0
21.28  19.97  21.54  21.65  20.23  20.77  20.11  21.01  21.73  21.52  20.70  20.43  21.72  20.38  20.72  20.63  20.75  20.50  20.22  21.28  21.42  20.24  20.79  20.97  20.79  21.56  21.53  21.16  20.44  20.32  21.06  20.79  20.00  21.42  20.66  21.47  18.97  21.35  21.48  21.80  21.32  21.11  21.59  20.57  21.42  21.06  20.34  20.52  21.12  21.03  21.98  22.37  20.13  21.04  21.27  21.16  21.01  21.13  21.49  21.65  20.21  20.45  19.57  21.82  

0
20.83  20.41  21.16  21.17  20.49  21.48  20.24  21.59  20.86  20.53  21.17  21.72  21.01  21.31  21.30  22.56  21.17  20.26  20.59  20.37  20.89  21.10  20.18  21.40  21.32  21.37  21.22  20.40  21.04  20.33  21.35  20.95  19.73  20.42  20.67  21.60  19.80  21.47  20.86  21.00  21.02  20.91  21.50  21.14  20.36  21.07  19.79  21.75  21.13  21.31  21.48  20.42  19.58  20.82  21.39  21.28  21.02  21.37  20.90  22.27  20.88  21.77  21.21  21.83  

0
21.27  20.96  21.26  20.90  21.41  20.76  20.44  20.66  21.17  20.39  20.13  21.00  21.23  21.42  21.98  21.26  20.33  20.75  20.32  22.42  21.08  22.43  20.47  20.13  20.67  21.55  20.87  21.14  20.90  20.93  20.91  21.70  21.27  19.89  19.92  21.01  18.30  21.55  21.04  21.28  20.89  21.21  21.68  20.89  21.40  21.92  21.16  21.73  21.25  20.88  22.61  20.89  21.36  21.60  21.37  21.82  21.23  21.00  21.12  21.27  21.38  22.03  21.02  22.34  

0
21.16  21.15  19.73  21.57  20.99  21.16  20.26  21.50  21.22  20.44  21.86  21.05  21.52  21.34  22.17  22.11  20.52  21.18  20.25  20.74  21.24  21.44  20.93  21.22  20.93  21.50  21.35  21.09  21.06  20.98  20.96  20.98  21.46  20.96  20.34  21.28  19.17  21.50  21.62  21.53  21.77  21.15  20.68  21.27  21.34  20.72  20.52  20.87  21.15  21.47  22.02  21.31  20.72  21.42  21.08  21.42  21.39  21.74  21.17  21.56  21.57  22.08  20.91  21.86  

0
21.00  21.28  20.78  21.06  21.33  20.68  20.48  21.72  21.54  21.21  21.74  20.92  21.63  21.33  21.73  20.66  20.64  21.55  20.60  21.08  20.58  21.43  21.43  20.38  20.60  21.17  21.01  20.85  21.17  20.97  21.51  21.89  20.60  21.07  21.88  20.59  19.16  20.63  21.29  20.50  21.66  20.82  21.30  20.82  21.32  20.20  20.64  21.01  21.58  20.78  20.85  22.15  19.03  21.06  21.18  21.41  22.19  20.69  20.79  21.18  21.03  21.49  21.22  20.76  

0
20.80  19.81  21.00  22.25  21.29  20.64  20.55  21.00  20.83  20.95  20.13  20.18  20.15  19.98  21.13  21.10  20.05  20.62  20.56  19.88  20.86  20.76  20.47  21.06  20.46  21.24  20.54  20.38  20.08  20.43  20.08  20.77  19.27  20.65  20.89  21.35  18.63  21.34  20.94  21.69  20.89  20.67  21.26  21.44  21.17  20.67  20.61  21.58  19.91  22.10  21.07  22.11  19.83  21.03  20.92  21.03  21.57  21.58  21.59  21.15  19.66  21.60  20.86  21.44  

0
20.37  21.41  22.60  22.88  20.49  21.37  21.03  20.91  20.41  20.53  20.83  21.49  21.61  20.92  21.72  21.61  21.04  21.54  21.42  21.41  21.00  21.10  20.90  21.19  20.80  21.26  20.89  20.95  20.22  21.21  21.08  21.26  21.44  21.06  20.43  21.15  19.31  20.94  21.49  21.31  21.02  20.70  21.29  20.92  20.48  20.44  20.63  21.30  20.83  21.45  21.35  21.77  21.93  21.63  22.06  21.28  21.48  20.79  20.66  21.90  20.62  20.47  19.91  21.83  

0
21.00  19.85  20.91  23.01  20.62  20.68  21.05  20.81  20.76  20.65  20.28  21.27  20.91  20.93  21.45  20.50  20.09  21.17  20.60  23.92  21.44  21.11  20.61  20.59  21.02  21.79  21.12  21.07  20.23  20.72  20.95  20.81  21.17  20.69  20.81  21.27  18.50  21.38  21.61  21.32  20.82  21.46  20.99  21.26  21.09  20.83  21.20  20.70  21.14  21.19  20.98  23.72  24.90  21.06  21.07  20.62  20.80  20.92  21.51  20.57  21.03  20.62  19.92  21.48  

0
20.03  20.82  20.60  21.88  20.34  20.88  20.55  20.89  21.28  20.17  20.69  21.35  20.39  21.29  20.99  19.49  20.87  20.49  21.04  24.11  20.43  20.65  21.39  20.65  20.04  21.14  21.08  20.60  20.66  20.81  20.50  20.31  20.56  20.78  21.72  21.46  18.95  21.55  20.83  20.15  20.57  20.89  20.84  20.23  21.05  20.92  21.16  20.51  21.55  20.19  20.81  26.64  24.07  21.26  21.37  20.81  21.34  21.58  20.88  21.64  20.59  20.88  20.05  20.53  

0
21.14  20.56  21.81  22.63  21.08  20.32  20.81  20.69  20.52  20.86  20.72  21.37  20.41  21.18  22.00  22.24  20.49  21.15  20.59  24.58  20.78  20.57  21.11  20.16  20.48  20.85  21.22  21.28  20.80  21.21  20.38  22.03  21.16  21.56  21.15  21.60  17.99  21.05  21.28  21.20  21.33  21.66  21.18  21.03  21.55  20.95  21.47  21.30  21.13  21.85  21.74  27.59  24.49  20.82  21.39  21.06  21.94  21.72  20.90  21.29  21.28  21.19  20.89  23.97  

0
20.68  21.70  21.68  23.00  20.49  21.25  21.60  22.15  21.30  21.53  21.28  20.91  20.77  21.96  21.44  22.08  19.80  20.13  21.78  24.02  20.13  21.62  20.80  20.99  20.69  21.37  21.11  21.39  21.73  20.96  20.38  22.64  21.16  21.06  20.07  22.38  19.96  20.73  20.64  22.12  20.81  21.34  21.50  21.25  20.48  21.32  22.02  20.84  21.87  21.45  21.74  26.90  23.42  21.63  21.39  21.62  21.71  21.95  22.09  22.27  20.75  21.91  22.34  23.79  

0
21.25  21.52  21.91  21.99  21.40  21.33  22.12  23.56  21.71  20.83  21.46  21.10  21.10  20.62  21.82  22.36  20.45  20.48  21.74  23.87  20.31  21.27  20.86  20.74  21.08  20.61  21.29  21.46  21.23  20.67  21.45  21.53  20.83  21.02  21.59  22.56  18.94  20.69  21.14  21.37  22.74  21.09  20.94  21.10  21.04  21.03  21.43  21.26  21.53  21.54  21.70  28.02  22.44  21.94  21.24  23.79  27.73  21.91  21.58  21.74  20.98  22.44  21.17  21.97  

0
21.47  22.57  21.71  22.54  21.46  21.51  22.18  23.73  20.66  20.33  21.19  21.17  21.76  20.69  21.47  21.15  20.38  21.18  21.92  24.38  20.81  21.54  20.72  21.62  21.35  21.08  21.56  20.98  21.06  20.61  21.24  20.20  20.19  20.83  21.06  22.96  19.01  21.92  23.29  28.13  23.21  21.68  22.15  21.93  21.57  21.72  20.94  21.32  21.01  21.34  21.64  27.27  23.31  21.19  20.52  22.86  25.81  21.86  21.52  20.71  21.04  21.79  21.24  22.04  

0
21.58  20.69  21.80  21.40  21.66  21.35  21.92  23.91  21.40  21.63  20.59  21.82  21.48  20.78  21.29  21.43  20.34  20.89  21.53  23.45  20.88  22.03  25.01  27.82  21.41  20.74  21.42  20.50  21.26  20.57  20.79  21.56  21.00  20.28  21.50  24.46  19.13  20.82  20.31  24.70  25.20  20.90  20.96  21.01  20.59  21.31  20.06  21.29  20.67  21.98  22.37  23.58  22.46  21.15  21.60  21.60  25.78  24.67  21.25  21.77  20.21  20.89  21.04  21.46  

0
20.69  20.43  21.96  22.89  21.21  21.84  25.68  25.57  21.20  21.21  19.94  21.04  21.03  20.93  21.59  21.94  21.46  21.42  21.67  22.79  20.47  21.53  22.34  26.30  22.37  21.17  21.01  20.31  20.12  19.96  20.81  21.12  21.31  21.70  22.00  27.07  20.30  20.63  20.76  22.54  27.40  21.46  20.99  20.49  20.38  20.71  20.36  21.62  21.44  22.27  21.37  22.15  25.30  25.03  23.07  24.06  25.58  25.81  21.39  21.55  21.03  21.35  21.39  21.30  

0
20.82  20.11  20.75  22.50  20.35  20.07  25.87  26.95  21.18  20.96  20.93  21.01  20.64  21.04  21.71  20.47  21.02  22.03  22.35  26.00  20.98  20.77  20.48  24.40  24.49  21.46  20.45  20.61  21.26  20.82  20.79  19.23  20.15  20.92  21.62  24.79  21.24  21.46  21.48  22.31  25.70  23.44  20.96  20.46  19.76  20.30  19.49  20.37  21.56  21.43  20.17  22.49  26.98  26.77  25.43  24.25  25.89  26.22  21.49  21.16  20.87  20.60  20.55  20.55  

0
20.37  20.84  21.94  25.02  20.49  20.78  21.93  26.53  20.97  20.64  21.05  21.14  20.41  20.79  21.86  20.81  20.90  21.03  22.36  24.13  21.96  21.94  20.90  22.21  25.81  21.16  20.68  20.84  20.69  19.95  20.52  20.33  20.59  21.19  20.55  22.71  27.01  25.42  23.37  23.63  25.61  24.39  20.97  21.25  20.48  21.07  21.19  20.54  22.01  21.85  22.00  22.38  26.34  25.35  24.15  23.93  27.55  26.79  20.54  21.54  19.69  20.90  20.07  20.19  

0
21.09  20.36  21.50  22.10  21.38  21.55  20.64  24.86  23.13  20.37  20.10  21.56  20.72  20.61  19.54  20.27  20.58  21.10  21.49  24.98  24.45  23.54  22.48  24.07  25.86  21.21  20.52  20.79  20.17  20.15  19.35  20.90  20.82  21.13  21.22  25.62  23.42  24.76  24.15  25.75  27.34  23.92  20.18  20.64  20.43  21.02  20.16  19.87  21.22  21.26  22.08  26.50  24.44  24.75  23.01  24.97  26.29  22.47  20.61  20.88  20.96  20.42  20.35  20.87  

0
20.68  20.84  21.94  23.60  23.19  23.21  23.71  26.53  23.51  20.75  20.60  21.49  20.53  20.92  21.16  20.16  20.49  22.17  25.37  24.80  24.29  25.12  24.53  26.28  24.30  21.57  20.14  20.62  20.80  20.45  20.94  20.80  21.16  22.07  25.25  24.36  23.16  23.67  24.71  26.38  22.57  20.59  21.29  20.70  20.60  20.82  20.07  21.30  21.13  21.18  23.53  24.66  22.48  21.97  21.73  21.51  21.25  21.02  21.38  21.90  20.88  20.76  21.05  20.92  

0
20.86  20.87  21.32  22.42  22.40  24.60  26.33  24.83  20.54  20.22  20.18  21.28  20.20  20.95  20.19  21.31  21.74  24.32  23.79  22.81  21.88  22.38  23.56  22.13  20.40  20.77  20.81  20.32  20.13  20.98  20.69  20.82  21.32  22.22  24.01  23.73  19.33  20.54  20.78  22.95  21.15  21.04  20.58  20.72  20.75  21.35  19.95  19.64  20.41  21.61  21.12  21.31  20.16  20.73  20.63  24.94  20.46  20.93  20.69  20.83  20.78  20.64  21.56  20.04  

0
19.86  20.23  20.19  20.64  20.92  24.08  22.12  20.53  20.26  19.36  20.45  20.75  20.50  21.01  22.10  20.45  20.86  20.86  22.21  19.98  20.63  22.00  23.59  20.64  20.13  21.54  20.42  20.59  20.42  20.04  19.78  20.91  20.41  20.39  21.35  21.45  21.05  21.75  23.34  21.47  21.19  20.77  19.45  20.44  21.16  20.02  20.59  21.26  20.20  20.87  21.70  21.12  19.26  20.43  21.46  21.02  21.10  21.56  20.62  20.64  20.18  20.28  20.52  20.89  

0
19.88  20.82  20.74  21.15  20.70  22.50  20.21  21.45  20.16  20.28  20.47  20.06  20.02  20.90  20.85  20.30  21.42  20.62  21.51  21.96  22.47  24.69  21.29  20.13  19.61  20.62  19.46  20.05  20.20  20.68  19.65  19.69  20.42  20.40  20.89  21.35  20.42  21.98  21.68  20.77  21.10  20.46  20.31  20.01  20.93  19.65  20.75  20.66  20.36  20.61  20.68  20.76  19.27  21.49  21.25  21.14  20.29  19.94  21.00  21.27  20.46  20.73  20.21  20.53  

0
20.69  20.28  20.25  21.43  22.50  22.31  20.82  21.49  21.09  20.76  20.39  20.81  20.18  20.67  19.61  20.01  20.64  21.42  20.48  21.77  23.57  24.32  20.61  20.38  20.18  21.17  20.37  19.53  20.00  20.59  19.83  21.27  21.87  20.05  19.96  20.59  18.50  21.59  20.98  20.91  21.03  20.28  20.03  19.71  20.38  19.05  19.38  20.24  20.40  21.60  20.59  20.55  19.45  21.30  19.94  20.85  20.91  21.27  21.03  20.32  20.37  20.91  19.92  21.12  

0
20.41  19.73  20.80  21.33  23.57  22.10  20.73  21.18  21.01  20.45  19.51  20.13  19.48  19.91  20.77  20.36  20.12  20.81  21.81  22.02  22.43  23.32  20.84  20.20  19.57  20.27  20.28  20.22  20.38  20.37  20.42  19.44  19.91  20.46  21.31  21.30  19.84  21.40  21.11  20.52  20.64  20.09  21.12  20.51  20.88  20.35  18.98  19.80  19.98  21.62  21.65  20.33  20.32  20.86  19.96  20.53  20.82  20.83  20.58  21.33  20.92  20.65  19.13  20.60  

0
20.17  20.38  19.53  21.38  21.87  20.98  20.66  20.87  20.37  20.38  20.57  20.29  19.89  20.75  20.98  18.99  20.59  19.83  21.50  20.22  21.71  21.38  20.66  19.91  20.23  20.92  20.21  19.37  20.53  21.17  20.90  20.91  20.41  20.13  20.15  21.45  18.78  20.58  20.29  20.96  20.56  19.90  20.72  20.99  20.45  20.02  19.89  19.42  21.53  20.87  20.80  20.75  19.82  20.67  20.45  21.58  21.10  20.52  20.50  20.77  20.58  20.43  19.87  20.34  

0
21.12  20.54  20.62  21.04  20.83  21.24  20.57  19.99  20.06  19.62  20.59  20.08  20.40  20.52  20.44  20.79  20.89  20.76  20.93  20.13  20.23  20.24  20.07  20.35  20.36  20.53  20.34  19.62  19.62  20.19  21.06  20.94  21.57  20.79  20.42  20.79  18.80  21.14  20.42  20.37  20.69  20.36  20.96  20.68  19.99  20.30  19.78  21.13  20.67  19.93  20.43  20.40  19.57  20.34  20.70  21.27  20.89  20.19  20.53  20.55  21.40  20.60  21.04  21.64  

0
20.68  19.98  20.23  21.05  21.79  20.55  20.81  21.59  20.52  20.53  20.49  20.44  19.81  20.53  21.72  20.16  20.90  20.39  20.71  21.41  21.00  19.94  20.80  20.16  20.90  21.16  21.00  19.19  19.52  20.08  20.66  21.57  21.30  21.06  21.39  21.37  18.32  20.94  20.43  20.59  20.39  21.02  20.76  21.14  20.36  20.19  20.63  20.23  20.68  20.49  20.96  21.16  19.44  19.77  20.15  20.50  20.08  20.79  20.90  20.19  20.22  20.32  19.58  20.74  

0
20.66  20.26  19.69  20.54  20.00  20.89  19.54  20.44  19.94  20.07  21.15  19.96  20.28  19.86  21.43  19.99  20.34  21.65  20.81  21.05  20.44  20.56  21.40  20.25  20.58  20.11  20.34  20.39  20.91  20.19  20.37  20.79  19.86  19.77  19.45  20.91  18.80  19.75  20.63  20.27  20.48  21.11  21.28  20.24  19.64  19.79  19.49  19.75  21.56  20.62  20.43  20.65  18.72  19.99  20.37  20.14  20.66  20.78  20.89  19.68  19.81  20.31  20.87  22.18  

0
20.35  20.40  20.48  20.79  20.95  19.95  20.23  20.67  21.18  19.95  20.59  20.55  20.64  19.86  20.44  21.11  21.02  21.01  21.41  21.51  20.33  20.03  20.68  20.77  19.73  21.15  20.56  19.95  19.74  21.07  19.67  21.09  20.15  20.54  20.54  20.68  19.46  21.35  20.31  21.09  20.27  20.36  20.11  19.46  21.18  20.43  19.49  20.83  19.77  20.62  20.56  20.15  19.29  21.50  20.37  20.82  20.54  20.66  19.32  21.04  19.67  20.16  19.40  20.36  

0
20.23  20.28  19.71  20.32  20.38  21.03  20.25  21.60  20.64  20.88  20.16  20.69  19.70  19.75  20.89  19.37  20.37  22.06  20.96  20.27  21.33  21.43  20.19  20.59  20.07  20.34  19.60  19.98  20.70  19.71  20.39  19.72  20.74  20.44  20.93  20.59  19.32  20.52  20.44  21.01  20.40  20.82  21.41  20.49  21.21  20.45  19.66  20.70  20.10  20.78  20.46  21.05  18.47  20.72  21.29  20.62  19.86  20.33  20.91  20.08  21.03  20.33  18.93  19.47  

0
20.50  20.24  21.53  20.66  21.17  20.88  21.12  20.66  20.72  19.72  20.13  19.95  20.02  20.37  20.57  20.62  20.74  21.64  20.68  21.39  20.10  20.23  21.39  20.65  20.67  20.51  20.00  20.05  20.90  20.18  19.94  20.77  20.85  20.02  20.29  20.89  18.79  21.23  20.30  20.15  20.15  20.78  20.10  20.67  19.38  20.29  20.05  19.89  20.81  20.06  20.16  21.01  19.13  20.56  20.80  19.90  20.88  21.00  20.88  21.15  20.19  20.15  20.21  20.35  

0
19.50  19.33  20.56  20.62  19.95  20.26  19.85  20.52  20.47  20.03  20.10  19.92  20.23  19.93  20.80  20.55  20.42  21.35  20.29  21.01  20.84  20.64  20.76  20.43  20.65  21.12  20.63  20.14  20.28  19.76  19.60  20.09  19.65  19.46  19.89  21.66  18.06  20.57  21.13  20.14  20.77  20.22  20.61  20.54  19.83  20.12  19.14  19.21  21.34  20.56  20.77  20.97  19.22  20.77  21.00  21.34  20.61  20.85  20.12  20.37  20.02  20.24  20.46  19.71  

0
20.31  20.65  20.84  20.88  20.67  21.20  19.85  19.95  19.91  19.92  20.21  20.16  19.88  20.48  20.40  19.46  20.03  20.85  20.06  20.55  21.27  20.63  19.72  20.01  20.85  19.97  20.52  19.03  20.29  19.77  20.19  19.97  18.23  19.35  19.66  20.87  17.44  20.35  20.06  20.54  21.07  20.54  20.07  19.53  19.36  20.64  20.86  20.79  20.93  19.89  19.74  19.24  18.97  20.65  20.21  20.33  20.38  20.04  20.37  20.14  21.10  19.98  20.51  21.42  

0
21.00  19.13  19.58  21.19  19.78  21.03  19.57  20.92  20.08  19.30  20.84  19.99  20.30  21.07  20.32  20.34  19.54  20.53  20.96  20.73  20.58  20.90  20.09  20.38  21.02  20.34  20.37  20.09  20.70  20.34  21.09  20.50  20.32  20.82  20.57  20.82  18.17  20.63  20.55  20.19  20.19  20.71  20.35  20.82  20.73  20.71  19.52  21.16  19.80  21.73  19.93  19.81  19.03  20.02  20.16  21.29  20.56  20.80  20.07  20.57  20.10  20.77  19.59  21.30  

0
20.38  19.85  21.43  20.57  21.09  20.45  19.91  20.81  21.65  20.54  19.37  20.45  19.94  20.54  21.17  20.01  20.50  21.93  20.72  21.08  20.47  20.59  20.40  20.38  20.39  20.34  20.69  19.42  20.82  20.59  19.97  20.35  19.89  20.31  19.96  20.71  18.50  20.52  20.76  21.01  20.51  20.28  20.14  20.71  20.50  19.95  19.66  20.55  19.65  19.68  20.98  20.30  18.75  20.37  20.05  20.39  20.56  19.75  21.15  22.16  19.97  20.91  20.41  20.94  

0
20.17  20.80  20.59  20.89  20.21  20.39  20.99  20.19  20.26  20.60  20.00  20.75  20.62  21.27  19.99  20.93  21.00  20.48  20.31  21.03  21.39  20.32  20.25  20.23  19.81  20.50  19.33  21.02  20.18  20.29  19.78  21.38  20.12  20.64  20.39  20.77  18.12  20.04  19.86  20.45  20.67  20.23  20.94  20.44  21.04  20.28  19.47  20.65  21.09  20.59  20.67  20.25  19.82  20.67  21.13  20.23  20.40  20.17  21.10  20.64  21.11  20.43  20.03  20.70  

0
21.15  20.43  21.43  21.43  20.50  20.09  19.45  20.70  20.42  20.43  19.71  20.69  20.30  20.67  21.03  20.50  21.59  20.91  20.60  21.65  20.14  20.48  19.88  20.48  20.29  20.14  20.47  19.65  19.29  19.96  20.39  20.50  21.03  20.44  20.57  19.91  19.32  20.85  20.87  20.91  20.72  20.82  20.14  20.49  19.78  19.69  19.38  19.78  21.14  20.10  21.11  19.56  18.89  20.60  20.62  21.18  20.21  20.22  20.79  21.31  20.50  20.33  21.06  19.47  

0
21.27  19.96  19.94  21.02  20.58  20.76  20.78  20.89  20.61  20.50  19.90  19.00  19.90  19.98  20.00  20.14  19.64  21.00  20.92  21.39  21.19  20.34  20.57  20.65  20.14  20.41  19.67  19.16  19.84  19.92  19.94  20.77  19.99  21.16  20.17  20.78  18.30  20.59  20.51  20.87  20.15  20.67  20.10  20.34  19.62  19.40  20.75  20.05  20.51  20.61  20.55  20.14  18.71  20.33  20.69  21.26  19.94  19.71  20.15  20.16  20.06  21.45  20.54  21.08  

0
21.42  20.10  21.13  20.66  21.05  21.81  20.33  21.23  20.83  20.95  20.58  20.06  19.54  19.31  20.00  19.65  20.60  21.13  21.16  21.04  20.65  20.65  20.77  20.45  19.40  20.51  20.65  19.61  20.31  20.05  19.94  19.22  20.42  20.02  21.37  20.44  18.46  20.81  20.94  21.28  20.36  19.92  20.95  20.23  20.34  20.03  19.76  19.28  19.91  19.78  20.42  20.64  19.13  20.10  21.03  20.24  19.82  20.53  21.12  20.41  20.33  19.86  19.23  19.99  

0
22.05  19.98  21.94  20.56  20.13  20.32  20.47  20.91  20.52  20.08  20.94  20.33  19.93  20.40  21.16  19.68  19.53  21.41  20.83  21.53  20.35  20.57  19.25  20.06  20.38  20.02  19.92  19.96  20.46  20.20  20.38  20.49  20.87  20.04  20.91  20.58  18.82  21.05  20.22  21.00  21.02  21.12  20.34  19.70  20.01  19.55  19.79  18.99  20.98  21.18  19.53  20.54  18.74  20.82  19.93  21.28  20.43  20.32  20.30  19.94  19.95  19.74  20.56  18.72  

0
20.25  19.59  19.60  21.09  20.64  20.94  20.73  20.84  20.56  20.34  19.62  20.48  21.05  19.64  19.92  20.69  20.53  20.81  20.27  21.10  20.49  21.24  20.43  20.61  20.31  20.68  20.82  20.00  20.84  20.37  20.56  21.15  19.77  20.21  20.95  21.07  18.36  20.66  20.89  20.73  20.53  20.09  21.33  20.62  21.11  20.73  20.25  20.57  20.28  20.12  21.26  20.70  19.90  20.28  21.09  20.65  20.59  20.12  20.70  20.23  19.99  20.50  21.09  21.14  

0
20.51  19.97  20.88  21.28  20.23  21.70  19.77  20.33  19.60  20.29  20.03  20.31  20.76  20.91  20.72  21.11  20.34  21.78  21.76  20.82  21.31  20.88  19.86  20.15  20.68  21.56  20.34  20.83  20.33  20.19  19.95  21.09  19.72  20.67  20.66  20.45  18.14  21.14  20.63  20.16  21.32  20.25  20.43  21.12  20.83  19.92  20.20  20.52  20.67  20.75  20.17  21.14  19.15  19.87  20.03  19.92  21.01  20.31  20.77  20.67  20.34  20.31  20.55  21.82  

0
20.96  20.10  20.34  20.28  20.46  20.64  19.99  21.00  20.83  20.39  20.80  20.42  20.51  19.98  20.99  20.78  20.46  21.77  20.68  21.50  20.86  21.60  20.77  20.55  20.25  20.51  20.00  20.05  20.31  19.80  20.77  20.62  19.42  19.76  21.72  20.78  17.96  21.13  20.62  20.97  21.51  21.21  20.95  19.78  20.34  21.55  19.62  21.88  21.69  20.33  20.68  20.89  19.69  20.33  20.13  20.47  20.88  20.18  20.15  21.51  20.33  20.59  21.19  19.80  

0
20.83  21.27  21.16  20.68  20.37  20.43  19.67  21.03  20.18  20.30  20.72  20.91  19.68  21.44  20.31  20.97  20.22  21.79  20.47  21.18  21.21  21.10  21.00  20.68  20.06  20.44  20.35  20.18  20.22  20.58  20.66  20.02  19.30  19.01  20.91  21.15  18.65  20.30  21.49  21.00  20.70  21.12  20.76  20.36  20.60  20.57  19.65  20.84  20.83  21.31  20.44  20.54  20.42  20.47  20.60  20.50  20.67  20.09  20.78  20.80  20.49  20.76  20.73  20.19  

0
20.24  20.58  20.52  21.08  20.51  21.04  21.06  21.05  20.21  20.22  20.85  20.12  19.10  20.16  21.04  21.31  20.79  21.18  21.21  20.86  20.70  20.81  20.41  20.29  19.56  19.94  19.29  20.32  19.78  19.59  20.41  21.13  20.90  20.19  21.54  20.04  19.50  21.39  20.88  19.99  20.73  21.26  20.89  20.28  20.39  20.59  19.25  19.64  20.86  20.93  20.73  20.19  19.75  19.80  20.29  20.97  20.93  21.05  20.45  20.58  20.25  20.78  19.61  21.86  

0
21.06  21.21  19.91  21.00  21.04  20.39  19.97  20.87  20.26  21.27  20.45  20.05  20.61  20.60  20.53  19.76  20.98  20.98  20.90  21.60  20.64  21.49  20.77  20.44  20.45  21.13  20.54  20.81  20.18  20.02  20.18  19.32  19.67  19.99  20.51  20.66  19.55  20.80  20.61  20.46  21.09  20.23  20.84  20.00  20.08  20.14  20.29  19.53  20.61  19.33  21.17  20.86  18.67  20.90  20.68  20.57  19.92  20.05  21.45  20.88  20.69  20.83  20.96  20.27  

0
20.56  19.59  21.20  19.98  20.41  20.82  20.73  21.40  20.33  19.89  19.05  20.48  20.45  19.78  21.62  19.88  19.57  22.33  20.86  21.45  21.36  19.97  21.14  20.40  19.99  20.79  19.96  20.55  20.26  20.37  20.00  20.37  21.34  20.33  20.71  21.18  19.02  20.33  20.58  20.63  20.11  20.19  20.27  20.29  20.76  20.60  19.54  19.65  21.17  20.81  20.48  20.21  19.62  19.93  20.42  20.42  20.71  21.18  20.22  19.61  19.86  20.21  20.27  19.31  

0
20.52  20.13  20.89  21.30  21.08  20.08  20.01  21.25  21.08  19.52  19.93  20.68  20.05  21.05  20.31  20.49  20.22  21.41  22.01  20.84  20.35  20.68  20.39  20.78  19.96  20.64  20.14  20.18  19.87  20.45  20.66  21.57  20.59  20.30  20.43  20.81  19.80  20.62  20.54  20.28  20.39  20.59  20.23  20.36  20.13  20.31  19.51  20.38  20.24  20.90  20.96  20.42  18.31  20.36  20.94  20.27  20.20  20.67  20.06  20.06  20.22  21.05  20.40  22.37  

0
21.01  20.30  19.73  20.34  20.99  20.34  19.12  20.03  20.54  19.99  20.52  20.35  20.80  20.42  20.90  21.15  20.65  21.31  20.61  20.98  20.05  20.49  19.79  20.19  20.40  19.84  20.16  19.88  19.78  20.10  21.52  20.82  20.19  19.94  20.10  20.83  19.50  20.75  20.24  20.82  20.73  19.42  20.36  20.28  20.98  19.96  21.21  21.02  20.11  20.25  20.21  19.82  18.48  20.73  20.40  20.97  20.93  21.05  20.69  21.56  20.25  21.50  20.10  21.86  

0
20.84  20.14  21.17  20.69  21.21  21.50  20.25  21.49  20.64  20.20  20.50  20.10  19.82  20.93  21.73  21.62  21.86  21.17  20.60  22.00  20.79  21.11  20.61  20.38  20.50  20.24  19.93  19.87  20.23  20.09  20.67  20.35  20.60  20.18  20.69  21.61  20.30  20.74  20.34  21.32  20.72  20.60  20.24  20.04  20.73  20.20  20.08  21.16  19.95  20.23  20.20  20.30  19.03  20.60  20.28  21.07  20.68  20.57  21.03  20.08  20.90  21.06  19.92  21.66  

0
20.55  20.73  20.13  21.08  20.87  21.16  20.04  21.73  20.77  20.67  19.95  20.35  20.92  20.69  21.04  19.22  20.52  20.54  20.37  21.67  20.81  20.49  20.72  19.77  20.40  20.36  20.81  19.55  20.48  20.10  20.96  19.58  19.90  20.19  20.46  20.83  19.50  20.64  20.03  20.41  21.04  20.40  20.47  20.61  20.63  20.21  20.10  20.56  20.71  21.20  20.73  20.81  19.47  20.15  20.85  21.20  20.11  21.05  20.69  20.58  20.78  20.49  19.93  20.77  

0
21.32  20.58  20.92  21.08  20.51  20.69  20.94  20.48  20.99  20.78  20.18  20.58  20.44  21.21  20.19  20.51  21.20  20.41  21.33  20.40  20.26  21.33  20.31  20.39  21.24  20.04  20.49  19.55  20.48  20.23  20.13  19.89  21.04  20.32  20.34  21.17  18.68  21.28  20.78  20.61  21.04  20.29  20.79  19.95  20.03  20.21  19.53  19.95  21.01  20.66  20.60  19.82  19.33  20.50  20.85  20.41  19.87  20.70  20.21  20.58  20.25  20.64  20.26  21.13  

0
21.32  19.43  20.92  20.71  20.87  19.99  20.61  19.91  20.77  20.89  19.72  19.53  20.68  20.95  21.61  20.99  20.52  21.18  21.21  21.78  20.59  21.54  19.90  19.35  19.87  19.94  20.59  20.21  20.36  19.85  20.82  20.67  20.90  20.32  21.18  20.94  19.50  20.86  20.35  20.82  20.31  20.51  19.62  19.72  20.15  19.96  20.38  20.25  21.15  21.07  20.47  20.44  20.02  19.80  20.40  21.08  20.34  20.70  21.29  20.34  20.25  20.05  20.26  20.04  

0
19.47  19.88  20.93  20.72  20.05  21.06  20.84  20.61  20.78  20.34  20.08  20.25  20.33  19.78  21.34  19.07  21.21  21.57  20.86  20.87  20.17  21.24  20.22  21.23  19.57  20.06  20.61  19.56  20.14  19.61  20.14  19.59  20.77  20.84  19.99  20.84  18.36  20.44  20.36  20.73  20.64  20.52  20.48  20.40  20.64  20.60  19.54  19.34  21.17  20.26  20.22  20.45  20.18  20.39  20.64  19.97  20.94  20.24  20.58  20.23  20.39  20.36  19.46  19.13  

0
20.59  20.05  20.16  21.24  20.79  20.38  20.07  20.41  21.03  20.70  19.76  19.33  20.35  20.98  20.37  20.87  20.69  21.22  20.65  21.01  20.74  21.48  20.45  20.64  20.76  20.81  20.20  20.14  19.58  19.50  20.02  20.40  20.23  20.74  20.26  20.53  19.21  20.90  20.07  20.44  20.77  19.79  20.72  20.43  20.55  20.12  19.99  18.90  20.60  20.56  19.98  19.23  18.09  20.77  20.89  20.45  19.91  20.74  20.72  19.76  20.02  20.53  19.97  18.97  

0
20.08  20.01  20.92  21.08  20.87  21.16  20.15  21.05  20.09  19.99  20.40  19.88  21.04  20.82  20.34  19.87  21.06  20.67  22.04  20.98  21.02  21.75  20.72  20.39  20.93  20.04  20.70  20.10  18.48  19.72  19.99  19.74  20.61  19.55  20.22  20.15  18.51  20.64  20.67  20.72  20.94  19.86  20.58  21.82  20.75  20.47  20.38  20.56  20.56  20.38  20.73  21.06  18.76  20.26  20.52  20.52  20.69  19.99  20.81  21.32  19.98  20.78  20.43  20.04  

0
19.95  21.18  19.75  20.98  19.82  21.42  20.74  21.08  20.79  21.03  20.54  20.38  20.34  20.32  21.07  20.70  21.36  20.69  20.88  21.00  20.51  20.94  19.30  19.69  20.32  20.90  20.84  19.90  20.04  20.25  20.43  20.85  19.78  20.35  20.72  21.31  18.54  20.35  20.48  20.54  20.02  20.10  20.07  20.75  20.89  20.62  20.40  21.35  20.44  20.41  20.63  21.94  19.77  20.41  20.20  21.00  20.37  21.19  20.59  19.74  20.40  20.23  20.45  20.98  

0
20.70  19.58  20.13  21.57  21.46  20.34  20.83  20.71  21.10  19.77  20.74  20.58  20.56  20.82  20.48  20.99  21.47  21.18  21.21  21.32  21.56  20.81  20.62  20.39  19.87  20.57  20.49  19.88  20.83  19.34  20.82  20.82  20.33  21.34  21.18  21.06  18.51  20.43  21.09  21.33  21.04  19.64  20.47  20.61  20.15  20.47  20.24  20.71  20.86  20.52  21.12  20.19  19.04  19.80  20.29  20.07  20.22  21.16  20.45  20.83  20.25  20.78  20.43  21.67  

0
20.73  20.47  22.00  20.11  20.66  21.07  20.18  21.19  21.58  20.47  20.09  19.79  19.98  19.13  20.36  20.70  20.82  21.59  21.00  21.00  20.83  20.94  20.54  20.52  20.32  21.01  20.62  20.34  20.39  21.38  20.57  21.31  20.50  19.84  20.24  20.63  19.20  21.41  20.80  20.95  21.07  20.21  19.96  20.86  20.18  19.60  21.10  19.66  21.77  21.36  20.50  20.96  19.35  20.99  20.09  20.55  20.95  20.49  20.35  21.22  20.40  19.79  19.96  21.16  

0
20.88  20.75  20.55  21.22  20.30  21.88  20.06  20.96  21.02  20.35  20.32  21.08  20.82  21.23  20.65  20.05  20.82  21.46  20.40  21.23  21.16  20.73  20.13  20.11  20.64  20.17  20.62  20.45  19.69  20.38  20.71  20.85  20.92  20.60  20.24  21.08  18.21  20.78  20.16  20.64  21.28  20.42  20.60  19.75  19.94  19.86  18.85  20.74  20.44  20.14  21.02  20.71  19.91  20.41  20.65  20.88  20.72  20.96  20.47  20.98  20.40  20.23  19.47  20.61  

0
21.12  20.54  20.62  21.16  20.71  20.18  20.57  20.10  20.39  20.29  19.57  20.31  20.40  20.91  21.43  20.63  20.07  20.50  20.93  21.05  20.98  20.88  19.75  20.77  20.26  20.53  20.34  20.06  19.97  20.32  20.37  20.17  21.43  20.41  20.18  20.79  17.81  20.61  20.74  20.88  20.80  20.36  20.01  20.57  20.59  20.55  19.63  19.13  19.92  19.66  20.30  19.91  19.57  20.57  20.03  20.82  20.19  20.78  20.77  20.55  20.07  20.45  18.91  20.55  

0
22.08  20.73  20.66  20.95  20.87  21.74  20.15  20.94  19.64  20.10  20.18  20.12  19.47  20.69  20.76  21.15  21.47  21.69  21.33  20.98  20.70  21.02  20.21  20.50  20.40  20.88  20.38  19.66  20.36  20.48  20.13  20.20  19.76  20.32  20.46  20.72  19.01  20.54  20.78  20.51  21.36  20.83  21.21  20.61  20.51  20.47  19.95  19.17  20.11  20.52  20.08  19.69  19.33  20.61  20.74  20.41  20.69  20.81  20.81  20.95  20.11  19.62  18.78  18.74  

0
20.86  20.58  20.79  19.59  20.87  20.81  21.62  20.48  19.87  19.77  19.04  20.00  20.07  20.29  19.48  20.19  20.93  21.05  21.09  20.74  20.91  21.23  20.52  19.98  19.66  20.36  19.83  19.99  19.19  19.34  19.99  19.27  20.90  20.58  20.82  20.72  19.01  20.43  20.99  20.92  20.94  19.97  21.31  19.39  19.67  19.96  19.53  18.39  20.26  19.70  20.08  20.81  17.48  20.73  19.72  20.41  20.11  20.58  19.48  20.34  20.25  20.49  19.44  18.18  

0
20.87  19.88  21.20  20.22  20.29  21.17  19.94  20.61  20.67  20.90  20.30  20.71  20.57  21.09  20.63  21.80  21.07  21.32  20.75  21.33  20.93  21.35  20.94  21.02  20.73  20.79  19.74  19.45  20.49  20.11  20.14  21.45  20.20  20.08  20.59  20.39  19.84  20.66  21.42  20.52  21.06  19.87  20.59  20.40  20.28  20.86  20.95  19.50  20.57  20.53  19.70  20.70  19.20  20.74  20.64  20.31  20.94  20.83  21.18  20.23  20.26  20.65  20.93  22.23  

0
19.80  20.75  20.81  21.22  20.42  21.42  19.83  20.74  20.57  20.69  20.88  20.02  20.10  20.71  21.21  21.34  20.82  21.97  21.00  21.81  19.96  21.36  20.44  20.21  20.32  21.11  20.40  19.35  20.86  20.00  20.15  20.23  20.92  19.45  20.48  20.86  19.69  20.67  19.84  21.36  20.12  20.85  20.49  20.52  21.24  20.36  20.68  21.35  20.14  20.68  21.15  20.59  20.61  19.94  20.54  21.00  20.25  20.37  20.95  20.12  19.47  21.38  19.96  20.43  

0
20.87  19.44  20.40  20.72  19.93  20.47  20.28  20.95  20.78  20.57  20.53  20.48  21.17  20.30  20.77  20.85  21.21  21.83  20.98  20.41  20.82  21.03  20.73  20.61  19.89  20.47  20.28  20.11  20.26  19.73  19.86  21.61  19.48  19.70  20.35  21.07  18.69  20.44  20.04  21.14  20.64  20.41  20.59  20.18  20.16  20.73  19.97  20.88  19.98  19.98  20.61  19.96  19.34  20.51  20.30  20.87  20.71  21.41  20.94  20.84  19.99  20.50  19.62  20.78  

0
21.02  20.02  21.33  21.21  20.64  21.29  20.50  20.84  21.23  20.79  20.30  20.95  19.97  20.83  21.06  21.01  21.21  20.68  21.81  20.41  20.93  20.93  20.84  20.40  20.73  21.20  20.39  20.22  20.38  20.49  19.86  20.37  21.34  20.33  20.83  20.84  18.69  20.23  20.58  19.90  20.32  21.48  20.59  20.84  19.57  19.59  19.26  20.73  21.17  20.26  21.26  20.21  20.18  19.57  20.53  20.08  20.47  20.83  20.94  21.21  19.99  20.21  20.76  21.14  

0
20.25  20.17  20.40  20.96  20.41  20.24  20.62  21.18  20.45  20.23  20.87  19.66  20.33  21.22  20.21  20.36  20.53  20.94  20.51  21.56  21.14  21.14  20.43  20.20  20.52  20.37  20.61  20.33  20.49  19.99  20.28  20.06  19.77  20.33  20.35  20.39  18.53  19.90  20.15  21.04  20.64  19.98  20.48  19.74  20.28  20.60  19.26  20.11  21.17  20.94  20.09  21.07  19.06  20.51  19.85  20.31  20.35  21.18  20.58  20.72  19.06  19.77  20.11  20.23  
