Start of this file: 14:20:55 01/05/2017

0
19.80  21.61  20.  22.67  22.61  21.90  ²0
20.27  18.89  20.17  20.88  20.45  20.05  19.99  20.21  20.72  18.81  20.58  20.88  19.52  19.15  20.37  21.02  20.01  19.82  20.31  20.34  20.01  20.56  20.59  20.16  19.52  20.64  20.34  19.73  19.96  19.52  19.18  20.70  20.94  19.22  19.43  20.56  17.37  20.71  20.21  20.58  20.59  20.47  20.22  20.12  20.57  20.26  19.71  19.82  19.85  21.65  20.78  20.50  19.65  20.44  20.13  20.81  20.17  20.29  20.50  20.51  19.89  20.38  19.79  18.92  

0
20.25  19.60  20.95  20.25  19.36  20.74  19.86  20.53  20.93  19.71  20.34  20.52  19.51  20.59  20.08  20.52  20.14  20.45  19.82  19.87  20.65  20.97  20.78  20.56  20.15  20.42  20.22  20.81  20.65  20.39  20.57  21.61  19.50  19.08  20.02  20.77  18.35  20.81  20.41  20.88  20.47  20.78  20.84  20.55  20.32  20.88  20.54  20.73  20.28  20.14  19.46  20.85  19.91  21.24  20.00  20.69  20.97  21.21  20.37  21.48  20.28  20.66  21.24  21.66  

0
20.24  20.60  20.41  20.49  20.55  20.85  19.96  20.41  19.91  21.26  20.33  20.15  19.62  19.92  20.49  20.67  20.40  20.82  20.05  20.09  19.98  20.43  20.36  20.54  21.18  20.72  20.64  20.91  20.52  19.87  21.53  20.98  19.63  19.45  20.37  19.73  18.67  20.47  20.50  20.56  20.78  20.44  20.73  20.43  20.42  20.24  19.97  20.25  20.27  20.68  20.62  20.35  19.34  20.77  20.67  20.67  20.61  21.08  19.51  21.59  19.87  20.50  19.92  21.10  

0
20.56  20.47  20.69  20.38  20.32  20.39  20.54  20.88  20.60  19.82  19.66  20.28  20.84  20.85  20.79  20.68  20.41  20.45  20.66  19.98  20.43  20.97  20.99  20.45  20.04  21.25  21.19  20.37  20.53  20.01  19.73  20.68  20.36  20.36  20.50  20.77  18.52  20.16  20.30  20.98  20.58  20.88  21.06  19.89  20.67  20.63  19.98  20.27  20.58  20.69  20.64  20.73  19.21  20.43  20.46  21.02  20.97  20.39  21.21  20.01  20.68  20.37  20.43  20.57  

0
20.41  19.89  20.82  21.24  20.68  20.97  20.54  20.65  20.71  20.94  19.78  20.52  19.88  21.63  20.22  20.68  20.55  20.32  20.90  20.68  19.88  21.29  20.48  20.14  20.57  20.63  20.22  19.71  19.47  20.52  20.99  20.99  20.36  20.11  20.98  20.43  18.68  20.81  20.09  20.98  20.79  21.42  20.63  19.44  20.43  19.74  19.27  19.19  20.73  21.10  20.90  20.73  19.07  20.20  20.34  20.46  20.86  21.91  20.85  20.87  19.34  21.95  19.94  19.10  

0
20.70  19.44  21.47  20.74  20.31  20.14  19.16  21.43  20.25  20.03  20.33  20.62  20.83  20.31  21.34  21.31  19.71  20.69  20.41  20.90  20.42  20.11  19.95  20.54  19.81  20.30  20.53  20.47  20.63  19.87  21.12  20.36  19.34  20.86  20.73  20.19  18.51  20.58  20.18  21.28  20.78  20.87  19.66  20.21  19.23  20.87  20.11  20.87  19.97  20.27  21.14  20.72  19.34  20.42  21.01  21.12  20.02  20.50  19.63  19.75  20.27  19.91  21.06  22.01  

0
21.29  20.28  19.99  20.59  19.80  20.70  19.94  19.81  20.11  20.23  20.98  20.36  20.20  21.33  20.89  22.08  20.23  20.54  19.66  21.10  19.52  20.62  20.33  21.03  20.00  20.90  20.83  20.23  20.26  20.86  19.69  21.11  20.32  21.46  21.19  21.18  17.32  20.66  20.69  20.84  20.75  20.85  20.49  20.63  20.52  20.59  20.08  21.30  20.09  20.38  20.47  21.19  20.57  21.89  20.64  20.08  21.17  20.24  20.69  20.83  21.30  20.62  20.88  21.98  

0
19.75  20.28  19.85  20.09  20.16  20.47  20.73  21.52  20.90  21.57  20.42  20.71  20.32  21.07  21.03  20.80  20.23  20.28  19.66  20.41  20.93  20.19  20.85  20.42  20.32  20.07  20.83  20.67  21.30  19.85  20.11  20.64  20.60  20.58  20.95  20.96  18.97  20.45  20.48  20.94  20.33  20.42  20.81  20.29  20.63  20.34  20.50  20.54  19.19  20.10  20.21  20.20  19.73  20.39  20.64  20.98  20.70  20.94  20.45  21.32  20.37  21.63  21.68  21.44  

0
20.70  19.15  19.48  20.86  19.83  20.14  19.96  20.98  20.81  21.48  19.99  21.32  20.47  20.71  21.06  20.35  19.85  19.53  20.17  20.43  20.96  20.85  19.74  21.26  19.81  20.92  20.31  20.47  20.63  19.75  20.84  21.75  20.48  19.97  19.77  20.19  18.83  20.58  20.40  21.07  20.78  20.98  20.09  20.32  19.83  20.24  21.09  20.56  21.31  21.09  21.53  20.22  19.62  20.53  20.33  21.46  20.84  21.31  20.84  21.96  20.53  21.80  20.58  21.65  

0
19.  20.57  20.12  20.74  21.44  20.13  20.13  20.28  20.07  19.94  19.28  

9.98  17.78  20.13  20.42  20.11  20.23  18.51  19.85  20.57  20.12  20.74  21.44  20.13  20.13  20.28  20.07  19.94  19.28  

9.98  17.78  20.13  20.42  20.11  20.23  18.51  19.85  20.57  20.12  20.74  21.44  20.13  20.13  20.28  20.07  19.94  19.28  

0
20.58  19.47  21.10  19.77  19.85  20.75  20.33  20.89  20.39  20.39  20.13  19.82  19.52  20.34  19.95  20.69  20.56  20.08  20.07  20.92  20.12  20.77  19.66  20.98  20.16  20.74  20.34  20.17  19.96  19.13  19.46  20.54  20.23  20.63  20.28  19.76  17.87  20.07  20.63  20.89  21.01  20.47  20.22  20.01  20.09  20.39  18.86  19.51  20.15  20.15  20.52  20.00  18.94  19.86  20.13  19.79  20.64  21.22  19.90  20.27  20.29  20.67  19.46  19.66  

0
20.09  19.73  19.61  20.49  20.07  19.91  20.30  21.09  20.70  20.14  20.33  20.39  20.11  20.71  22.32  20.19  19.85  19.92  20.29  20.43  19.87  21.07  20.26  20.34  19.81  20.92  21.18  20.47  20.52  20.25  21.12  20.52  19.91  20.09  20.13  20.42  18.51  20.47  20.29  20.76  20.78  20.01  19.66  20.32  20.30  21.00  19.97  21.02  20.42  20.27  20.23  20.96  19.20  20.65  20.56  20.90  20.61  21.20  20.72  20.86  20.40  20.35  20.25  22.01  

0
20.54  20.30  20.80  19.86  19.82  19.42  20.06  20.74  19.90  20.47  20.77  20.96  20.82  20.96  22.03  22.09  19.28  20.68  19.79  19.49  20.51  20.10  19.93  21.15  20.12  20.91  20.30  19.58  20.74  20.49  20.41  20.66  19.61  20.46  20.24  20.18  18.33  20.57  19.95  20.85  19.39  20.54  20.82  19.64  21.00  20.60  19.67  20.40  20.56  20.66  19.96  20.70  19.47  19.70  20.20  20.55  20.48  21.65  20.82  21.58  20.39  20.48  19.25  20.91  

0
20.67  20.27  20.64  19.95  20.39  20.46  20.61  20.71  20.43  21.00  20.18  20.23  20.43  20.41  20.88  20.47  20.22  20.27  20.37  21.21  20.38  21.03  20.22  20.09  20.09  21.09  20.38  20.54  20.59  19.71  20.66  21.25  20.59  20.44  19.97  20.15  19.12  21.08  20.68  21.03  20.32  20.62  20.58  19.61  21.21  20.71  20.77  20.37  20.38  20.09  21.11  20.18  19.86  19.91  20.52  20.75  21.04  21.51  21.04  21.55  21.02  21.33  20.86  19.97  

0
19.62  19.88  20.15  20.36  20.43  20.61  20.53  21.20  20.36  20.93  20.56  21.78  20.83  21.23  20.35  22.10  19.57  19.92  20.41  21.24  20.52  20.54  20.36  20.03  20.24  20.61  21.07  19.81  20.52  20.25  20.28  21.75  20.06  20.35  21.09  20.53  18.34  20.58  21.46  21.38  20.57  20.87  19.98  20.32  19.83  20.49  20.25  21.17  19.97  21.09  20.36  20.96  19.34  20.77  20.78  20.56  21.19  20.85  20.48  21.10  21.45  21.37  19.60  20.19  

0
21.61  20.01  20.93  19.98  20.06  20.95  20.18  20.74  20.68  19.57  20.20  19.67  19.00  20.43  20.90  21.14  20.11  19.52  20.63  20.54  20.73  21.26  20.14  20.32  19.91  21.32  20.52  20.57  20.62  20.37  19.99  20.97  20.76  20.59  20.84  20.52  18.66  20.57  20.17  20.85  21.08  19.89  21.24  19.86  20.05  20.10  20.65  19.47  20.56  20.25  20.61  20.58  19.75  20.87  20.54  20.88  20.71  20.37  20.82  20.72  19.85  21.78  20.08  20.36  

0
20.99  20.00  20.12  20.34  19.80  20.12  20.16  20.27  20.67  19.89  20.08  20.48  20.08  20.42  19.75  19.67  19.68  21.31  19.66  19.59  21.15  19.98  21.05  20.31  20.53  20.48  20.18  19.68  20.37  19.34  19.83  21.26  20.46  19.55  20.22  20.05  18.48  20.56  20.58  21.15  21.06  20.42  20.28  21.18  20.75  21.47  20.50  20.38  20.24  20.38  20.08  20.07  19.03  20.39  19.85  20.65  20.94  21.17  20.45  21.20  21.30  20.04  20.39  21.62  

0
20.22  18.54  19.85  19.84  19.92  20.94  19.94  21.29  20.33  20.23  20.30  20.13  20.08  20.16  20.46  22.24  20.78  20.41  19.66  20.64  20.61  20.51  19.92  20.42  19.68  21.11  20.94  20.88  20.37  19.34  20.11  19.87  19.17  20.32  19.86  20.16  17.98  20.34  20.37  20.74  20.65  19.88  20.59  20.07  19.68  20.09  20.36  20.23  20.84  20.92  20.34  19.70  18.89  20.27  20.76  20.98  20.00  20.71  20.45  20.59  20.24  20.91  19.57  19.43  

0
19.93  19.73  20.15  20.86  20.19  20.73  20.19  20.98  20.47  20.14  20.67  20.97  19.98  19.65  21.48  21.15  20.12  20.44  20.65  20.90  19.98  20.96  21.08  20.34  20.55  20.20  20.20  20.14  20.17  20.38  21.25  20.98  20.48  20.35  20.25  19.62  17.84  20.90  20.18  20.97  21.09  20.44  20.20  19.76  20.66  20.36  20.25  19.95  20.12  21.36  20.36  20.22  19.20  21.23  20.56  20.90  21.19  20.50  20.60  20.98  20.00  20.79  21.06  20.92  

0
20.56  20.18  20.29  20.75  20.08  20.39  20.20  20.19  20.49  19.37  20.46  21.10  20.48  21.11  21.63  21.32  20.14  20.32  19.58  21.26  20.32  20.13  20.17  20.56  20.25  20.00  20.00  19.82  20.06  20.01  21.13  20.53  19.93  20.49  20.14  20.43  18.19  20.38  20.73  20.88  20.47  20.67  20.84  20.22  21.26  21.13  20.12  21.49  19.38  20.55  20.51  20.48  19.63  21.01  20.57  20.69  20.97  20.98  20.49  20.62  19.88  21.23  22.20  21.30  

0
21.01  19.59  20.94  21.35  21.02  20.49  20.08  20.64  20.70  20.59  21.12  20.97  19.98  20.44  21.62  19.54  20.81  20.44  19.45  21.24  19.98  20.85  20.26  20.54  20.87  21.13  21.50  18.92  19.81  20.76  20.70  20.05  19.91  20.09  19.77  20.53  17.34  21.22  20.61  21.17  20.36  20.44  21.15  20.54  20.18  20.62  20.25  21.63  20.87  21.09  21.14  20.59  19.34  20.30  21.34  20.56  21.54  21.08  20.72  21.10  20.80  21.08  21.06  22.54  

0
21.14  20.71  20.78  20.59  20.40  20.70  20.51  20.84  20.67  20.34  21.09  20.71  22.00  20.55  20.46  21.28  20.23  20.15  20.50  21.10  21.69  21.36  20.75  20.62  20.42  21.11  20.72  20.34  20.49  20.10  20.53  20.80  19.74  20.32  20.22  20.39  18.64  21.09  20.05  20.22  20.33  20.74  20.49  20.63  20.28  20.47  20.50  20.23  20.54  19.96  20.08  20.69  19.45  20.74  20.42  20.53  20.70  21.06  20.21  20.83  20.77  20.04  21.20  20.71  

0
20.06  19.13  19.45  19.97  20.52  21.05  19.71  20.04  21.23  19.89  20.87  20.59  21.29  20.55  20.89  21.28  19.96  20.03  19.78  19.83  20.50  20.51  20.44  20.83  20.32  21.00  20.72  19.79  19.91  20.23  20.11  20.80  20.60  21.09  19.86  20.16  19.14  20.77  21.54  20.53  20.23  19.66  20.17  20.18  20.28  20.34  19.94  20.38  19.79  21.06  19.94  20.44  19.17  21.55  21.65  21.10  20.23  20.59  20.81  21.08  20.37  19.15  19.73  21.80  

0
20.56  19.60  19.76  20.50  20.32  21.32  19.75  20.42  20.37  20.83  20.23  19.93  19.51  21.24  19.79  21.32  20.00  20.19  19.46  20.91  20.97  21.29  20.37  20.14  20.46  20.63  19.89  20.15  20.30  20.14  19.31  19.59  20.07  21.25  19.54  20.77  19.18  20.49  20.30  20.67  20.58  21.84  20.42  20.99  21.03  20.25  20.12  21.64  20.43  20.69  20.51  20.48  18.65  19.85  20.79  20.46  20.51  20.86  21.81  20.13  20.28  20.37  19.77  19.65  

0
20.72  19.89  20.43  20.75  19.96  20.62  20.09  20.99  20.15  20.83  20.57  20.28  20.84  20.33  20.64  21.00  20.27  20.84  20.54  20.10  20.43  20.34  20.27  20.14  19.83  20.52  20.43  20.04  20.76  19.76  20.29  19.75  20.64  19.72  20.38  20.20  19.18  21.02  20.94  21.59  20.89  20.78  20.10  20.11  20.91  20.50  18.99  19.96  19.98  20.00  20.38  19.99  19.21  20.08  20.68  20.35  21.09  20.51  20.73  20.75  19.48  20.07  19.77  20.02  

0
20.38  18.12  20.80  20.48  19.94  20.60  20.63  21.19  20.80  20.58  20.77  19.67  19.73  20.82  19.48  20.49  19.28  20.81  19.67  20.42  19.75  20.84  20.66  20.01  19.80  21.01  19.97  19.80  20.62  19.86  19.56  19.10  20.61  20.34  20.12  20.18  18.33  20.89  20.81  20.75  21.08  19.89  21.03  20.42  20.29  19.59  18.96  19.93  20.26  20.66  20.35  21.08  19.89  20.17  20.32  20.32  20.95  20.49  19.86  20.84  20.39  19.76  19.42  18.70  

0
20.89  19.90  19.91  20.51  20.33  20.17  21.23  20.55  20.39  20.73  19.90  20.06  19.52  19.55  20.94  19.56  20.42  20.21  18.86  21.27  20.55  20.77  20.39  20.98  20.47  20.53  20.55  19.73  19.60  21.16  21.42  21.01  20.80  19.22  20.28  21.46  19.35  20.82  20.74  20.48  19.96  21.22  20.22  19.90  20.68  20.90  19.99  21.50  19.70  20.97  20.65  21.11  18.94  20.79  20.81  20.81  20.75  20.87  20.74  21.25  20.03  19.79  19.46  20.40  

0
20.51  20.84  20.37  20.33  19.79  20.57  20.72  20.26  19.98  19.99  20.52  21.28  20.19  21.06  20.31  21.75  18.98  20.27  21.09  20.40  19.83  19.86  20.32  20.20  20.41  21.09  20.92  20.21  20.36  19.58  20.38  20.63  20.16  20.56  21.05  19.24  18.80  21.08  20.25  20.52  21.05  20.94  20.37  20.06  20.15  20.58  20.91  18.98  20.68  19.81  20.06  19.81  18.88  20.15  20.40  21.76  21.04  20.46  21.16  21.19  20.49  20.02  20.70  21.25  

0
20.99  18.84  19.72  19.84  20.52  19.88  20.73  21.06  20.22  20.34  20.08  20.83  20.20  20.68  21.17  21.12  19.41  19.25  20.14  21.22  20.28  20.83  20.44  20.52  19.58  21.31  20.83  20.56  20.37  20.23  20.81  20.49  20.89  19.68  19.25  20.16  17.65  21.20  20.05  19.91  20.96  20.52  21.65  20.07  20.52  20.85  19.66  20.23  19.34  20.65  20.60  20.20  19.73  20.16  20.64  20.53  20.70  20.59  19.97  21.69  20.77  21.05  20.06  21.44  

0
19.93  21.17  21.07  20.36  20.19  20.85  20.19  21.09  20.92  20.48  19.99  21.09  20.47  20.05  20.49  20.19  19.30  21.21  20.17  20.67  20.52  20.43  20.36  20.96  21.18  20.30  20.96  20.36  20.63  20.00  20.56  21.13  19.91  20.86  19.89  20.42  19.33  20.47  20.82  20.46  20.88  21.51  20.20  20.32  19.95  19.98  20.95  21.32  20.12  20.13  20.75  20.72  19.20  20.30  21.68  20.67  21.54  21.89  21.20  20.73  20.00  20.35  20.41  21.83  

0
20.82  19.40  20.51  19.95  19.79  20.46  20.15  20.82  20.32  19.54  20.40  20.58  20.07  20.80  21.02  20.95  19.95  20.66  20.37  20.51  20.70  20.71  19.91  20.81  19.99  20.89  20.17  19.88  20.36  20.09  19.40  19.70  20.59  20.69  19.97  19.69  18.47  20.22  20.46  20.52  20.63  20.51  20.37  20.61  20.03  20.96  20.35  20.22  19.78  19.95  20.98  20.43  19.58  21.54  19.84  20.30  20.22  20.34  21.76  21.43  20.49  20.02  20.21  19.78  

0
20.52  19.56  19.32  20.46  19.80  21.17  19.71  20.50  21.56  20.34  20.42  20.36  20.44  19.76  20.61  20.00  19.82  20.28  20.14  20.41  20.17  20.93  20.64  20.62  19.90  20.38  20.07  20.34  20.72  19.72  20.25  20.33  19.60  20.20  20.83  20.05  19.30  20.56  20.37  20.64  20.12  20.74  20.17  20.40  20.28  19.45  20.36  19.61  20.99  20.92  20.73  20.82  19.03  20.51  20.76  20.53  20.70  20.36  20.69  19.97  20.64  20.76  20.55  21.26  

0
21.33  20.18  20.69  20.75  20.56  20.86  19.97  21.22  21.05  20.16  20.91  21.10  19.63  20.59  21.49  19.39  18.89  19.68  20.66  19.87  19.88  20.66  20.06  20.66  20.25  20.00  20.11  20.37  19.94  20.77  20.15  20.22  20.21  20.11  19.66  20.43  18.52  20.59  20.62  20.37  20.68  21.10  19.78  20.22  20.20  20.50  19.98  19.34  19.98  20.42  20.25  21.10  18.65  20.20  20.12  20.23  21.21  21.21  20.25  20.99  20.01  21.38  20.75  20.57  

0
21.93  20.60  20.15  20.61  20.19  20.02  20.30  20.18  20.14  20.37  19.53  20.27  19.86  20.18  19.63  20.67  18.88  20.31  19.81  21.13  20.74  21.17  20.36  19.71  19.92  21.54  20.20  19.59  20.40  20.00  20.14  20.05  21.19  19.71  20.37  20.53  17.34  20.80  20.82  20.76  20.78  19.90  20.51  20.43  19.35  19.47  19.97  21.63  20.27  20.40  20.23  22.07  19.06  20.88  20.10  20.79  20.14  20.73  20.36  20.49  19.87  21.65  19.76  21.46  

0
19.58  20.41  20.51  19.33  20.39  19.87  19.81  20.71  20.88  20.78  19.61  21.05  20.43  21.19  21.16  21.43  20.63  19.75  20.37  20.74  20.05  20.61  20.32  20.51  20.52  21.30  20.27  20.10  19.77  19.45  20.66  21.09  19.73  20.31  21.17  20.83  17.64  20.54  20.57  21.03  21.26  20.73  20.16  20.83  20.15  20.71  20.91  20.52  20.53  20.77  21.36  20.56  19.44  19.68  20.40  20.52  20.57  20.34  20.68  20.45  20.09  20.60  20.86  20.70  

0
20.99  20.57  20.25  20.83  19.92  19.76  20.39  20.84  20.45  20.68  20.87  20.71  20.81  20.29  20.89  20.48  20.23  20.41  21.10  20.41  20.50  20.62  21.05  20.21  19.36  20.59  21.04  19.56  20.72  20.23  20.39  23.09  19.74  20.32  20.10  20.16  18.31  20.23  20.26  20.94  20.12  20.31  20.91  20.18  20.16  20.47  20.78  20.69  20.84  21.20  20.21  20.20  18.89  20.39  20.53  20.98  20.35  20.94  19.73  20.83  19.84  20.91  20.06  20.71  

0
20.25  19.02  20.69  21.36  20.44  19.80  20.66  20.65  21.27  20.38  20.91  20.98  21.32  20.59  20.22  21.16  20.14  20.84  20.18  21.49  20.43  20.76  20.48  21.07  19.93  21.14  20.33  20.37  20.06  19.76  20.99  20.68  20.36  20.62  19.78  20.66  18.19  21.13  20.41  20.98  20.68  20.45  20.63  21.21  20.08  19.74  20.82  21.19  20.43  20.28  20.25  21.96  19.91  20.31  20.46  21.36  20.74  21.09  21.57  20.13  21.86  20.37  20.92  20.93  

0
19.78  19.88  20.15  23.17  20.31  20.96  21.66  21.09  21.03  20.82  20.44  20.50  19.86  20.44  21.34  19.86  20.12  20.31  20.77  23.18  20.85  20.96  20.26  20.96  20.13  19.88  20.64  20.69  20.17  20.00  20.98  21.13  19.91  19.84  20.37  20.64  18.51  21.33  20.40  20.76  21.71  20.55  20.94  20.43  20.54  19.73  19.68  20.10  20.12  20.54  21.14  25.07  22.52  20.30  21.01  21.01  21.08  20.97  20.72  20.61  20.40  20.93  20.41  21.28  

0
19.75  20.14  21.18  20.96  20.99  22.10  22.19  20.95  20.22  20.23  21.21  20.36  19.84  20.42  20.46  20.96  19.96  20.80  21.22  23.72  21.79  21.25  21.26  21.03  20.32  21.11  20.18  20.23  20.72  19.59  19.97  20.64  20.74  19.55  20.83  20.85  18.48  21.52  23.83  20.64  20.96  20.42  20.49  20.18  20.52  20.34  19.38  20.54  19.94  21.33  21.76  25.75  24.77  22.12  27.40  22.10  20.59  20.94  20.93  20.34  19.71  21.49  20.39  19.98  

0
20.41  20.75  20.95  21.24  19.96  20.86  21.78  21.55  19.81  20.49  20.79  20.63  20.12  20.72  20.64  20.84  19.17  20.32  20.30  23.65  21.72  24.49  23.12  20.87  20.46  21.04  20.33  20.48  19.83  19.76  20.43  20.68  19.93  20.49  20.74  21.67  19.01  24.68  27.61  21.29  20.16  20.02  20.21  20.11  19.60  19.74  19.70  20.57  19.83  21.37  21.29  26.14  25.60  21.93  22.25  26.49  21.90  20.75  20.85  20.01  20.68  20.51  19.28  20.75  

0
21.00  19.86  21.46  21.70  21.13  20.83  21.76  21.64  20.12  19.45  20.66  20.49  20.21  20.30  20.90  20.49  19.97  20.30  20.99  22.72  20.84  24.16  23.69  20.43  20.54  20.91  21.16  20.24  19.92  20.49  19.85  19.57  20.76  20.46  19.14  21.87  18.99  23.63  26.29  22.18  20.87  20.43  21.35  20.20  20.88  19.59  19.10  18.85  20.11  20.80  21.13  24.82  23.99  21.56  21.22  26.57  23.36  22.11  20.22  19.86  19.85  20.78  20.73  19.26  

0
21.31  20.15  21.72  21.83  21.48  22.34  22.54  22.20  21.35  20.69  19.98  20.37  20.46  20.43  20.19  21.30  21.34  21.19  21.11  22.15  21.81  25.58  25.57  20.94  19.59  20.91  20.41  20.90  20.39  19.73  20.13  20.04  20.33  21.22  21.32  26.04  21.58  21.74  23.53  27.21  23.35  20.75  20.92  20.20  20.65  20.60  20.09  20.70  21.15  21.48  21.00  22.18  21.82  22.25  23.43  25.18  23.93  21.76  20.10  20.23  21.18  20.63  19.42  20.54  

0
20.86  20.45  21.60  22.81  20.43  25.97  25.08  21.43  20.81  19.92  20.78  21.55  20.59  21.10  20.49  19.70  21.22  22.09  22.42  24.86  22.25  22.11  23.90  24.98  21.18  20.51  20.20  20.36  20.05  20.88  21.12  22.36  20.20  20.86  23.34  25.08  23.96  24.26  23.34  24.19  23.05  20.76  20.51  20.65  20.90  20.49  20.25  21.02  21.16  21.36  24.83  26.13  23.86  23.74  22.23  21.68  21.89  21.08  20.12  20.98  20.66  20.50  20.90  19.82  

0
19.79  20.03  21.87  22.58  23.37  22.94  24.33  25.09  21.82  20.27  20.34  20.87  20.60  21.11  20.93  20.52  20.96  21.47  25.78  24.87  24.37  23.78  22.41  21.28  21.51  20.63  20.65  20.04  20.30  21.40  20.43  20.68  20.50  21.50  23.58  25.95  24.44  23.13  21.26  21.29  21.62  20.99  20.42  20.88  21.14  20.63  18.99  20.88  21.18  21.37  23.46  24.73  23.61  23.64  22.69  21.14  21.44  21.33  22.16  20.99  19.88  20.51  20.75  21.12  

0
20.10  20.32  20.95  22.09  22.91  21.32  20.32  21.22  20.93  20.27  20.57  20.28  19.27  20.98  20.64  20.20  20.55  21.22  26.46  23.76  23.63  21.18  20.89  21.17  20.25  20.52  20.00  20.26  19.94  20.77  20.43  21.15  20.78  21.25  23.82  24.98  25.83  24.79  22.10  21.49  20.79  20.67  20.63  20.55  19.84  20.50  21.10  20.11  21.18  20.96  20.90  21.84  20.19  22.39  24.22  22.80  20.86  20.86  20.73  20.87  20.01  20.95  20.26  19.65  

0
20.72  20.61  21.09  22.82  23.02  22.14  20.43  21.55  20.49  20.49  21.02  20.87  20.60  20.59  20.64  19.71  20.82  21.73  21.97  22.63  23.21  22.12  22.31  21.68  19.83  21.04  24.05  20.48  19.94  20.39  20.01  20.37  19.78  20.74  20.38  20.54  19.50  21.55  22.62  21.49  20.26  20.88  24.58  21.21  19.48  20.63  20.26  20.73  20.58  20.96  21.03  20.98  20.05  20.08  21.58  20.69  21.32  20.86  23.57  21.73  20.15  21.67  19.77  20.39  

0
19.55  20.39  20.35  21.65  21.90  23.44  23.16  20.91  20.97  21.20  23.82  21.60  19.92  19.59  20.71  20.28  20.88  20.50  21.54  20.83  20.46  21.00  24.93  21.81  20.18  20.65  25.74  21.17  19.98  19.94  20.77  20.92  20.71  20.54  21.27  20.69  18.28  20.41  20.97  21.83  20.50  21.34  24.91  21.14  20.00  20.05  19.62  20.19  20.06  20.61  20.82  20.90  19.56  20.24  21.50  21.40  20.31  20.32  24.31  21.65  20.86  20.58  21.00  20.31  

0
21.35  19.61  20.17  20.64  20.93  22.84  24.45  20.55  20.72  21.84  23.25  20.76  20.13  20.47  20.23  21.49  20.97  21.36  20.67  21.04  20.98  21.41  23.63  22.20  21.10  22.18  25.10  20.61  20.19  19.90  19.74  20.39  21.08  19.74  20.64  20.33  18.86  22.93  24.70  25.60  22.67  24.17  24.18  20.23  19.73  21.27  21.25  19.82  20.74  19.33  20.13  20.74  19.93  23.54  24.78  26.92  24.31  23.06  23.93  21.49  20.03  19.79  21.25  19.85  

0
20.69  19.43  19.47  20.35  21.48  22.46  24.63  23.20  21.13  24.21  22.11  20.26  20.09  20.30  19.91  20.98  20.79  21.32  20.87  21.58  20.62  23.85  25.96  25.95  23.03  24.67  22.66  20.13  20.27  20.49  19.56  20.04  20.47  20.46  20.60  20.86  18.49  23.42  25.68  25.46  24.46  22.56  21.45  20.64  20.41  20.35  20.09  19.47  20.70  19.98  21.39  21.08  22.64  23.05  22.88  23.11  22.91  22.80  20.82  20.48  19.72  20.48  19.42  19.99  

0
19.61  19.86  20.80  21.46  21.24  21.99  21.20  22.42  23.23  21.25  19.75  20.37  19.97  20.43  20.19  21.14  21.20  20.42  20.75  21.69  24.55  23.13  22.69  21.66  22.42  21.53  18.88  19.80  20.62  20.49  20.27  20.50  21.89  20.08  20.24  20.40  23.95  23.21  22.91  22.38  22.01  20.86  20.61  20.53  19.69  20.10  19.53  20.70  19.81  20.80  20.87  21.08  18.62  20.64  20.09  23.22  21.53  20.37  20.22  20.60  20.25  20.05  19.42  21.81  

0
21.49  19.75  20.03  21.36  22.33  23.05  22.12  22.56  20.93  20.16  20.57  20.28  19.39  20.59  21.21  20.84  20.82  21.47  21.49  22.17  22.36  21.39  21.30  22.19  22.85  20.94  20.65  20.59  21.46  20.52  20.29  20.53  21.21  20.74  20.62  21.33  18.68  20.49  21.26  20.47  21.83  20.35  21.27  20.66  21.14  20.50  20.12  20.42  20.88  20.42  21.29  21.22  20.05  20.55  21.47  20.46  20.97  20.98  20.61  20.87  19.88  20.37  20.75  20.75  

0
21.00  20.58  19.60  21.70  20.17  21.30  21.20  24.85  20.91  21.03  20.09  20.72  20.21  20.17  21.18  21.14  20.38  22.08  20.63  21.35  20.84  20.95  20.55  22.77  20.65  20.60  20.95  19.02  20.62  19.86  20.69  20.19  22.31  19.70  20.60  21.42  18.99  20.57  20.49  20.24  20.87  19.89  20.50  20.42  19.57  20.22  19.81  19.78  19.66  20.39  20.35  19.96  19.33  20.40  19.98  20.43  20.48  21.07  20.46  20.97  20.39  21.06  20.08  20.54  

0
22.08  19.59  20.28  20.12  21.02  20.85  20.53  21.20  19.68  19.58  20.22  20.27  20.47  19.65  20.77  20.67  21.49  21.08  20.53  21.93  21.50  21.17  20.05  20.65  20.24  20.09  20.10  19.81  19.93  20.51  18.87  20.05  19.63  20.22  19.89  21.66  18.67  20.90  20.40  20.97  20.25  20.44  20.20  20.87  19.23  20.74  20.81  20.10  20.57  21.22  20.10  20.59  18.64  21.23  20.33  20.45  20.38  20.85  20.36  20.49  19.87  20.79  20.25  21.46  

0
21.29  19.42  20.39  20.59  20.88  20.94  20.28  21.06  20.78  19.89  20.53  20.36  20.20  20.68  20.32  20.32  21.05  20.93  20.62  20.87  20.93  19.88  20.33  20.10  19.90  20.90  19.85  20.23  20.14  20.23  21.37  20.64  19.89  20.32  19.98  20.16  18.81  20.23  21.01  20.74  21.27  20.52  20.49  20.74  20.04  20.21  20.08  20.69  20.54  20.10  20.34  21.06  18.61  19.57  20.30  20.53  20.94  21.17  20.45  20.83  20.77  19.89  19.41  21.44  

0
20.38  20.01  20.27  20.60  20.65  21.76  19.83  20.05  19.78  20.36  20.66  20.72  19.61  20.96  21.04  20.01  19.14  20.68  20.87  21.58  20.51  20.42  21.07  20.32  20.96  21.12  20.62  19.91  19.33  20.74  20.27  20.19  20.76  20.59  20.60  20.52  18.00  20.25  21.02  20.65  20.97  20.32  19.54  20.64  20.65  19.97  19.67  20.85  20.56  20.53  20.22  20.83  19.75  20.75  20.88  19.87  20.83  20.95  20.82  21.09  21.31  20.48  19.91  20.91  

0
20.56  19.89  20.82  20.87  20.20  20.74  20.88  20.88  21.05  20.05  20.00  20.63  19.75  20.46  20.64  20.36  20.55  21.22  21.26  20.91  21.29  20.66  20.37  20.25  20.36  20.42  20.33  20.15  19.12  20.64  20.57  20.68  20.78  21.50  20.26  20.20  19.18  21.02  20.41  21.19  20.79  20.24  20.74  19.89  21.14  20.63  19.27  20.27  20.58  20.55  20.25  20.11  19.77  20.78  20.23  20.57  20.15  21.44  20.37  20.62  20.28  20.51  19.77  20.02  

0
20.09  20.02  19.88  20.49  19.83  20.38  19.96  21.20  20.25  20.03  19.99  21.09  20.59  20.58  20.21  19.54  21.22  20.69  20.65  21.01  20.09  20.85  20.67  20.44  19.81  21.13  20.64  20.14  20.52  20.38  18.02  19.27  21.34  19.71  20.49  20.42  19.65  20.47  20.93  20.66  19.72  19.90  20.41  20.43  20.54  20.36  19.40  17.61  20.87  19.16  19.97  19.35  18.64  20.18  20.33  19.77  19.79  21.20  20.36  20.49  19.60  21.22  17.44  17.97  

0
20.06  19.42  20.39  21.57  20.52  21.17  19.82  20.84  20.33  20.23  21.09  20.83  20.56  20.68  21.17  21.92  19.96  20.67  21.22  21.22  20.61  20.62  20.02  20.83  19.79  20.59  19.74  20.56  19.55  20.35  19.97  20.64  20.46  19.81  20.95  20.28  18.97  20.23  20.37  21.15  20.86  20.52  19.96  20.18  20.52  20.97  19.94  20.08  19.19  20.65  20.21  20.94  19.45  20.27  21.43  20.20  20.59  20.82  20.69  20.09  20.11  20.18  20.39  21.44  

0
21.04  19.76  20.44  19.77  20.93  21.45  20.10  20.55  20.72  20.17  19.45  20.76  20.86  20.86  20.37  20.86  20.01  21.49  21.15  21.38  21.41  20.67  20.49  19.84  20.68  20.43  20.66  20.06  20.77  20.15  20.31  20.85  20.08  20.76  19.79  21.01  19.35  20.39  21.06  20.89  21.22  20.68  20.96  20.46  20.21  21.02  20.13  19.66  18.94  20.43  20.00  20.37  19.37  20.21  20.24  21.04  20.64  21.34  20.62  20.39  20.29  21.25  19.95  20.95  

0
20.55  20.88  21.34  20.12  20.78  20.61  20.08  20.52  20.36  20.37  20.67  20.03  20.83  20.44  20.06  20.51  20.53  22.35  20.29  21.24  21.17  20.96  20.05  20.34  20.45  19.88  19.88  19.92  20.17  20.13  20.84  20.82  19.48  20.60  21.21  20.08  19.33  20.69  20.61  20.76  20.57  20.76  20.51  20.32  20.30  20.36  20.25  20.10  21.16  20.81  20.62  20.35  19.48  20.30  21.23  20.11  20.96  22.24  19.51  19.62  19.60  20.35  19.76  20.19  

0
20.86  20.31  19.88  20.61  20.55  20.61  21.10  21.32  20.58  20.59  20.89  20.97  20.47  20.31  19.92  20.51  21.08  21.59  21.24  21.47  21.28  21.07  20.05  20.44  20.66  20.92  21.50  20.91  20.17  20.00  20.14  20.36  20.20  20.09  21.09  20.76  19.49  20.69  20.29  20.56  20.88  20.98  20.73  20.98  20.18  20.49  20.11  19.48  20.57  19.99  20.36  21.70  20.32  20.07  21.12  20.56  20.96  20.03  21.20  20.98  20.66  21.22  19.76  20.74  

0
19.61  19.86  20.93  21.83  20.29  20.72  20.63  20.74  20.68  20.24  20.54  20.02  19.73  20.43  20.33  19.52  20.79  21.45  21.59  20.54  21.59  21.05  20.45  21.25  20.01  20.91  19.76  20.02  19.92  20.62  19.28  20.04  20.04  20.72  21.08  21.53  19.15  20.89  19.95  20.03  20.45  20.75  20.50  19.42  20.88  20.35  20.23  21.31  21.15  20.39  20.48  20.58  19.33  19.94  20.54  21.33  20.48  20.95  20.46  19.48  19.99  20.48  20.56  20.54  

0
19.79  20.61  20.69  20.99  20.80  20.74  20.54  20.65  20.04  19.71  20.68  20.63  20.72  20.98  20.50  20.68  20.82  21.22  22.08  20.45  20.97  20.45  19.65  20.14  20.25  21.04  20.22  20.48  20.41  19.50  20.29  20.22  20.64  20.11  20.38  20.77  18.52  20.70  20.30  20.98  20.37  20.88  20.53  20.22  20.79  20.12  19.13  19.65  21.91  21.10  20.51  20.48  19.21  20.43  21.02  20.12  21.32  20.86  20.73  19.76  20.01  20.80  19.28  20.20  

0
20.54  20.30  20.40  20.23  20.65  21.07  20.40  20.05  21.24  20.13  20.32  21.42  19.36  20.82  20.76  21.14  21.20  20.81  20.40  20.88  20.84  20.53  20.96  20.74  20.75  20.50  20.30  19.69  19.45  19.86  19.56  19.72  20.47  19.18  20.00  20.18  19.15  20.68  20.60  20.75  20.55  20.21  20.08  20.20  19.93  19.84  19.53  18.69  18.90  19.84  20.74  20.33  18.48  20.75  20.09  19.98  20.36  20.60  20.22  19.61  19.99  20.48  19.09  19.99  

0
21.47  19.59  20.68  20.49  20.19  19.79  20.08  20.29  21.03  20.82  20.22  20.27  19.98  20.58  19.06  20.99  20.81  20.69  20.41  21.36  20.52  20.54  20.67  20.34  20.45  19.67  20.64  20.25  19.46  20.25  19.30  20.52  20.48  19.97  20.97  20.08  18.51  20.90  20.93  20.66  20.88  20.01  20.20  20.32  20.30  20.11  19.82  19.95  20.57  19.85  19.97  20.35  19.20  20.07  20.78  20.45  20.96  20.38  20.36  20.36  19.73  20.79  20.25  21.28  

0
20.22  19.85  21.05  21.20  20.52  20.12  20.51  20.04  20.78  20.12  20.64  20.59  20.68  20.16  21.31  20.64  19.96  21.31  20.26  21.33  21.15  20.62  20.75  20.21  20.74  20.48  20.94  19.56  20.72  19.72  21.09  19.71  20.46  20.58  21.07  20.96  18.48  20.13  20.80  20.22  20.86  20.85  19.85  20.29  20.63  20.97  20.78  19.61  21.14  20.51  20.21  19.57  19.17  20.27  20.30  20.20  20.47  20.82  20.21  21.20  20.77  20.62  20.23  20.53  

0
20.38  20.44  21.32  20.97  20.29  21.07  19.61  20.62  21.69  20.47  19.41  20.37  19.36  20.30  21.18  21.46  21.07  20.94  20.99  20.42  20.62  20.63  20.86  19.91  20.01  20.50  20.73  19.80  20.15  19.22  19.71  20.97  20.47  19.44  20.48  20.74  18.16  20.78  20.17  20.65  20.97  20.86  20.39  20.64  20.53  19.97  20.65  20.70  21.15  20.12  21.13  20.70  20.03  20.64  21.22  20.32  20.83  21.07  20.10  20.60  20.12  20.78  20.24  22.35  

0
21.00  20.01  21.59  20.72  20.65  20.13  20.86  20.74  20.35  19.79  20.54  19.67  20.21  20.30  21.04  20.33  21.07  20.42  20.75  20.31  20.73  20.31  19.93  20.32  20.96  20.81  20.30  20.68  20.15  20.87  21.79  20.66  20.47  20.08  20.84  20.97  18.49  21.21  19.42  20.65  20.87  21.07  20.82  20.31  20.65  20.86  20.09  19.62  21.44  19.29  20.48  20.58  19.61  20.52  20.09  20.66  21.41  20.25  20.70  20.97  19.99  20.34  20.08  20.91  

0
20.55  19.73  20.68  21.47  21.14  20.73  20.98  20.64  20.47  20.37  20.44  21.67  19.38  20.71  20.77  20.51  21.22  21.46  20.17  21.59  21.17  21.38  20.67  19.51  20.55  20.51  20.53  20.25  20.05  19.75  19.72  21.13  19.34  20.48  20.73  20.53  18.67  21.22  20.93  20.66  21.19  20.98  19.88  20.87  20.42  20.62  20.39  19.64  20.27  20.13  21.40  20.22  19.62  21.00  21.12  20.45  21.19  21.20  20.36  21.35  20.27  20.21  21.23  21.28  

0
21.66  20.49  19.79  19.78  20.70  20.88  20.57  21.24  21.29  20.74  20.25  20.07  18.68  20.88  20.53  20.06  20.44  21.12  20.92  21.63  20.67  20.68  20.29  20.37  19.75  20.44  20.35  20.51  19.62  20.42  20.60  19.78  20.67  20.39  20.53  20.91  18.54  21.37  20.97  21.01  21.44  20.59  20.76  20.36  20.46  20.15  21.12  19.68  20.76  20.30  20.79  20.51  20.08  20.45  19.80  20.37  21.11  20.89  21.11  20.40  19.90  20.24  19.63  21.14  

0
20.55  19.44  21.60  22.57  23.71  21.43  20.87  20.64  20.47  19.81  19.53  19.92  20.71  19.92  21.20  19.70  19.99  21.21  20.77  23.75  22.46  21.90  23.00  21.26  20.03  20.72  20.64  20.58  20.40  20.38  20.42  20.67  21.62  20.35  20.73  20.64  18.67  20.26  21.98  21.07  20.67  20.98  20.62  20.21  20.30  21.00  20.25  20.10  20.72  20.54  20.23  20.72  19.34  20.77  20.56  19.99  20.96  20.97  20.24  20.36  19.06  20.06  19.43  21.65  

0
21.65  20.91  21.36  21.86  23.27  20.87  20.78  20.43  20.61  20.73  20.58  20.41  20.01  20.07  20.52  19.56  19.74  21.10  22.21  23.21  25.73  24.30  21.00  20.57  20.05  20.74  19.25  20.17  19.96  19.90  20.45  20.08  19.80  21.01  21.24  22.91  21.62  24.49  23.16  21.10  20.38  20.36  19.69  20.57  21.04  20.26  19.85  19.35  20.30  21.38  20.26  20.62  19.79  20.79  21.70  20.59  20.75  20.76  20.38  20.39  19.89  19.94  19.95  20.40  

0
21.03  19.75  20.95  22.46  23.37  24.42  22.45  20.99  20.49  20.94  20.34  20.40  19.88  20.85  19.50  20.52  21.23  21.60  22.08  23.98  24.37  25.00  21.81  21.07  20.36  20.21  19.67  20.59  19.59  20.39  20.01  20.99  20.92  20.87  21.46  23.89  25.98  24.79  22.94  20.26  20.26  19.91  20.21  19.89  19.84  20.12  21.24  21.03  19.83  21.37  21.42  23.53  24.54  22.50  25.41  24.12  20.15  20.51  20.49  20.62  20.68  20.07  20.43  21.48  

0
20.40  21.02  21.60  21.96  22.90  23.38  20.19  21.43  21.14  19.81  20.44  20.85  20.59  20.18  20.77  20.19  20.12  21.46  21.01  21.82  23.20  24.68  21.49  20.34  20.55  21.03  20.20  19.81  20.87  20.63  19.72  20.20  21.19  21.87  21.93  24.75  23.65  23.95  23.44  23.20  21.61  21.19  20.94  20.54  20.66  20.24  20.25  21.17  19.97  20.68  21.79  25.90  26.77  24.52  24.32  24.00  22.46  21.43  21.32  21.10  21.59  20.79  19.76  20.37  

0
21.19  20.19  20.31  20.39  20.81  21.10  20.78  21.79  22.50  20.62  21.14  20.88  20.13  20.73  21.50  20.86  20.56  21.23  20.43  21.15  20.55  20.77  21.82  23.51  22.35  21.26  20.66  19.73  20.42  21.03  20.58  20.23  19.22  19.35  20.28  20.67  20.33  21.46  23.16  23.52  21.32  20.90  20.43  20.57  20.33  20.52  20.41  19.82  19.70  20.15  21.04  20.12  19.93  20.91  23.14  23.80  21.33  21.34  20.62  21.49  20.69  20.38  20.60  20.76  

0
21.36  21.06  20.58  20.65  20.94  20.06  20.68  21.47  21.85  20.30  21.38  21.12  19.78  20.35  20.81  20.71  20.98  20.86  20.33  22.43  21.53  20.89  20.91  20.27  21.12  20.65  20.46  20.73  21.48  20.67  21.01  21.33  20.38  19.49  21.37  21.25  19.37  22.00  21.07  21.01  20.81  21.55  21.61  20.14  20.34  20.28  20.70  20.14  20.16  20.85  20.27  21.13  19.80  21.27  20.14  21.27  20.76  22.96  22.30  20.16  19.90  21.12  19.63  21.14  

0
21.19  20.05  20.57  20.88  21.99  21.22  20.90  21.00  20.61  19.72  20.47  20.06  20.49  20.73  21.22  20.86  20.56  20.59  21.74  20.46  20.77  20.77  20.69  19.95  20.79  20.43  20.01  19.95  20.77  19.64  20.45  20.23  21.08  20.50  19.55  20.33  19.19  20.93  20.53  20.58  20.80  20.25  20.65  19.68  20.33  20.14  20.27  19.82  19.09  20.70  20.39  20.74  18.94  21.02  20.47  20.70  20.87  21.22  20.50  20.64  19.89  20.67  19.62  19.66  

0
20.10  20.03  21.22  21.12  21.39  20.86  20.54  21.78  20.26  19.93  19.55  20.28  20.84  20.06  20.36  20.68  21.09  21.60  21.85  21.03  20.65  21.08  20.68  20.66  20.15  20.31  20.11  19.71  20.30  20.01  20.71  21.30  20.64  20.74  19.90  20.66  19.34  20.70  20.83  21.29  21.21  21.10  20.21  20.44  20.32  20.88  21.51  20.73  19.68  20.69  21.03  20.36  19.21  20.89  20.23  20.35  20.51  20.98  21.57  20.01  18.67  20.37  20.10  18.91  

0
19.97  19.92  21.24  21.02  20.35  20.77  20.68  20.33  20.74  21.19  19.80  20.07  20.63  20.74  20.53  20.06  19.33  20.73  21.52  21.97  21.00  21.42  20.40  20.58  20.17  20.03  20.46  20.18  20.09  20.80  20.46  20.24  20.10  20.64  20.29  21.13  18.54  20.30  20.75  20.70  20.50  20.37  20.76  20.80  20.46  20.40  20.00  20.29  19.86  20.85  21.57  20.63  19.38  21.15  20.59  20.15  20.76  20.54  20.76  21.63  20.44  20.10  19.31  19.12  

0
20.56  20.03  20.43  20.87  20.08  21.32  20.54  21.10  20.15  20.27  21.02  20.16  20.84  20.46  20.08  19.87  21.50  21.09  21.14  21.49  21.19  21.29  20.48  20.76  19.83  20.63  20.76  20.70  19.59  19.76  20.71  18.81  21.49  20.74  20.26  20.43  20.15  20.81  21.05  19.74  20.89  20.99  19.78  20.00  20.08  19.36  19.84  19.34  19.83  20.55  19.72  20.73  20.19  20.08  21.02  20.35  20.97  20.63  20.37  20.99  20.68  19.78  19.28  17.98  

0
20.55  20.17  20.55  20.98  20.90  20.49  20.76  20.86  20.47  20.14  20.33  21.09  20.35  21.10  20.35  20.99  20.94  21.08  20.89  21.47  20.74  20.22  20.57  20.34  19.92  20.51  20.42  20.36  19.93  21.01  20.98  20.98  21.34  20.73  19.89  21.21  17.18  19.72  20.40  20.97  20.67  20.66  21.04  20.65  20.18  20.74  20.39  20.87  20.87  20.54  20.75  20.96  19.48  20.42  20.10  21.23  20.84  20.85  20.48  20.98  19.87  20.35  21.39  21.65  

0
20.74  20.35  21.51  21.27  21.65  20.77  20.23  20.90  20.40  19.96  20.25  20.54  20.02  20.22  20.67  20.39  20.30  21.63  21.52  21.74  20.67  21.52  20.29  19.86  20.28  20.96  20.13  20.07  20.44  20.54  21.01  21.02  21.52  20.26  21.01  21.02  17.88  20.83  20.97  20.18  20.81  20.26  20.23  20.80  20.46  20.53  20.28  22.57  20.16  20.03  21.05  20.88  19.38  20.69  20.82  21.05  20.88  20.54  20.88  20.03  20.70  21.83  18.14  21.32  

0
19.94  20.61  21.22  22.22  20.68  20.97  20.32  21.55  20.15  20.05  19.78  21.56  20.60  20.19  21.21  21.48  20.55  21.47  21.14  21.49  20.75  20.23  21.81  20.35  19.30  20.63  21.08  20.81  20.53  20.90  20.71  21.15  19.93  20.49  20.50  20.77  17.86  21.23  20.19  20.67  20.16  20.88  20.95  20.44  20.32  20.25  20.26  20.88  19.53  21.78  20.11  19.61  19.63  20.66  21.02  20.12  20.62  20.63  20.61  20.62  20.28  20.07  20.75  22.91  

0
21.19  22.18  21.62  21.38  20.09  21.34  20.10  20.55  20.05  20.06  19.56  20.53  20.74  20.07  22.06  20.53  22.05  21.36  21.51  21.27  20.44  21.09  20.18  20.16  20.05  20.84  20.01  20.61  20.66  20.40  21.28  20.08  20.80  20.76  20.15  21.46  18.70  20.71  20.10  20.48  20.91  20.90  20.22  20.46  19.85  19.88  19.71  20.28  21.63  21.11  20.13  20.74  19.23  21.02  20.81  20.70  20.99  21.22  19.90  20.39  20.42  20.52  20.44  20.40  

0
21.18  21.18  21.74  20.25  20.44  20.86  19.75  20.65  20.49  20.38  21.13  21.10  21.20  20.59  20.08  19.39  20.27  21.85  21.26  21.83  21.40  21.39  20.89  20.35  19.93  20.31  21.08  19.82  20.76  19.38  19.59  20.84  20.64  21.25  20.62  20.43  18.02  21.13  21.26  20.47  20.26  21.42  19.67  20.44  20.43  20.00  19.98  21.19  20.58  20.42  20.51  21.10  19.91  20.89  20.91  20.46  20.27  20.75  21.09  20.50  20.01  19.93  20.43  20.93  

0
21.79  21.75  21.22  23.18  21.97  21.90  21.22  20.76  20.37  20.61  20.79  20.28  20.48  20.85  21.21  20.36  21.09  21.47  21.14  21.95  22.15  21.60  20.68  20.97  20.46  20.42  20.22  20.81  20.18  20.52  21.13  21.15  20.50  21.25  20.38  21.22  18.68  21.23  21.15  20.98  20.47  20.78  20.63  20.11  19.96  20.76  20.26  19.50  21.03  20.14  20.64  20.73  19.91  20.55  20.46  20.91  21.09  20.98  20.49  20.25  20.01  19.78  19.44  20.57  

0
20.56  20.47  21.61  23.90  24.75  23.51  23.12  21.22  20.15  21.16  20.34  19.69  20.00  20.72  21.21  20.84  21.23  22.36  21.61  22.63  24.05  22.75  21.19  22.90  20.46  20.42  20.43  20.48  20.88  20.64  20.71  20.06  21.21  19.59  21.58  20.54  19.01  20.81  22.00  21.80  20.58  20.35  20.53  19.89  20.43  19.61  20.82  19.65  19.83  19.18  21.03  20.85  20.19  20.55  20.57  20.91  20.74  21.56  20.73  21.24  20.41  20.66  19.44  19.47  

0
21.36  20.78  21.90  22.24  22.23  21.93  20.68  21.24  21.18  20.41  20.14  20.66  20.27  21.27  21.66  22.30  21.12  22.13  25.47  26.00  24.08  25.93  22.34  20.37  19.64  21.06  19.81  20.07  20.44  20.29  20.60  21.33  21.66  19.49  21.61  22.37  23.21  25.93  24.71  21.31  20.81  20.80  20.66  20.69  20.22  19.77  20.14  20.75  20.46  21.12  22.08  20.26  19.38  20.57  21.72  20.60  20.53  21.35  20.76  20.89  19.64  20.24  20.29  22.04  

0
22.12  21.06  21.24  22.97  25.68  25.90  21.02  22.25  20.96  20.74  20.37  20.66  20.27  21.27  21.38  20.87  20.85  22.76  24.32  23.89  24.50  25.52  21.32  20.79  20.28  21.06  21.00  20.51  19.62  20.16  20.18  20.86  21.66  21.90  24.88  25.76  23.68  24.60  23.27  20.49  21.02  20.91  21.08  19.91  20.22  20.53  19.44  21.82  21.20  21.26  22.98  24.51  25.63  24.34  25.11  22.83  21.23  20.54  21.00  20.53  19.37  21.12  20.13  22.22  

0
20.58  19.61  20.57  22.23  22.92  25.22  24.23  25.00  24.35  23.70  22.15  20.65  21.69  21.38  20.66  22.13  21.24  21.10  22.10  23.77  25.52  26.31  24.33  21.80  21.52  22.90  21.84  20.61  20.77  20.91  19.88  21.47  20.80  21.39  20.88  23.68  24.29  26.32  25.92  22.42  21.84  20.90  20.43  20.57  20.80  20.64  21.39  21.05  20.89  20.84  21.43  24.14  23.35  26.21  26.39  22.71  20.75  21.57  20.62  20.64  20.42  20.09  19.79  21.85  

0
21.51  20.20  20.45  21.75  21.41  20.65  21.36  21.35  20.06  20.30  20.71  20.31  20.63  21.14  20.67  21.03  21.53  21.50  21.99  21.86  21.86  21.52  20.81  21.81  21.01  21.17  20.46  21.06  20.32  20.29  20.60  20.71  19.95  20.64  21.13  20.79  18.71  21.26  21.92  25.41  25.41  25.21  20.97  20.80  20.46  20.40  19.72  20.45  20.31  21.26  20.40  21.00  20.77  22.76  23.92  23.49  24.77  22.05  20.64  20.77  20.30  20.24  20.94  22.04  

0
19.80  21.48  20.84  20.64  21.75  22.03  20.78  20.55  20.83  20.62  20.24  21.11  20.98  20.60  21.50  21.18  20.01  21.23  22.33  20.46  21.74  21.51  21.00  20.16  20.05  21.67  21.20  20.28  20.66  20.91  19.74  20.70  19.94  21.39  20.64  20.67  18.04  20.61  20.42  20.48  20.80  20.68  20.54  20.23  20.92  21.15  20.27  19.51  20.74  21.11  20.65  20.50  19.51  20.21  20.69  21.15  21.57  24.65  20.38  21.37  20.03  19.65  20.93  19.85  

0
20.28  20.06  20.72  21.51  20.82  20.65  20.68  21.24  20.62  20.52  21.04  20.42  20.87  20.88  20.95  20.39  20.85  21.88  21.75  20.94  21.10  20.79  20.71  20.48  20.91  20.86  20.46  19.85  20.09  20.80  20.46  20.24  20.38  19.75  20.77  21.47  18.54  21.37  20.22  20.60  20.71  20.69  20.66  20.58  20.46  20.53  20.56  20.91  20.61  21.12  20.79  20.51  19.66  21.50  20.59  21.38  19.94  20.42  21.35  21.02  19.90  20.10  20.29  20.23  

0
20.90  20.78  21.37  21.39  20.46  20.65  21.13  20.10  20.17  21.30  20.25  20.66  20.99  19.96  20.95  21.03  21.25  22.13  20.92  20.82  21.32  20.89  20.60  20.17  20.59  21.58  20.35  19.74  20.55  20.80  20.74  20.71  19.38  19.88  20.89  21.02  18.87  20.62  20.54  21.01  20.50  20.26  20.87  20.02  21.17  20.53  20.84  20.75  20.61  20.17  21.31  20.26  19.66  20.10  20.82  20.15  20.53  20.42  20.51  19.91  20.44  20.54  20.45  20.96  

0
21.06  20.65  20.86  21.65  20.24  20.90  19.90  20.91  20.64  20.31  20.27  20.20  20.04  20.89  21.11  20.24  21.27  21.26  20.82  21.06  20.47  20.38  20.51  20.49  20.39  20.97  20.36  20.41  20.68  20.05  20.47  19.32  20.11  20.40  20.18  20.47  18.89  21.06  21.40  20.71  20.09  20.49  20.14  20.04  20.00  19.53  19.73  18.45  21.51  20.73  20.81  20.77  19.39  20.12  20.15  20.27  20.66  20.20  20.17  20.29  20.18  20.40  19.81  20.42  

0
21.06  20.22  21.26  21.03  20.36  20.19  19.78  21.48  21.08  20.08  20.27  20.90  20.28  19.70  21.25  20.56  21.13  21.64  21.18  20.95  21.55  20.48  20.72  20.08  20.92  20.35  20.15  20.52  20.45  19.16  20.47  20.10  20.25  20.53  20.90  20.92  19.05  21.06  20.45  20.81  20.62  20.49  20.46  19.37  20.35  20.92  20.44  20.00  20.32  20.45  20.94  20.77  20.51  20.23  20.61  20.95  19.84  20.78  20.89  20.54  20.05  21.27  20.47  21.52  

0
21.35  20.91  21.36  21.74  20.21  20.40  21.35  21.11  20.50  20.39  20.24  19.94  19.65  20.73  21.08  20.53  20.70  20.46  21.51  21.84  20.88  20.99  19.97  21.08  20.47  20.95  20.23  21.04  21.24  20.78  19.74  21.01  20.23  20.76  20.76  21.01  18.20  20.39  21.38  20.58  21.43  21.00  20.86  19.90  20.09  20.39  20.55  21.50  21.04  20.29  21.56  20.25  19.09  20.44  20.47  20.47  20.99  20.76  20.50  20.51  20.69  20.23  21.25  20.76  

0
21.06  20.36  20.73  21.16  20.95  21.36  20.35  20.69  20.41  20.08  20.61  20.67  20.52  20.23  21.67  21.20  21.00  21.89  21.77  21.29  20.47  21.12  20.72  20.90  20.08  20.56  21.01  20.74  21.26  19.54  19.91  21.34  20.39  20.40  21.26  21.15  19.54  20.85  20.87  20.61  20.83  21.35  20.88  20.81  20.95  20.29  19.59  20.31  20.32  20.45  21.32  21.14  19.81  20.35  20.72  21.06  20.43  21.60  20.89  21.88  20.05  20.69  20.47  21.33  

0
21.21  21.35  20.85  20.77  21.29  21.35  20.57  20.56  20.85  21.30  20.03  21.01  19.90  20.74  20.95  20.22  21.39  21.50  21.28  20.94  20.89  20.68  20.91  20.48  20.38  20.44  20.46  20.51  21.02  20.54  21.01  20.71  20.38  20.51  20.41  21.02  19.37  21.89  20.75  20.49  21.44  20.69  20.97  20.91  20.34  19.38  20.28  19.99  19.71  20.71  20.66  20.51  19.80  21.27  20.82  21.50  20.53  20.89  20.03  21.26  19.64  20.68  19.47  22.04  

0
20.90  20.63  22.03  21.39  20.46  21.23  21.13  20.45  20.74  20.63  19.91  20.07  20.87  20.74  21.38  20.87  20.71  21.75  21.16  21.74  21.21  21.00  20.50  20.06  20.38  20.55  20.57  19.85  21.02  20.29  20.46  22.09  19.81  20.77  20.89  20.57  19.04  20.51  21.18  21.11  20.50  20.69  20.45  19.91  19.98  20.28  20.14  20.29  21.05  20.99  22.21  21.37  19.10  21.15  20.93  20.71  20.41  21.00  20.64  21.63  20.04  21.12  19.47  22.04  

0
19.05  20.65  20.46  21.89  20.60  21.83  20.35  21.25  20.75  20.08  20.94  20.20  20.04  19.84  20.82  20.88  20.04  21.64  20.94  21.98  21.33  20.91  20.51  19.77  20.29  20.66  20.04  20.41  20.45  20.81  20.75  20.88  20.96  19.63  20.30  21.03  19.38  21.17  20.23  20.71  20.51  20.38  20.67  20.59  20.95  19.78  20.30  19.84  21.36  21.00  20.68  20.02  18.41  21.16  19.70  20.50  21.01  20.32  20.65  21.15  21.11  19.82  18.82  20.24  

0
21.23  20.66  21.14  21.90  20.61  20.79  20.37  20.59  20.65  20.66  20.51  20.33  20.65  19.72  21.40  20.73  20.33  21.01  21.54  21.65  21.45  20.81  20.94  19.99  20.09  20.99  20.70  20.53  19.88  20.06  20.62  20.89  20.69  21.05  20.55  20.93  18.24  20.43  20.78  21.24  21.26  20.29  20.68  20.60  19.05  20.05  20.59  19.08  21.23  20.88  19.90  20.90  18.84  20.25  21.18  21.63  20.79  20.80  20.42  21.04  20.86  19.98  20.31  20.25  

0
20.92  20.23  20.08  20.80  21.32  21.37  20.48  20.93  20.65  20.10  20.39  21.03  20.89  21.03  20.41  19.28  20.46  19.99  20.35  21.42  20.59  20.71  20.11  19.78  19.88  20.78  21.02  19.54  21.04  20.32  20.48  20.11  19.84  21.17  20.79  20.82  16.91  21.71  20.88  21.44  21.36  20.83  20.58  20.71  20.13  20.30  18.90  20.01  20.78  20.47  20.69  20.16  18.56  20.01  19.60  19.72  20.44  20.91  20.30  21.16  19.40  20.12  19.82  19.89  

0
21.66  20.06  20.05  21.02  21.18  20.18  20.11  21.35  19.95  20.63  20.03  20.07  21.23  20.61  19.82  21.03  21.53  21.37  20.81  20.59  20.13  21.00  20.50  20.89  20.28  21.17  20.46  20.51  20.90  20.42  20.74  20.86  19.95  20.51  20.05  20.79  18.38  21.05  21.28  20.80  20.39  20.59  19.81  20.47  19.27  20.53  20.84  20.60  21.35  21.26  21.31  20.26  19.80  20.80  19.80  20.26  20.76  19.95  20.15  21.14  19.37  20.68  20.13  20.96  

0
20.29  20.79  20.99  21.89  20.60  21.83  19.44  20.69  20.75  19.97  19.93  21.72  20.40  19.97  20.97  20.56  20.18  22.02  21.53  20.49  19.92  20.80  20.00  20.28  20.18  20.35  20.80  20.41  20.92  21.06  20.47  21.18  20.25  20.65  20.54  21.60  19.05  20.63  20.98  20.81  21.04  21.35  20.67  20.48  21.06  20.03  20.16  20.77  20.32  20.32  20.28  20.77  18.97  20.82  21.28  21.62  20.19  20.67  20.53  20.05  21.11  20.84  20.79  21.15  

0
20.63  20.10  21.28  21.06  20.74  21.50  19.58  20.71  20.89  21.23  20.29  20.81  21.27  21.04  20.99  22.18  21.02  21.28  21.67  20.97  20.93  20.40  20.64  20.72  20.84  20.90  20.39  20.33  20.71  22.33  19.65  20.44  21.41  21.19  20.69  20.72  19.73  20.55  21.32  20.84  20.75  20.84  20.59  20.73  20.50  20.82  20.18  20.64  21.39  21.43  21.09  21.04  20.39  21.19  20.29  20.18  21.27  21.39  20.67  21.42  21.27  19.99  20.16  20.81  

0
21.38  19.80  20.34  21.29  20.85  21.37  20.82  21.15  21.21  21.10  20.62  20.21  19.81  21.29  20.98  21.21  21.69  20.37  22.02  21.08  20.48  21.02  20.11  19.78  20.72  20.47  20.59  20.75  20.93  20.82  20.48  21.50  21.12  20.29  21.27  21.38  19.55  20.54  20.67  20.72  20.63  20.61  20.79  20.38  20.84  20.55  20.59  20.47  19.74  20.88  20.69  20.53  19.82  20.36  21.18  20.85  21.14  20.44  20.78  20.80  20.20  21.00  19.99  20.98  

0
21.69  20.66  20.61  21.41  20.61  20.67  20.25  20.81  20.42  20.77  20.84  19.98  20.89  21.16  21.40  21.05  20.46  21.27  20.47  20.73  21.34  20.81  20.73  20.61  19.67  21.19  20.92  19.87  19.88  19.68  19.36  20.42  20.83  20.54  20.19  21.05  18.57  20.96  20.99  20.42  20.94  20.93  21.21  20.82  20.60  20.93  19.46  20.78  21.23  20.06  20.69  20.29  19.54  19.90  20.28  21.30  20.67  20.68  20.66  21.16  20.46  21.57  20.97  20.07  

0
20.76  20.22  20.86  20.79  21.19  20.90  21.37  21.37  20.41  21.09  20.61  20.44  21.00  21.41  21.39  20.56  20.72  21.13  21.29  20.72  21.33  20.69  20.41  20.08  20.39  20.97  20.15  20.19  21.03  20.43  21.03  19.48  20.11  20.91  20.78  20.47  20.35  20.95  20.23  20.40  20.62  21.46  21.20  20.81  20.35  20.29  20.30  19.84  20.32  21.68  20.55  21.26  19.53  20.58  20.49  20.16  20.19  21.13  20.89  21.27  20.71  20.55  19.48  21.15  

0
20.17  20.53  20.36  20.57  20.26  20.92  21.17  20.71  20.55  20.89  21.19  21.05  20.91  21.04  20.85  21.39  20.34  21.16  21.20  21.66  20.60  20.72  20.33  20.72  21.05  20.69  20.71  20.55  20.24  21.21  20.91  20.13  20.56  21.06  20.69  20.72  19.08  20.98  19.62  20.94  21.37  20.41  21.01  20.62  20.85  19.81  19.76  20.18  20.05  21.70  21.35  20.30  20.12  20.61  20.97  20.97  20.92  21.04  20.79  20.69  19.81  20.28  19.84  20.27  

0
21.05  21.35  21.11  21.27  20.35  20.30  20.34  20.67  20.96  19.73  20.93  20.31  20.27  21.01  20.67  20.22  21.12  20.86  19.97  20.82  20.02  20.68  21.01  20.79  20.17  20.44  21.00  19.85  20.09  19.53  21.01  20.40  20.67  19.23  20.65  20.68  18.05  20.51  20.65  21.42  21.13  21.66  20.13  20.58  20.10  20.78  19.86  20.14  20.76  20.44  20.79  20.88  20.22  20.69  20.82  21.38  21.58  21.00  20.27  20.40  19.77  19.95  19.80  20.41  

0
21.06  20.65  20.99  20.66  20.12  21.59  20.58  20.91  20.97  20.76  21.06  20.32  20.16  19.97  21.25  21.68  20.86  20.87  20.10  20.14  20.25  20.17  20.41  20.28  20.18  20.66  20.69  20.52  20.22  20.05  20.05  21.03  20.11  19.89  20.18  21.03  19.05  20.95  19.80  20.61  20.41  21.03  20.46  20.59  20.71  20.67  20.44  21.38  21.21  20.32  20.94  20.89  19.25  20.93  20.72  20.39  20.78  20.55  21.01  20.79  20.58  21.70  19.65  21.15  

0
20.47  20.82  21.94  21.67  20.15  20.34  21.51  20.94  20.10  21.34  20.86  21.39  20.06  21.56  20.42  20.75  20.20  21.66  20.13  20.51  20.38  19.98  20.02  20.21  20.10  20.27  20.71  20.66  20.82  21.96  21.61  21.52  20.42  20.93  21.17  21.06  19.40  20.76  20.58  20.74  21.58  20.73  21.22  20.73  20.50  20.44  21.02  20.79  20.65  20.48  20.44  20.92  19.28  20.26  20.29  20.30  21.15  21.51  20.31  20.44  20.74  20.72  21.46  21.90  

0
21.68  19.93  21.12  20.91  21.07  21.59  20.92  20.69  20.64  21.76  20.61  21.14  21.00  21.28  20.68  21.04  20.86  20.87  21.06  20.60  21.01  21.12  21.03  20.49  20.60  20.35  21.01  21.29  20.33  20.81  20.89  21.18  20.39  21.04  20.78  20.13  17.56  20.74  21.19  20.61  20.72  21.14  20.56  20.04  20.59  20.42  20.16  20.46  21.07  20.86  20.81  20.89  20.09  19.88  21.39  20.50  21.13  21.25  20.89  20.29  20.71  20.84  20.30  22.06  

0
22.15  19.94  20.74  20.31  20.85  20.91  19.91  20.70  20.87  21.44  21.07  21.15  20.53  20.38  20.70  20.57  20.87  22.03  20.71  21.08  21.24  20.92  21.55  20.50  20.41  21.50  20.81  20.97  19.52  21.07  21.04  20.73  20.83  20.41  20.55  21.50  18.90  20.64  20.88  21.34  21.26  20.83  20.47  20.05  21.08  20.81  18.90  20.32  21.23  20.47  20.17  20.04  19.68  20.94  20.39  20.96  20.44  21.26  20.90  20.80  21.39  20.85  20.31  21.35  

0
21.84  20.66  20.48  20.80  20.85  21.14  21.16  20.47  21.32  20.43  20.96  21.38  21.37  21.42  20.27  21.21  20.87  20.76  19.99  21.65  21.13  20.81  21.04  21.12  20.30  20.78  21.13  20.21  21.04  19.94  21.18  21.66  20.26  21.17  21.63  20.71  18.24  21.18  20.46  21.34  20.73  21.25  20.58  20.27  20.48  19.92  20.45  20.47  21.82  21.42  21.34  20.90  19.54  20.71  20.96  20.74  20.20  21.61  21.50  20.92  20.20  21.14  20.31  20.44  

0
20.62  20.95  20.87  20.92  20.73  20.91  21.27  21.94  21.21  21.55  21.29  21.15  20.17  21.68  21.26  22.01  21.55  21.78  20.47  20.96  21.34  21.44  20.53  21.12  21.56  21.19  21.67  21.08  20.23  21.45  21.73  22.88  20.98  19.77  20.91  21.05  20.04  20.86  20.67  21.34  21.36  21.25  21.00  22.57  20.60  20.81  20.31  20.63  21.67  21.69  20.82  21.15  19.68  20.83  21.18  21.19  21.14  21.49  21.85  21.65  20.73  21.72  21.29  22.96  

0
20.77  20.80  21.14  21.66  20.96  20.44  21.38  22.28  21.10  21.21  20.62  21.61  20.41  21.55  20.98  21.85  21.42  20.37  22.13  21.31  20.15  21.13  21.55  20.81  20.83  22.02  21.35  20.97  20.35  20.32  20.90  20.58  20.83  20.67  21.27  21.05  19.06  20.86  21.52  21.13  21.67  21.57  20.89  21.59  20.84  21.31  22.12  20.17  21.23  21.29  21.72  21.64  20.52  21.64  20.96  20.74  20.44  21.49  21.14  21.77  21.12  21.72  20.80  22.07  

0
22.13  20.79  21.91  21.40  20.95  22.40  21.26  21.37  20.64  21.42  20.72  21.37  20.52  21.28  20.97  21.04  21.00  21.38  20.82  21.18  20.90  22.16  21.23  20.80  20.81  21.49  20.80  19.86  20.33  21.18  21.44  21.49  20.82  20.91  20.78  21.37  18.39  21.38  21.40  21.22  20.83  22.09  21.51  21.69  21.42  21.42  21.14  20.15  22.54  21.00  20.55  20.77  20.09  21.28  21.06  21.40  20.43  21.60  21.37  21.64  21.24  21.27  21.60  20.42  

0
21.68  20.65  21.78  20.79  21.19  21.01  21.03  21.03  21.64  21.42  21.06  21.14  20.52  21.54  21.81  22.47  20.72  20.49  20.46  20.95  21.22  21.54  20.31  21.31  20.50  20.97  21.23  20.63  21.26  20.93  21.17  20.41  20.25  20.53  20.42  20.58  19.22  21.27  20.98  21.22  20.93  21.24  21.09  20.37  21.06  21.42  20.72  21.07  21.07  20.73  21.45  22.48  20.51  21.63  21.17  21.62  21.59  21.60  21.60  22.25  21.37  20.98  21.76  21.52  

0
21.06  21.08  20.33  20.66  20.72  21.48  21.26  21.03  21.64  21.65  21.50  20.90  21.48  21.80  21.11  20.72  20.59  21.13  21.06  20.95  20.79  20.80  21.03  21.21  20.50  21.80  21.01  21.29  20.57  21.56  21.72  22.41  20.68  20.78  21.14  20.92  18.72  21.27  21.08  21.22  20.93  20.28  20.99  20.70  21.06  21.30  20.86  21.83  20.77  21.14  21.58  21.75  20.23  19.77  21.39  21.29  21.01  21.71  21.49  21.76  20.98  21.27  21.60  21.88  

0
20.91  21.22  21.39  21.40  20.60  20.78  20.81  21.14  21.53  21.98  20.72  21.95  21.24  21.80  21.67  21.68  21.13  21.64  20.58  21.29  20.03  21.43  20.00  21.11  20.39  21.39  20.69  20.85  20.68  21.44  21.58  21.34  20.54  20.91  21.14  21.15  18.39  21.48  21.08  21.94  21.04  21.56  20.67  21.14  21.30  21.17  21.14  21.38  19.72  21.27  22.35  21.63  19.53  21.16  21.50  21.84  20.89  21.94  20.89  21.64  21.64  21.13  22.24  22.77  

0
21.24  21.10  20.62  21.18  20.86  20.92  20.95  21.05  20.77  21.78  21.53  20.81  20.18  20.52  20.71  21.86  20.61  21.54  21.20  21.09  20.71  21.77  21.36  20.52  21.05  21.00  21.14  21.42  20.48  20.58  21.47  21.06  20.99  20.68  20.69  21.06  18.09  21.08  21.43  21.56  20.54  20.62  20.80  21.39  20.62  21.20  20.74  20.18  20.05  20.21  21.87  21.04  19.84  20.38  21.08  21.53  20.80  20.34  21.87  20.81  20.47  22.02  21.46  20.27  

0
21.10  19.82  21.03  20.95  20.87  21.17  20.51  21.40  20.79  21.02  20.87  20.71  21.04  20.53  21.57  20.92  20.76  21.04  20.38  20.87  20.94  20.94  20.96  21.15  20.64  20.80  21.69  20.56  20.72  20.34  20.37  20.61  21.28  19.80  21.54  20.28  18.60  20.46  20.91  20.95  21.18  20.74  20.92  20.85  20.51  21.08  21.17  20.19  21.25  21.18  21.49  21.67  20.55  20.97  20.76  21.77  21.51  21.29  21.05  20.82  20.62  21.02  20.83  21.37  

0
21.98  20.50  20.99  20.79  20.95  21.48  20.35  20.57  21.31  19.86  20.15  20.55  20.16  20.63  21.53  20.24  20.45  20.75  20.70  20.49  20.90  21.33  20.62  21.21  21.55  21.28  20.58  19.86  21.03  20.81  20.61  19.95  21.25  20.78  20.18  21.15  19.54  20.20  20.55  20.40  21.35  21.46  20.25  20.70  20.83  20.67  20.44  20.31  21.51  21.68  20.81  21.38  19.95  20.82  20.61  21.06  20.78  21.13  20.29  21.52  20.98  21.85  20.14  20.42  

0
20.74  19.48  20.32  20.16  20.35  20.18  20.34  20.45  20.85  20.41  19.80  20.66  20.02  20.35  21.38  20.06  20.30  20.99  21.16  20.47  20.56  20.36  20.19  20.17  20.59  21.48  20.78  20.62  20.09  21.05  21.15  21.33  21.09  20.77  20.53  20.57  18.54  20.62  20.54  20.60  21.02  21.02  20.76  20.58  20.93  20.02  20.00  19.52  19.71  20.99  20.79  20.63  19.52  20.80  21.04  20.60  21.58  21.35  21.11  20.65  20.97  20.68  20.13  19.12  

0
20.31  19.65  20.74  20.68  20.25  20.44  20.82  21.04  20.65  20.54  20.62  20.57  19.32  21.03  19.84  20.57  19.78  21.52  19.87  20.03  20.37  21.02  20.83  21.22  19.98  20.57  19.50  20.32  20.23  19.94  20.62  21.20  20.12  20.54  20.19  20.37  17.41  20.86  20.57  21.03  21.46  20.93  20.47  20.16  20.01  21.18  19.89  20.78  21.96  20.60  20.69  20.66  19.26  20.71  20.73  19.83  20.44  20.80  20.30  19.93  20.86  21.43  20.31  21.17  

0
21.68  20.36  20.99  21.52  19.76  21.01  20.35  21.37  21.42  20.76  20.38  20.20  19.43  20.76  20.40  21.20  21.00  21.13  20.46  20.95  20.58  20.69  20.51  20.90  20.08  20.35  20.80  19.97  20.57  20.68  21.72  21.65  20.96  19.76  20.66  20.58  18.56  20.95  20.55  20.51  20.09  20.81  20.25  19.93  21.18  20.29  20.44  21.07  22.24  20.59  21.20  20.89  19.53  20.47  20.49  20.84  21.36  20.55  20.53  21.15  20.45  21.70  21.28  20.79  

0
20.45  20.36  20.46  21.52  21.07  21.13  20.69  21.03  20.97  19.86  20.72  21.25  19.67  21.41  21.67  20.88  20.72  20.49  20.34  20.60  20.25  20.91  20.82  19.66  20.92  20.35  21.12  20.30  19.86  20.30  21.03  20.41  21.10  20.53  19.94  20.69  18.23  21.06  20.98  20.61  20.83  20.28  20.46  19.81  20.95  20.54  20.44  20.15  20.77  20.73  20.81  20.52  20.09  20.82  20.83  20.27  20.43  21.02  20.77  21.40  20.32  20.69  20.79  20.61  

0
20.18  20.11  20.77  20.45  20.04  20.93  20.62  20.04  20.34  20.79  20.76  20.82  20.19  21.32  21.00  21.40  20.21  20.27  20.26  20.52  20.61  21.57  20.55  20.84  20.64  21.32  20.29  20.34  20.37  20.85  21.89  21.53  21.00  21.33  20.70  20.05  19.42  20.35  21.12  20.85  19.92  20.53  21.55  20.41  21.45  21.21  20.62  20.80  20.21  20.49  21.23  21.05  19.71  20.51  20.76  21.55  21.28  20.47  20.69  20.45  20.88  20.88  20.83  20.83  

0
20.78  19.96  20.09  20.44  20.74  20.45  21.17  21.05  20.10  20.22  20.52  20.70  20.18  20.91  20.00  20.75  20.06  20.77  19.52  21.09  21.36  21.25  20.74  20.41  19.89  21.10  19.95  20.22  20.12  20.46  21.05  20.75  20.56  20.17  20.45  21.62  17.09  21.51  20.26  20.43  21.27  20.52  20.38  20.51  20.62  20.19  20.74  20.18  19.75  20.07  21.09  20.79  19.56  21.07  21.08  20.75  21.15  20.46  21.15  21.30  20.74  20.14  20.33  20.08  

0
21.09  20.96  20.49  20.32  20.50  20.69  20.38  20.83  20.44  20.45  20.97  19.40  19.58  19.46  20.71  19.78  21.02  20.26  20.25  20.86  20.49  20.72  20.54  20.72  19.79  21.00  20.06  20.33  19.89  20.83  20.36  20.59  19.71  19.40  20.93  20.61  18.25  20.76  21.00  21.35  21.06  20.95  20.80  20.62  20.38  21.20  19.76  20.02  20.35  20.48  19.52  20.79  20.39  20.73  20.52  20.18  21.04  21.04  20.55  21.18  19.68  21.15  19.67  21.18  

0
20.63  20.82  20.89  20.69  20.74  20.45  21.06  21.28  21.33  20.89  20.97  20.93  20.79  20.65  20.71  20.75  20.06  21.66  20.37  20.51  20.60  20.40  21.05  20.31  20.52  21.51  20.71  20.77  19.42  20.33  19.94  20.90  19.99  21.19  20.45  20.95  19.24  20.34  20.58  20.63  20.96  21.05  20.27  20.84  20.97  20.19  19.19  19.72  20.65  20.48  21.61  21.41  19.56  20.49  20.07  20.97  20.33  21.39  21.75  21.30  20.08  21.01  20.16  20.63  

0
20.01  19.96  19.56  20.07  19.67  20.92  19.92  20.37  20.44  19.88  20.63  20.81  20.54  19.86  19.86  20.59  19.93  20.77  20.37  20.05  20.71  21.25  20.95  20.00  20.94  20.69  19.85  19.78  20.36  19.70  20.22  19.82  20.56  21.44  20.81  21.28  18.42  20.98  20.47  20.74  20.75  20.84  20.80  20.39  20.85  21.07  20.18  19.56  20.94  21.03  20.31  20.30  19.70  21.19  21.19  20.52  21.04  21.51  20.79  20.44  20.47  20.14  20.00  19.72  

0
21.38  20.09  20.87  20.68  20.13  21.02  21.05  20.70  21.43  20.21  20.39  20.45  19.81  20.64  20.70  21.85  19.64  21.01  20.71  20.73  20.37  20.92  20.11  20.81  20.72  20.88  20.59  20.53  19.76  21.07  20.90  21.81  20.98  19.13  20.07  20.37  18.74  21.50  19.92  20.93  20.63  20.83  21.00  19.49  20.96  20.43  20.17  20.63  20.19  21.56  21.34  20.78  19.26  21.06  20.62  20.62  21.37  21.03  21.26  21.16  20.86  21.28  19.33  21.71  

0
20.64  20.69  20.24  20.82  20.04  20.35  20.85  21.06  21.46  20.68  20.76  20.71  20.07  21.19  21.57  22.04  21.31  20.40  19.90  20.76  20.83  20.94  20.86  20.11  20.33  21.94  19.97  20.45  20.84  20.85  21.34  20.61  19.43  20.06  21.30  20.96  17.60  20.88  20.70  21.06  22.01  21.28  21.13  20.41  20.63  21.21  21.17  20.80  21.55  20.77  20.71  21.18  19.57  20.85  21.54  20.99  21.28  21.17  20.93  20.82  20.75  19.71  22.12  21.01  

0
20.50  19.55  21.18  21.45  20.17  20.60  19.95  20.85  21.02  20.81  19.86  20.49  21.65  20.28  20.88  20.13  20.23  21.18  21.23  21.46  21.49  21.48  20.77  20.54  20.65  21.44  20.41  20.46  20.85  20.73  21.49  21.70  21.30  20.20  21.07  20.97  18.11  21.00  20.82  21.17  20.46  20.11  20.30  20.53  20.76  21.47  20.49  21.12  20.52  20.92  21.25  20.82  20.00  20.87  20.54  20.55  20.71  20.83  21.65  21.08  20.76  21.47  20.84  21.57  

0
20.29  20.07  20.60  20.17  20.12  20.54  20.35  20.12  20.97  20.20  20.27  21.14  20.76  20.23  19.40  21.68  19.76  20.36  19.98  20.60  20.68  21.33  20.41  20.18  20.50  20.97  20.90  20.74  20.45  20.93  20.33  21.80  20.68  20.02  21.38  21.15  18.39  21.27  20.66  21.02  20.93  21.46  20.56  20.48  20.47  20.54  20.30  21.07  19.42  21.27  20.28  21.14  19.25  20.58  20.38  20.95  21.24  21.48  20.41  21.40  20.71  20.98  20.14  22.06  

0
20.64  19.68  20.37  20.08  20.75  21.05  20.05  20.72  20.79  20.79  20.64  21.64  18.85  20.14  20.58  20.60  20.49  20.53  21.33  20.29  20.61  21.26  20.86  20.63  20.96  21.22  21.05  20.34  20.25  20.34  20.23  20.45  19.72  21.07  21.18  20.85  17.77  20.88  20.27  21.16  20.13  20.21  21.45  21.29  20.98  21.08  20.47  21.11  20.36  20.90  21.36  20.56  19.29  20.39  20.31  21.55  20.58  20.94  21.28  20.70  21.41  20.88  19.69  21.19  

0
20.00  20.80  20.61  20.18  20.49  20.91  19.91  21.04  20.76  20.32  19.83  21.15  20.65  21.03  20.70  19.60  20.19  20.37  20.95  20.27  20.48  20.71  20.94  20.50  20.72  20.88  21.02  20.75  20.46  19.81  21.46  20.42  20.69  20.79  20.07  21.27  18.90  20.75  20.78  20.42  20.94  20.50  20.26  20.71  20.13  20.17  20.73  21.69  21.67  21.01  21.21  21.64  20.52  20.48  20.84  19.94  20.91  21.14  20.78  21.29  19.66  19.69  20.15  20.44  

0
21.08  20.09  20.87  20.55  20.01  20.32  20.71  20.24  20.65  19.87  20.73  20.57  19.44  20.24  21.40  20.73  20.46  20.89  20.11  20.38  20.26  19.96  21.14  21.02  20.93  20.88  19.83  20.21  20.11  20.32  19.92  19.65  20.41  20.92  21.03  20.59  19.39  21.07  20.57  20.52  21.36  20.72  20.79  20.82  21.08  20.93  18.90  21.08  21.37  21.42  21.08  20.41  19.54  20.01  21.29  21.74  21.60  20.68  20.54  20.67  20.86  20.71  19.99  21.71  

0
21.70  19.67  20.75  20.57  20.98  20.92  20.27  20.71  20.44  20.89  20.63  20.58  20.06  20.65  19.43  20.59  19.65  19.74  20.13  19.58  21.25  20.61  20.33  20.21  20.21  20.38  20.28  20.11  20.24  20.46  20.08  19.97  21.55  20.30  19.84  20.72  20.06  20.87  20.47  20.74  20.43  20.95  20.91  20.06  20.02  19.17  20.18  19.87  19.75  21.03  20.57  21.04  19.56  20.96  20.29  20.75  21.04  20.81  19.83  20.56  19.94  20.28  18.85  19.53  

0
19.85  20.82  20.75  19.82  20.03  20.45  20.27  20.48  19.65  20.22  20.97  19.87  20.42  19.99  20.42  21.39  19.79  21.79  19.52  20.74  19.62  20.93  20.23  20.52  20.63  21.00  20.28  20.44  20.59  20.33  19.94  21.36  20.42  19.66  20.45  21.06  17.76  21.08  21.43  21.45  20.64  20.73  20.91  20.39  20.38  20.06  19.76  21.40  20.80  21.16  20.70  20.42  18.86  21.19  21.31  20.97  21.15  21.51  20.91  21.06  20.08  20.57  20.82  20.81  

0
20.19  20.84  19.58  20.22  20.17  21.06  20.18  20.28  20.01  20.47  20.21  21.07  20.45  19.89  20.59  19.97  20.09  20.28  20.27  20.65  21.06  21.17  20.67  20.54  20.65  20.09  20.52  20.35  20.38  22.23  21.08  21.54  20.30  20.07  20.23  21.20  18.45  20.25  21.03  21.48  20.98  20.86  20.61  20.75  21.00  20.59  21.60  20.51  19.93  20.23  20.86  20.57  20.42  20.40  21.33  20.21  20.59  21.53  20.70  20.84  20.50  21.75  21.00  21.20  

0
20.29  19.93  20.46  20.54  20.48  20.19  20.35  21.14  20.86  20.31  20.15  20.32  19.31  20.76  21.53  20.72  19.07  21.00  21.06  20.60  21.01  20.91  19.89  20.39  20.08  21.08  20.15  20.63  20.68  20.56  20.33  20.57  19.68  21.04  19.70  20.92  18.39  20.20  20.55  20.81  21.14  20.92  20.14  20.92  20.12  20.29  21.00  19.84  20.32  20.18  20.15  19.90  20.09  20.82  20.61  20.95  21.13  20.90  21.01  19.55  20.32  20.98  20.79  20.79  

0
20.14  20.22  20.73  19.67  20.60  21.59  21.15  20.46  21.08  21.09  20.04  20.44  20.52  20.36  21.25  21.04  20.18  20.49  19.98  20.02  20.90  21.01  20.72  20.08  20.60  20.45  21.01  20.41  20.80  20.56  21.17  19.79  20.25  19.76  20.06  20.35  18.06  20.74  20.55  21.02  20.72  20.71  20.78  20.37  20.12  20.03  18.74  19.38  20.92  20.45  21.07  20.52  19.39  20.23  20.04  20.95  21.24  21.13  20.29  21.27  20.98  20.69  20.95  20.97  

0
20.60  19.50  20.60  19.92  19.40  20.78  20.35  20.34  20.86  19.52  20.38  21.02  19.67  20.10  20.40  20.56  20.04  19.85  19.74  19.67  20.90  20.38  20.51  20.18  20.18  20.45  20.15  20.30  20.92  20.05  20.47  20.88  20.25  20.40  20.42  20.92  18.56  20.10  21.19  19.89  20.83  20.06  21.20  19.93  20.23  20.29  21.41  19.54  19.72  20.73  20.94  20.27  18.83  20.23  20.04  20.50  21.13  20.67  20.89  20.79  20.32  19.53  19.81  21.88  

0
21.12  20.41  19.98  19.85  20.17  20.71  20.29  21.08  20.46  20.36  20.43  20.25  20.33  20.55  20.88  20.93  20.09  20.41  19.55  20.07  20.73  20.11  20.77  20.23  19.49  20.82  21.28  20.13  20.27  20.73  21.22  21.54  20.30  20.07  19.87  19.95  17.95  20.68  21.45  20.35  20.77  20.33  19.87  20.53  19.81  20.72  20.63  18.81  20.82  20.23  20.60  21.19  19.72  20.52  20.99  19.98  20.71  21.41  19.98  21.08  20.50  21.18  21.65  19.74  

0
19.73  20.13  20.91  20.59  19.69  20.36  20.63  20.05  20.57  20.47  20.21  19.78  20.09  20.02  21.02  20.61  19.81  20.16  20.39  20.77  20.19  20.00  20.46  20.75  20.65  20.82  21.38  20.57  19.80  20.61  19.96  20.15  20.87  19.43  20.11  21.20  19.10  21.11  20.92  20.86  20.46  20.86  19.98  20.75  19.93  19.83  20.07  20.20  20.97  20.23  21.25  21.07  19.16  20.52  20.66  20.66  21.41  20.95  19.61  20.34  20.63  20.02  19.20  18.63  

0
19.88  20.84  20.38  20.34  20.77  20.01  20.29  20.40  20.35  20.02  19.64  20.60  20.45  20.94  21.02  20.13  20.64  19.90  20.03  20.77  20.19  20.75  20.46  20.33  20.02  20.82  20.31  19.91  20.38  20.35  20.52  21.08  19.87  19.94  19.87  20.29  17.45  20.15  19.96  20.66  20.56  20.43  19.44  19.75  20.76  19.70  21.05  19.74  20.52  20.51  19.81  20.08  18.88  20.52  20.32  21.22  20.83  19.54  20.46  20.34  20.37  20.16  20.03  20.84  

0
20.19  19.69  20.52  20.10  19.93  21.18  20.06  20.74  20.57  20.69  20.88  19.66  20.93  20.68  21.72  21.25  19.68  20.54  20.39  21.23  19.97  20.96  20.56  21.16  20.02  21.44  20.95  20.90  19.80  20.23  20.38  21.24  19.73  20.07  20.71  20.06  18.45  20.25  19.96  20.56  20.14  20.97  20.93  19.87  21.00  20.34  19.50  20.36  20.08  20.37  20.47  20.70  19.44  19.82  20.77  19.98  20.83  21.53  21.30  21.33  19.97  20.89  21.00  20.11  

0
20.18  20.11  20.37  19.96  19.80  20.11  20.16  20.38  20.56  20.79  20.31  20.36  21.88  21.71  21.43  20.12  19.53  20.66  19.66  20.06  20.29  21.15  20.76  20.94  20.12  21.22  20.83  19.90  21.88  20.47  21.07  20.14  20.43  21.20  21.06  20.39  17.94  21.10  20.70  20.85  20.65  20.64  21.55  20.30  19.44  20.07  20.47  21.26  21.55  19.94  20.58  20.19  19.57  21.32  20.87  20.54  19.88  21.29  20.32  20.08  21.02  21.45  20.50  20.28  

0
20.64  20.11  20.90  19.71  19.92  20.58  20.39  20.50  21.12  20.57  20.19  20.71  20.19  20.79  21.15  21.24  21.03  20.91  21.09  21.10  20.94  20.94  20.35  20.63  20.33  20.80  20.83  20.56  20.49  20.34  20.65  21.38  19.14  20.18  20.34  20.73  18.27  20.88  20.59  20.65  20.44  20.31  20.07  20.52  20.51  20.71  19.77  20.65  20.06  20.36  20.84  20.56  19.43  19.57  20.87  20.99  21.16  20.70  20.81  21.68  20.88  20.59  19.19  21.19  

0
21.37  19.21  19.26  20.29  19.76  20.19  20.69  20.69  20.86  20.42  20.38  20.55  20.40  19.84  20.40  20.24  19.07  21.26  19.74  20.49  20.47  20.59  20.20  20.28  21.02  20.25  20.36  19.53  21.03  20.30  19.91  21.34  19.54  20.40  20.78  20.13  19.05  20.95  21.08  21.02  20.30  20.92  20.35  20.37  20.71  20.92  19.73  20.77  18.97  20.73  20.55  20.27  19.53  21.28  20.72  20.39  21.13  20.43  20.65  21.03  20.98  21.13  19.98  21.70  

0
19.84  19.65  20.34  20.43  19.29  20.56  20.14  20.70  20.76  20.77  19.37  21.26  19.81  21.29  20.55  20.41  19.91  19.99  20.83  20.15  20.37  20.18  20.22  20.09  20.41  20.88  21.02  20.53  20.58  20.19  20.06  20.73  19.98  21.05  20.19  20.82  19.06  20.64  20.03  20.83  20.73  20.83  20.89  20.71  20.60  20.43  19.46  19.70  20.34  20.60  20.30  20.41  20.10  19.43  20.17  20.96  20.56  21.03  21.26  20.80  20.73  19.54  20.31  21.17  

0
19.67  19.93  20.33  20.29  20.00  21.48  19.90  20.00  21.08  20.31  20.27  20.32  19.67  19.57  20.68  20.72  19.90  20.36  20.46  20.25  20.14  21.01  20.41  20.59  19.97  20.97  20.36  19.42  19.98  20.30  19.21  19.63  19.97  19.76  21.14  20.58  18.72  20.63  21.30  20.81  19.99  20.71  19.93  20.15  20.23  19.40  20.58  20.15  19.72  19.91  20.15  20.02  18.55  20.12  20.27  20.72  21.13  20.90  20.29  20.42  19.78  20.55  20.47  20.42  

0
20.45  19.78  20.60  20.54  20.36  20.19  19.33  19.89  19.62  20.76  20.27  19.73  20.76  19.31  20.82  19.43  20.45  20.23  19.98  20.25  20.47  19.95  20.00  20.18  20.39  20.35  19.93  20.30  20.10  20.56  20.19  20.26  19.54  20.53  19.82  20.92  18.56  21.17  20.02  20.30  20.20  20.28  20.56  20.59  20.12  19.91  20.02  19.54  19.42  19.91  20.41  20.65  19.53  20.93  20.27  20.27  20.31  20.20  20.29  20.42  20.18  20.11  18.66  19.51  

0
20.66  21.41  20.78  21.45  19.81  20.13  19.72  20.40  20.80  19.57  19.75  20.02  19.72  20.15  20.31  20.13  20.91  20.41  20.03  20.42  20.52  20.75  20.36  20.75  19.81  20.19  19.65  20.46  20.15  19.59  19.96  20.62  20.45  20.07  20.35  20.97  18.94  20.47  21.35  21.07  20.35  20.54  20.61  20.42  19.81  20.34  19.78  20.82  19.93  20.10  20.73  21.07  19.72  20.40  20.77  20.66  20.48  20.48  20.70  20.22  20.10  21.03  20.68  21.75  

0
19.70  19.67  19.56  21.30  20.74  19.98  19.12  20.71  20.21  19.88  20.07  20.46  19.09  20.78  21.55  20.91  19.79  19.87  20.13  20.16  20.28  20.83  20.33  20.41  20.42  20.79  20.82  20.22  20.82  19.44  20.36  21.82  20.56  20.43  20.21  19.12  17.92  20.55  20.47  20.22  20.64  19.87  20.27  20.28  20.50  20.44  20.18  20.33  19.60  20.89  20.57  21.16  19.28  20.49  20.41  20.18  20.33  21.04  21.63  20.32  20.21  20.72  20.49  20.45  

0
20.78  19.81  20.22  20.81  20.03  20.92  20.15  21.16  19.99  20.00  20.41  21.28  21.03  21.04  21.84  21.07  19.24  21.16  19.76  20.51  21.14  21.04  20.23  20.93  20.42  20.17  20.50  20.22  20.36  20.08  20.91  21.21  19.56  19.91  20.09  20.61  17.26  21.62  21.00  20.74  20.33  20.62  20.59  21.17  20.50  20.44  20.60  20.02  20.20  19.93  20.57  20.79  18.86  20.61  20.74  20.97  20.80  21.27  21.51  21.54  20.61  21.01  20.16  19.72  

0
20.15  20.80  19.94  19.81  20.13  20.09  20.25  20.59  20.65  20.10  20.96  19.74  20.41  21.29  21.40  20.89  20.05  21.14  19.27  20.50  20.80  20.07  20.53  20.91  20.62  21.09  20.59  21.30  20.35  20.69  20.06  20.58  20.69  20.54  20.31  20.82  19.23  20.96  20.78  20.31  20.73  21.04  20.36  20.49  21.55  20.93  19.89  21.08  19.59  19.92  20.82  20.29  19.96  20.01  20.51  20.85  20.32  21.14  20.90  21.29  19.80  20.12  20.48  20.98  

0
20.76  19.93  20.99  21.03  20.24  20.31  20.47  21.14  20.41  20.31  20.27  19.85  20.64  20.76  20.82  20.88  21.13  21.13  20.46  20.72  19.81  21.01  19.27  20.90  20.92  20.87  20.15  19.97  20.57  20.18  20.61  20.57  20.11  20.02  20.18  20.24  18.72  20.63  20.66  21.22  20.93  20.17  20.88  20.59  21.53  20.03  19.31  20.31  20.77  20.45  20.94  20.65  19.11  20.47  20.15  20.84  21.01  21.60  21.01  19.80  20.05  20.69  20.30  20.79  

0
20.31  18.93  20.34  19.93  20.96  20.67  20.59  20.47  20.20  20.21  20.73  20.57  20.89  20.24  20.41  20.25  19.36  19.86  19.99  20.61  20.70  19.96  20.53  20.19  19.88  20.57  20.16  20.09  19.29  20.19  21.18  21.04  20.12  20.16  20.79  20.14  18.24  20.11  20.88  20.62  20.52  20.40  21.21  20.16  20.13  20.81  19.89  19.70  20.04  20.88  20.95  20.78  18.70  20.13  20.28  20.51  21.14  20.44  20.42  20.30  20.33  20.56  19.99  20.62  

0
21.26  19.97  20.50  19.71  20.52  20.70  20.05  20.72  20.67  20.23  20.53  20.59  20.68  20.66  19.73  21.40  20.35  19.50  20.38  20.18  20.40  20.63  20.14  20.42  20.33  20.08  21.26  19.79  20.49  20.22  20.23  20.61  20.72  20.44  20.22  20.39  18.43  20.13  20.59  20.54  20.76  19.77  20.60  19.85  21.22  19.82  19.35  20.65  21.10  18.98  20.71  20.31  18.59  20.74  20.76  20.87  20.23  21.05  20.57  20.58  19.96  20.88  19.36  20.28  

0
20.81  19.98  19.18  19.72  19.57  20.01  20.29  20.85  20.24  20.47  20.99  19.55  19.97  19.22  20.17  19.80  20.91  20.28  20.51  20.19  20.08  20.64  20.15  19.92  20.23  20.61  20.63  20.13  19.33  19.08  18.97  20.93  21.16  20.20  19.99  20.40  17.12  20.36  19.86  20.25  20.88  20.86  20.40  19.42  20.52  20.21  19.64  18.50  20.67  19.96  20.47  20.57  18.88  20.87  20.32  20.21  20.83  21.07  20.46  19.72  19.97  20.02  18.87  19.93  

0
20.81  19.55  20.78  20.34  20.41  21.30  20.18  20.74  20.69  20.69  20.32  20.49  20.93  20.15  21.58  20.93  20.36  19.77  19.31  20.42  20.41  19.47  19.53  20.02  20.55  20.19  20.63  19.91  20.38  19.85  20.24  20.31  21.01  19.81  19.99  19.61  17.78  21.00  20.82  20.56  20.77  20.76  20.40  20.75  20.05  20.34  20.21  20.36  19.93  20.51  20.47  20.70  18.03  19.82  20.66  20.77  20.24  21.41  19.85  20.59  20.10  20.45  20.35  22.47  

0
20.31  19.94  19.68  20.80  20.37  19.97  19.68  20.81  21.21  20.66  20.62  20.92  21.01  21.16  21.54  21.21  19.91  20.37  20.23  20.85  20.80  20.60  20.11  20.91  20.09  21.30  20.92  20.86  20.11  20.95  20.90  20.27  20.55  19.90  20.19  20.37  19.06  20.43  20.46  21.13  20.73  20.40  20.79  20.71  20.84  20.55  21.29  20.47  20.04  21.15  21.08  21.64  19.12  20.01  20.73  19.83  21.14  20.91  20.66  21.16  20.06  20.85  19.82  21.71  

0
20.36  20.86  20.53  20.11  19.70  20.96  19.85  20.18  20.25  20.26  20.56  21.20  19.86  20.43  20.46  20.79  20.10  19.78  20.04  20.43  20.42  20.33  20.99  20.45  20.35  20.73  20.10  19.82  20.51  21.12  19.97  19.70  20.46  21.35  20.61  20.64  18.95  20.48  20.40  20.47  21.10  20.88  20.63  20.65  19.94  20.10  20.08  20.52  20.98  20.38  20.87  20.58  19.32  20.65  20.33  21.01  20.49  20.61  20.11  20.72  20.11  19.88  20.20  20.85  

0
20.33  19.68  20.24  19.83  20.40  21.05  20.28  21.18  20.11  20.91  20.76  20.71  20.19  20.66  19.44  19.79  19.94  19.62  20.38  20.29  20.40  19.99  20.65  20.01  19.59  21.11  19.97  20.23  20.25  20.09  20.65  21.53  20.43  19.67  19.61  21.07  18.60  20.78  21.33  21.06  20.34  20.53  21.13  20.30  20.15  20.58  20.89  20.96  19.76  19.94  20.97  21.05  19.29  20.16  20.53  20.65  21.05  20.94  20.69  20.33  20.62  20.59  18.86  19.73  
