
0
21.72  22.14  22.79  22.50  22.27  22.89  22.31  22.64  22.79  22.46  22.55  23.23  22.21  23.06  21.89  22.02   
20.54  22.14  22.14  23.38  22.68  22.96  22.84  22.31  22.34  23.40  22.88  22.32  22.79  22.67  22.89  22.60   
21.89  21.41  22.11  23.09  21.66  23.13  23.46  23.73  22.76  23.10  23.24  22.72  23.06  23.03  22.72  22.02   
22.16  21.91  23.48  23.57  22.51  23.03  22.77  23.11  23.56  23.80  23.27  22.61  22.90  23.33  23.20  23.26   


0
22.32  20.71  22.26  23.69  23.42  24.36  22.30  23.51  23.11  22.56  22.76  22.99  22.31  22.79  22.71  22.80   
21.08  21.74  21.90  22.91  23.93  25.39  23.22  22.90  22.23  23.89  23.19  23.05  22.32  22.53  23.15  22.59   
22.02  21.65  21.74  22.96  21.64  25.79  25.59  24.41  23.06  23.19  22.82  22.92  23.28  23.26  22.57  23.36   
21.71  21.76  22.71  23.08  21.95  24.03  26.01  26.13  24.57  23.90  23.49  22.84  23.02  23.03  23.67  23.60   


0
22.19  21.02  21.77  23.36  24.48  27.05  24.20  23.21  23.02  23.35  22.78  23.25  21.98  23.07  23.43  23.45   
21.65  22.28  22.16  23.17  22.79  24.61  27.66  23.73  22.77  23.21  23.63  23.19  22.68  22.80  23.04  22.76   
22.32  21.67  22.12  23.65  21.67  23.45  27.22  27.74  23.59  23.53  22.84  22.73  23.08  22.92  22.87  23.68   
22.32  22.33  22.86  23.22  21.84  22.81  24.31  28.37  26.59  23.81  23.28  22.98  23.69  23.20  23.53  24.33   


0
21.92  21.90  22.57  22.42  23.00  24.86  28.08  25.42  23.16  22.39  22.81  23.16  22.36  23.22  23.04  22.70   
21.54  21.92  22.18  23.19  23.24  23.41  26.43  26.22  23.92  23.13  23.03  23.96  23.17  23.32  23.61  22.33   
21.93  22.95  23.21  24.00  23.75  23.58  25.13  28.05  26.62  23.97  23.49  23.08  22.75  23.56  23.17  23.86   
22.05  23.16  25.03  26.10  24.83  24.42  25.20  28.18  28.47  26.18  23.31  23.01  23.07  23.65  23.56  24.53   


0
22.69  24.84  26.78  26.93  26.55  24.98  26.82  29.16  27.76  24.25  23.15  22.94  22.49  23.75  23.74  23.96   
22.36  25.17  26.00  27.40  26.06  26.45  26.15  28.54  28.21  26.63  23.14  23.44  22.95  23.70  24.43  23.10   
22.22  23.95  25.65  27.14  26.84  27.16  27.95  29.39  28.59  28.16  23.60  22.98  23.81  23.69  23.46  22.68   
22.07  23.30  25.54  27.16  27.59  27.51  28.19  28.30  28.69  27.40  24.02  23.98  23.08  23.80  23.10  24.19   


0
21.71  21.71  23.68  27.33  26.38  28.12  26.66  27.94  28.02  25.37  22.87  22.31  23.02  23.17  23.26  22.64   
21.35  22.12  23.77  27.78  28.04  29.05  27.92  27.72  26.78  24.59  22.98  22.52  22.77  22.53  23.96  22.59   
22.02  21.90  23.63  27.72  29.33  28.69  27.99  26.85  25.18  23.61  23.54  23.24  23.05  23.14  22.85  23.51   
22.00  22.84  24.73  26.98  26.23  26.14  25.05  24.40  23.89  23.90  23.26  23.80  23.15  23.46  23.35  23.07   


0
21.60  23.57  26.75  27.60  27.42  27.28  26.59  26.27  24.77  22.49  22.79  23.26  22.82  22.96  23.16  23.31   
20.98  21.91  24.61  25.85  25.42  24.92  23.96  23.04  22.16  23.12  23.12  22.88  23.27  22.45  23.87  23.38   
21.91  21.43  22.25  24.32  22.79  22.94  23.38  23.45  23.20  23.75  22.65  22.85  23.44  23.18  23.29  23.25   
22.19  21.94  23.38  23.60  22.40  23.39  23.01  22.91  23.13  23.37  23.29  23.12  23.32  22.93  23.07  23.46   


0
22.35  21.31  22.81  24.19  22.40  23.36  23.21  22.32  22.80  22.15  22.67  22.10  22.34  23.07  22.46  22.20   
21.38  22.15  21.92  23.17  22.90  22.97  22.95  22.83  22.77  23.21  23.11  22.33  23.03  23.17  23.99  23.37   
22.46  21.04  22.12  23.21  22.46  23.14  23.26  23.54  22.67  23.64  23.36  23.48  22.85  23.29  23.15  23.39   
21.59  21.92  23.50  23.46  22.25  23.15  22.34  22.90  23.80  23.35  23.16  23.58  23.56  23.20  23.69  23.63   


0
22.35  21.59  22.55  22.27  22.86  22.56  22.54  23.10  22.69  22.48  22.78  22.79  22.81  23.20  22.87  22.98   
21.10  21.90  22.04  23.17  22.90  23.49  22.55  22.42  22.97  23.51  22.79  23.08  23.14  23.05  23.72  22.61   
21.76  21.55  22.60  22.88  21.99  22.93  22.74  23.14  23.39  23.01  23.05  23.16  23.77  23.04  22.74  23.24   
22.03  21.92  24.00  23.58  21.84  23.27  23.22  22.79  23.80  23.58  23.40  23.58  22.53  23.48  23.85  23.45   


0
22.17  21.42  22.39  23.33  22.72  22.65  22.52  22.96  22.45  22.67  22.54  23.22  22.79  22.79  23.12  23.27   
21.21  21.87  21.90  23.37  22.24  22.74  23.02  22.50  22.23  22.98  22.55  22.95  23.23  23.15  23.56  23.19   
22.02  21.65  21.98  22.85  21.48  22.70  22.92  22.91  23.36  23.40  23.23  22.81  23.51  22.77  23.39  22.61   
21.26  22.17  23.34  23.20  22.77  23.01  23.31  23.53  23.55  23.67  23.49  23.80  23.41  23.60  23.03  24.13   


0
22.03  21.44  22.01  23.22  22.73  23.00  22.31  22.86  22.90  22.68  22.66  23.23  22.21  22.80  22.86  22.66   
21.36  22.01  21.79  22.70  22.78  23.27  22.43  22.81  22.24  23.30  23.31  23.17  23.01  22.30  23.03  23.05   
21.75  22.04  22.11  22.86  21.66  22.92  23.04  23.13  23.27  23.10  22.52  22.61  23.06  23.52  23.00  23.67   
21.42  22.58  22.97  23.57  22.38  22.91  23.21  23.32  23.56  23.80  23.03  23.33  23.16  23.47  22.73  23.44   


0
20.82  20.88  22.29  23.24  22.51  23.13  22.77  22.88  22.58  23.57  23.00  23.02  22.22  23.33  23.15  23.14   
21.65  21.13  20.97  23.05  22.69  23.18  22.34  22.83  22.56  23.41  22.79  23.29  23.14  23.54  23.31  23.22   
21.62  21.67  22.83  22.88  22.62  23.35  23.16  23.24  23.18  23.74  22.95  22.73  22.85  22.67  23.69  23.09   
22.17  22.60  23.24  22.62  22.39  23.04  23.77  22.46  23.12  23.24  23.28  23.10  23.05  22.77  23.69  23.45   


0
21.72  21.44  22.66  22.98  22.27  22.78  22.53  23.31  22.79  22.35  22.66  23.01  22.68  22.80  22.86  23.13   
20.82  21.12  22.50  22.70  22.04  23.57  22.23  22.31  22.24  23.10  23.31  22.64  23.13  22.91  22.89  23.05   
21.75  22.04  21.99  22.75  21.82  22.81  23.04  23.03  23.48  23.31  23.24  22.72  23.30  23.03  22.59  22.93   
21.28  22.58  23.23  23.57  22.38  23.37  22.99  22.88  23.68  23.91  23.15  22.85  23.16  23.04  23.36  23.08   


0
21.75  21.46  22.17  22.77  22.41  22.80  22.56  23.22  22.82  23.15  22.68  23.03  21.99  23.21  22.19  22.84   
20.98  21.78  21.93  23.29  22.91  23.09  22.26  22.43  22.26  23.02  22.17  23.09  23.04  23.06  23.87  22.78   
21.21  21.93  22.84  23.55  21.36  22.94  23.07  23.15  22.79  23.23  23.06  23.07  22.74  23.42  22.89  23.55   
21.16  22.47  23.00  22.99  22.54  22.94  23.01  23.24  23.59  22.80  23.18  23.00  23.32  23.21  22.91  23.46   


0
22.18  21.01  22.66  22.86  22.15  23.46  22.20  22.64  22.90  22.24  22.55  22.78  22.21  23.19  22.72  22.18   
20.68  21.76  22.03  22.81  22.99  23.47  22.84  22.71  22.76  23.50  22.88  23.07  23.01  22.91  22.89  23.20   
21.33  22.29  21.87  23.09  21.66  23.23  22.52  23.13  23.27  22.68  23.24  22.39  22.60  22.78  23.00  23.67   
21.57  22.58  23.86  23.57  21.97  23.14  22.33  23.32  23.79  23.68  22.80  22.73  22.65  23.04  24.31  23.61   


0
21.88  21.44  22.15  22.14  22.03  23.57  22.42  23.08  22.79  22.57  22.77  22.43  22.44  23.31  22.86  22.97   
20.95  21.76  21.91  22.59  22.78  23.37  22.73  22.81  22.34  23.20  22.67  22.96  22.21  22.79  23.71  22.60   
21.18  21.28  21.75  22.75  21.66  23.85  22.83  23.23  22.56  23.31  23.14  22.50  23.18  23.03  22.45  22.93   
21.72  21.64  23.10  23.21  21.97  22.80  22.99  23.00  22.88  23.46  23.27  22.61  22.65  23.19  23.52  23.44   


0
21.39  21.13  22.77  22.96  22.36  22.18  22.28  23.28  22.44  22.33  22.41  22.75  22.42  22.91  22.84  22.32   
21.20  21.35  21.77  23.35  22.65  23.04  22.21  22.08  22.63  23.88  22.75  22.61  23.56  23.01  22.73  23.48   
21.72  21.38  21.73  23.17  21.79  23.10  22.91  23.30  22.84  22.87  23.22  22.91  23.27  23.37  22.70  22.60   
21.40  22.69  23.71  22.82  21.81  23.12  23.30  22.53  23.42  23.55  23.48  22.83  23.01  23.59  22.86  23.23   


0
22.18  21.29  21.75  22.50  22.50  22.89  22.20  23.42  22.90  22.24  22.44  23.01  22.56  22.42  22.30  22.97   
20.82  21.88  21.79  23.27  22.99  22.75  22.33  22.31  22.45  23.10  22.14  22.10  22.33  22.79  22.89  22.45   
21.89  20.77  22.46  22.64  21.34  23.02  22.94  23.53  22.97  23.10  23.04  22.72  23.18  22.66  23.13  23.07   
22.01  21.91  23.99  23.45  22.10  22.91  23.21  23.11  23.22  23.68  23.15  22.73  23.16  22.33  23.68  23.44   


0
21.69  21.26  22.24  22.71  22.46  22.97  22.49  22.94  22.86  22.54  22.29  22.74  22.88  23.28  22.13  22.78   
21.46  21.59  21.99  22.78  22.53  23.02  22.29  22.98  22.31  22.65  22.95  22.92  23.09  22.88  22.72  23.47   
21.85  20.99  22.55  22.38  21.78  23.19  22.69  23.09  22.42  22.96  22.79  22.46  22.91  22.99  23.10  23.34   
21.83  21.87  23.19  23.77  22.61  22.99  23.17  22.52  23.41  23.42  23.11  22.69  22.87  23.29  23.64  23.40   


0
21.72  21.44  22.66  22.74  22.03  22.78  22.09  22.86  22.24  22.57  22.44  22.43  22.68  22.93  22.58  23.28   
20.68  22.14  22.26  22.81  22.36  23.16  22.73  22.51  22.76  23.40  22.78  22.75  22.79  23.41  23.03  22.90   
21.75  21.28  22.11  22.97  21.82  23.13  23.35  23.03  22.97  23.10  23.04  22.93  22.95  22.78  23.13  23.67   
21.57  21.77  23.10  23.69  21.83  23.48  22.33  23.32  23.22  23.46  23.38  23.57  22.77  23.04  23.36  23.08   


0
21.74  21.17  22.03  23.00  22.63  23.25  22.32  23.32  23.24  22.48  23.00  23.36  23.05  22.56  22.60  22.67   
20.83  22.15  21.69  22.49  22.69  23.28  22.45  23.13  22.46  23.51  22.90  23.08  22.68  22.43  22.91  22.46   
22.04  20.91  21.77  23.32  21.35  23.04  23.47  23.04  23.49  23.64  22.95  22.84  22.85  22.80  23.28  23.39   
21.44  21.65  22.73  23.82  22.12  23.27  22.78  23.34  23.12  23.24  23.51  22.50  23.18  23.76  22.90  23.09   


0
22.31  21.41  21.60  22.60  21.89  22.98  22.17  22.84  22.77  22.55  22.41  23.44  22.06  22.65  22.42  22.95   
21.20  21.73  21.41  22.79  23.39  22.93  22.41  22.28  22.63  23.07  22.86  22.40  22.65  22.40  23.28  22.88   
21.72  21.38  22.20  23.06  21.79  23.31  22.91  23.10  22.84  23.60  23.63  23.02  23.04  23.62  22.97  22.75   
21.55  21.88  22.95  23.79  21.81  23.46  23.08  22.64  23.08  22.75  23.59  23.43  22.36  23.30  23.18  22.88   


0
21.24  21.41  22.25  22.35  22.48  22.87  22.95  22.73  22.99  22.44  22.30  23.32  22.30  23.16  22.42  23.42   
21.20  21.98  21.65  22.68  23.07  23.14  22.51  22.49  22.42  23.07  22.65  22.51  22.99  23.01  23.68  22.42   
21.44  21.51  21.61  23.61  21.63  23.93  23.02  23.70  22.43  23.39  23.63  23.45  23.50  23.37  23.11  23.20   
21.69  22.02  23.33  23.07  22.08  23.23  23.08  22.75  23.31  23.20  23.36  23.07  22.23  22.74  23.02  24.29   


0
21.29  21.46  22.30  22.40  22.53  22.80  23.00  23.00  22.71  22.71  22.46  23.03  21.99  23.21  22.47  22.52   
21.25  22.04  21.70  22.73  23.12  23.09  22.36  22.53  22.57  23.32  22.59  23.31  23.15  23.06  23.05  21.86   
21.49  21.56  21.66  23.66  21.68  23.05  22.86  23.35  23.40  23.44  22.96  22.96  22.74  23.42  22.47  23.10   
21.75  22.07  23.38  23.12  21.44  23.17  23.12  23.46  23.25  23.14  23.29  23.12  23.45  23.21  22.75  23.99   


0
21.42  21.29  22.79  22.98  22.62  22.78  22.97  22.97  22.68  22.68  22.44  23.23  23.03  22.93  23.27  23.13   
21.36  21.50  21.67  22.59  22.78  23.06  22.33  22.51  22.55  23.30  22.57  22.85  23.13  23.16  23.03  23.51   
21.75  21.03  22.46  23.09  22.61  23.02  22.83  23.33  23.38  23.42  22.93  22.61  22.72  22.66  22.86  22.93   
20.98  21.91  23.10  23.45  21.42  23.14  23.10  23.43  23.22  23.11  23.27  22.85  22.77  22.90  22.89  23.61   


0
21.24  21.55  21.86  22.23  22.59  23.21  22.17  23.17  22.55  21.67  22.19  23.21  23.01  22.91  23.25  23.10   
20.66  21.73  21.88  23.13  22.76  23.04  22.81  22.38  22.42  22.87  23.18  22.83  23.10  23.14  23.00  23.48   
22.00  21.13  21.85  22.84  22.11  23.00  23.22  23.40  23.15  23.39  22.81  22.58  22.69  22.63  22.84  22.90   
21.84  21.48  23.46  23.55  21.67  23.68  22.97  23.19  23.08  23.32  23.36  22.83  22.75  22.88  22.86  23.59   


0
22.47  21.71  22.52  22.73  22.14  23.33  22.41  22.85  22.34  22.34  22.09  23.22  22.31  23.05  22.71  22.49   
20.67  21.87  20.83  23.14  22.77  23.05  22.52  22.70  22.95  23.18  22.98  22.84  23.12  22.53  23.83  23.04   
22.58  21.90  21.86  22.85  21.64  22.91  23.75  23.21  23.06  23.40  22.92  22.92  22.94  22.89  23.39  23.06   
21.26  22.30  23.34  23.20  22.36  22.90  22.98  22.98  23.09  23.56  23.02  22.84  22.76  22.75  22.72  23.25   


0
21.57  21.29  22.54  23.22  22.38  23.35  22.75  23.08  22.68  22.24  22.44  22.55  22.44  22.80  22.72  22.50   
21.09  20.86  22.14  22.81  22.99  23.57  22.53  22.21  22.45  23.80  22.67  23.07  22.79  23.41  23.30  23.66   
21.61  21.66  22.11  22.97  21.50  23.23  22.94  23.53  22.87  23.52  23.55  23.04  23.30  23.03  22.86  23.52   
21.42  22.18  23.23  23.69  22.38  23.14  22.55  22.88  23.45  23.80  22.80  22.97  23.16  23.04  22.89  22.90   


0
22.07  21.76  22.18  23.14  22.31  22.81  22.68  23.89  23.16  22.39  23.14  23.16  22.72  22.45  22.76  22.22   
21.81  21.79  21.71  22.96  23.14  23.10  22.37  22.55  22.69  22.52  22.82  22.35  23.05  22.71  23.61  23.39   
21.79  21.82  22.03  23.12  21.38  22.96  23.08  23.46  22.70  23.24  23.07  23.40  22.99  23.19  22.90  23.11   
21.32  22.22  23.01  23.01  22.14  22.84  23.47  22.81  23.14  23.72  23.19  23.25  22.81  23.22  22.92  23.30   


0
22.64  21.44  22.01  22.86  22.85  22.78  22.42  23.20  23.34  22.46  22.22  22.55  23.03  23.19  22.72  23.91   
21.23  21.25  22.50  22.59  22.46  22.85  22.84  22.61  22.76  22.79  22.57  23.07  22.90  22.67  22.48  22.60   
22.17  21.15  22.23  22.75  21.50  23.44  23.35  23.13  22.76  23.10  22.62  22.72  23.06  23.64  22.72  23.07   
21.42  22.31  23.99  23.33  22.24  23.37  22.99  22.66  23.22  23.57  23.15  22.97  23.42  23.61  23.99  23.26   


0
21.74  22.44  22.29  22.27  22.63  23.02  22.21  23.43  22.80  22.59  22.34  22.68  22.10  22.81  22.46  23.14   
20.97  21.77  21.57  23.28  23.11  23.07  22.24  22.52  22.15  23.51  22.26  22.76  22.91  22.68  23.72  23.22   
21.76  21.80  22.24  23.87  22.15  22.93  23.05  23.64  22.98  23.22  23.26  22.30  23.08  22.80  23.42  23.39   
21.73  22.33  23.37  23.34  22.25  22.47  23.11  22.79  23.23  23.13  23.40  22.62  22.79  22.92  23.85  22.74   


0
22.03  21.58  22.66  22.86  22.38  22.32  22.42  22.64  22.35  22.35  22.77  22.66  22.21  23.82  23.14  22.97   
21.23  21.76  22.38  22.70  22.99  22.75  22.73  22.91  22.34  23.20  22.57  23.39  22.90  22.79  22.89  23.20   
21.89  20.65  21.87  23.20  21.98  23.65  22.83  23.33  23.27  23.94  22.83  23.26  22.25  22.41  22.72  22.93   
20.98  22.45  23.10  23.21  22.51  23.37  22.88  23.32  23.45  23.57  23.74  23.33  22.90  23.47  22.89  22.55   


0
22.18  20.72  22.41  22.62  22.27  23.46  22.53  22.64  22.35  22.13  22.10  23.23  22.56  23.06  22.72  24.06   
21.09  21.12  21.55  22.02  22.57  23.27  22.53  22.31  22.45  23.20  22.67  22.96  22.79  23.53  23.44  23.20   
21.61  21.91  22.46  22.97  21.82  23.34  22.94  23.73  23.17  23.10  22.62  22.61  22.72  23.03  22.45  23.52   
21.72  22.45  23.36  23.45  22.24  23.14  22.66  23.11  22.99  23.68  23.38  23.45  23.42  23.33  23.36  23.08   


0
21.88  21.29  22.15  22.98  22.50  23.23  22.42  22.42  22.79  22.57  22.55  23.01  22.44  22.67  22.58  22.81   
21.23  21.76  22.14  22.70  22.68  23.06  22.94  23.01  22.55  23.20  22.88  22.53  23.01  23.16  23.30  22.90   
21.47  22.04  21.75  22.42  21.66  23.44  23.14  23.33  22.97  22.89  23.04  22.50  23.06  23.15  23.41  22.93   
21.13  22.45  22.97  23.69  22.78  23.37  22.77  23.11  23.11  23.68  23.50  22.97  22.52  23.33  23.36  23.97   


0
21.11  21.15  22.01  22.98  22.97  23.69  22.31  22.64  23.12  22.24  22.77  22.89  22.56  23.19  21.89  23.60   
20.82  20.99  21.44  23.49  22.25  22.96  22.53  22.91  22.65  23.80  22.46  22.75  22.67  23.04  22.62  22.75   
21.89  21.15  22.23  22.75  22.29  23.02  23.25  23.33  22.66  23.00  22.93  23.47  23.06  23.28  22.86  22.63   
21.28  21.77  23.10  23.93  22.10  22.46  22.99  23.00  22.88  23.34  23.03  23.09  23.03  23.61  23.36  23.61   


0
22.19  21.88  22.16  22.39  22.51  22.79  22.21  23.10  22.80  21.82  23.11  23.36  22.46  23.33  22.73  22.98   
21.51  21.90  21.80  22.94  23.11  23.49  23.05  22.22  22.66  23.01  22.68  22.65  22.80  22.31  23.31  22.76   
21.48  21.55  22.12  22.99  21.19  23.14  22.85  23.54  23.18  23.22  23.46  22.95  22.96  23.17  23.42  23.39   
22.17  22.33  23.62  23.46  21.84  23.15  23.11  23.01  23.46  23.24  23.05  23.22  23.30  23.76  23.69  22.92   


0
21.85  22.12  22.38  22.72  22.01  22.87  22.40  23.17  22.66  22.66  22.41  22.98  21.94  23.16  23.11  22.95   
21.47  21.73  21.41  23.24  22.76  23.24  22.81  22.28  22.53  23.48  22.65  22.18  22.99  22.52  23.00  23.03   
21.44  21.76  22.32  22.84  22.11  23.42  22.81  23.50  22.84  22.87  23.32  23.02  23.04  22.88  22.97  23.94   
21.99  22.42  23.58  22.82  23.03  23.12  22.63  22.97  22.97  22.86  23.24  23.31  23.01  23.73  22.70  23.06   


0
22.51  21.32  22.30  22.89  22.18  22.46  22.45  22.55  22.60  22.49  22.79  22.92  22.35  22.18  23.16  23.31   
21.66  21.53  22.29  22.95  22.17  23.09  22.46  22.53  22.78  23.63  22.80  22.88  22.81  22.94  22.65  23.23   
21.91  21.81  22.37  23.44  22.32  23.36  22.96  23.45  22.89  23.23  23.17  22.53  22.39  22.56  23.43  22.80   
21.01  22.07  22.87  23.36  22.54  23.05  23.45  23.57  23.25  23.48  23.41  23.36  23.19  23.35  23.55  22.03   


0
22.04  20.88  22.42  23.48  21.93  22.44  22.10  22.88  22.91  22.48  22.34  22.79  21.86  23.20  22.60  23.45   
21.10  21.39  21.80  23.05  23.01  22.66  22.34  22.42  22.46  23.31  23.00  22.97  23.14  23.05  23.58  22.46   
22.04  21.55  22.12  22.99  21.51  23.04  23.57  23.34  22.57  23.22  22.84  22.95  23.08  22.67  23.01  22.34   
21.29  21.92  23.24  23.46  21.43  23.04  23.00  23.12  23.69  23.13  23.28  23.10  23.18  23.62  23.22  23.09   


0
21.62  21.35  22.46  22.55  22.79  22.94  22.47  23.58  22.62  22.29  22.82  22.83  22.49  22.34  22.36  23.18   
21.55  21.68  21.37  23.20  22.73  23.42  22.58  22.36  22.50  23.04  22.72  22.47  22.72  22.59  23.22  22.80   
21.24  21.71  21.92  23.58  22.03  23.28  23.20  23.68  22.71  23.15  23.40  22.98  23.58  23.20  23.46  23.42   
21.62  21.83  23.03  23.50  22.15  23.19  23.26  23.16  23.27  23.73  23.43  23.02  22.95  24.08  22.78  23.49   


0
22.04  22.02  22.42  22.15  22.28  23.02  21.65  22.76  22.58  22.59  22.23  22.56  22.57  22.69  23.15  22.67   
21.38  21.77  21.57  22.71  23.11  23.28  23.05  22.12  22.46  23.11  22.68  22.65  22.80  22.56  22.77  23.37   
21.76  21.17  21.41  23.32  22.31  23.04  22.74  23.84  23.39  23.01  22.95  23.05  22.85  23.17  22.60  23.39   
21.44  22.06  23.37  22.98  21.71  23.27  22.89  23.01  23.12  23.24  23.16  22.74  22.92  23.20  23.37  23.27   


0
22.46  21.70  22.25  22.48  21.89  22.87  22.62  23.61  22.66  22.44  22.41  23.66  22.18  22.65  23.11  22.79   
21.34  21.48  21.29  22.45  22.54  23.24  22.41  22.08  22.73  22.46  22.65  22.94  22.53  23.26  23.68  23.03   
22.56  21.38  21.97  22.73  21.63  23.21  23.02  23.20  22.64  23.39  23.43  22.48  23.27  23.37  22.56  23.35   
21.55  22.69  22.95  22.82  22.49  23.23  22.85  22.86  23.76  23.55  23.36  23.19  22.75  24.01  23.65  22.70   


0
22.06  21.75  22.04  22.89  22.18  23.37  22.45  23.00  22.71  22.71  22.57  23.15  22.59  23.08  23.02  22.84   
21.39  21.15  22.41  22.73  23.23  23.09  22.56  22.53  22.47  23.32  22.91  22.98  23.04  23.19  23.33  23.23   
21.77  21.31  22.14  22.89  21.68  23.05  23.17  23.35  23.20  23.13  23.06  22.74  23.21  23.05  22.89  23.10   
21.30  22.21  23.25  22.75  22.13  23.17  23.01  22.91  23.25  23.48  23.06  23.24  22.67  23.35  23.39  24.34   


0
21.31  21.62  22.96  22.42  22.19  23.39  22.35  22.79  23.27  22.28  23.14  22.82  22.72  23.48  22.34  23.17   
21.27  21.67  22.30  22.96  22.93  23.82  22.87  22.65  22.38  23.23  22.39  22.46  22.82  22.46  23.20  23.09   
21.51  21.57  21.79  22.90  21.70  23.27  22.77  23.16  22.70  22.72  22.76  22.65  23.10  23.68  22.35  22.06   
21.61  22.08  23.39  23.37  22.28  23.29  23.03  22.37  23.60  23.72  22.95  23.01  22.55  22.51  24.03  23.12   


0
21.45  21.60  22.69  22.77  22.41  22.46  22.78  22.89  22.71  21.94  22.79  22.46  22.70  23.47  23.02  22.68   
20.43  21.27  21.34  23.18  22.70  23.19  22.56  22.84  22.68  23.12  23.12  22.66  22.58  22.82  23.19  23.23   
22.47  21.68  22.37  22.78  21.20  23.26  23.38  23.45  22.48  23.75  22.96  22.74  22.63  23.18  23.29  23.40   
20.86  22.34  23.51  23.36  22.54  23.62  23.34  22.58  23.47  22.80  23.29  23.83  23.19  23.35  23.07  23.82   


0
21.45  20.89  22.04  22.77  22.76  23.14  22.45  23.22  22.71  21.94  22.13  22.92  22.70  23.47  23.16  22.84   
21.12  22.16  21.82  23.40  22.91  23.09  22.66  22.84  22.68  23.02  23.01  22.77  23.04  23.19  22.78  22.93   
21.35  21.56  21.90  22.22  21.36  23.26  22.65  23.15  23.09  23.13  23.06  23.07  22.63  22.81  23.16  23.40   
22.33  22.61  23.51  23.72  22.26  23.50  23.56  23.35  23.47  23.48  23.76  22.88  23.32  23.49  22.75  24.17   


0
22.03  21.44  22.41  22.62  22.03  22.89  22.42  23.53  22.79  22.57  22.33  22.20  22.68  23.06  22.86  22.97   
21.09  21.37  21.79  22.81  23.10  22.54  22.73  22.41  22.76  23.30  23.41  22.10  22.79  22.79  23.44  23.66   
22.17  21.91  22.23  22.64  21.98  22.92  22.62  23.13  22.87  23.31  23.35  22.72  23.30  23.15  23.13  23.22   
21.28  22.45  22.85  22.97  22.51  22.80  23.10  23.11  23.33  22.43  23.50  22.97  23.29  22.48  23.36  23.26   


0
21.72  21.44  22.41  22.98  21.92  22.89  21.97  22.86  22.46  22.46  22.10  22.78  22.21  22.29  22.72  22.34   
21.23  21.88  22.50  22.59  22.46  23.27  22.94  22.41  22.03  23.20  22.78  22.64  22.56  22.91  23.57  23.20   
21.61  21.41  22.35  23.42  21.34  23.54  23.25  23.53  22.45  23.21  22.62  23.04  22.95  23.03  22.72  23.97   
21.72  22.58  23.61  23.33  22.65  23.25  22.99  22.77  23.22  23.00  23.62  23.33  23.16  22.90  23.05  23.61   


0
21.76  21.48  22.44  23.02  21.96  22.93  22.01  23.23  22.72  22.39  22.59  22.82  23.07  23.22  22.90  22.70   
21.27  21.92  22.54  22.62  22.50  23.30  22.77  22.85  22.07  23.34  22.50  22.68  22.94  22.83  23.20  22.64   
21.65  21.45  22.39  23.45  21.38  23.58  22.77  23.46  22.90  22.93  23.28  23.51  22.29  22.82  22.76  23.56   
21.76  22.62  23.65  23.37  22.69  23.29  22.81  22.37  23.03  23.72  23.19  22.77  22.68  23.22  22.92  22.94   


0
21.61  21.19  22.57  22.90  22.19  23.16  22.79  23.23  22.72  22.39  22.59  22.82  22.24  23.10  22.90  23.17   
21.13  21.79  21.83  22.96  22.18  23.10  22.77  22.85  22.07  23.34  22.50  22.68  23.28  22.71  22.79  22.49   
21.65  21.57  21.55  23.01  21.85  23.06  22.77  23.46  22.90  22.93  23.28  23.51  22.99  23.31  22.49  22.66   
21.32  22.08  23.39  23.25  22.55  23.18  22.81  22.37  23.03  23.72  23.19  22.77  22.94  23.51  23.24  24.18   


0
21.43  20.59  22.29  22.63  22.16  23.02  22.43  22.99  22.14  22.04  22.89  23.13  22.22  23.07  22.87  23.14   
21.24  21.64  21.80  22.37  22.69  23.07  22.55  22.32  22.36  23.21  22.79  22.11  23.25  22.68  22.77  22.46   
21.48  22.17  21.77  22.88  22.15  22.93  22.95  23.04  23.08  23.11  23.05  22.51  22.96  23.29  22.46  22.64   
21.29  22.19  23.24  23.82  22.52  23.49  23.00  23.23  23.35  22.90  23.51  23.10  22.92  23.48  23.22  24.16   


0
22.18  21.15  22.92  22.50  22.50  22.78  22.86  22.97  23.23  22.57  22.55  23.01  22.44  22.67  22.58  23.44   
21.36  22.01  21.91  22.93  22.78  23.06  22.23  22.21  22.45  22.79  22.57  22.53  23.13  23.04  23.44  21.53   
22.45  21.15  22.23  23.09  22.13  22.71  23.14  23.43  23.17  23.21  23.35  23.04  23.06  23.03  23.41  23.07   
21.57  22.04  23.48  23.45  22.51  23.14  22.88  23.22  23.56  23.46  23.38  23.09  22.65  23.61  23.05  22.90   


0
21.79  20.50  21.69  22.81  22.33  23.30  22.04  22.81  22.74  22.42  22.61  22.95  22.62  23.12  23.06  22.41   
20.88  20.93  22.21  22.42  23.06  23.02  22.19  22.57  22.30  23.46  22.73  22.92  22.28  22.36  23.50  23.12   
21.39  21.09  21.82  23.04  21.72  23.40  23.52  23.09  23.03  22.74  23.31  23.43  22.90  22.72  23.33  22.84   
20.90  21.84  23.55  23.63  21.62  23.09  22.83  23.06  23.28  23.18  23.10  22.55  23.35  22.96  23.27  23.32   


0
21.15  21.90  21.92  22.54  21.96  23.39  22.12  22.90  22.39  22.72  22.81  22.59  22.36  22.84  23.17  23.32   
21.54  21.54  22.18  22.85  22.93  23.41  22.97  22.04  22.69  23.23  22.82  23.00  22.82  22.83  22.66  22.94   
21.36  21.45  22.27  23.01  22.17  23.06  23.18  23.16  22.59  23.56  22.97  22.65  23.22  22.94  23.17  23.11   
21.91  22.08  23.39  23.37  23.50  23.18  23.03  23.03  23.60  23.49  22.95  22.53  22.68  22.94  23.87  23.65   


0
22.22  21.19  22.44  22.90  22.19  22.93  22.23  23.01  22.83  22.50  22.70  23.16  22.24  22.97  23.45  22.70   
21.27  22.05  21.36  22.85  22.82  22.89  22.87  22.45  22.48  23.44  23.03  22.78  22.94  22.83  23.20  23.09   
21.51  21.45  22.39  23.23  22.01  23.06  23.39  23.56  23.52  22.82  23.07  22.43  23.22  23.31  23.31  22.51   
21.61  22.62  22.76  23.13  22.82  22.61  23.03  23.03  23.37  22.81  22.25  23.13  22.81  23.36  23.72  23.12   


0
21.64  22.21  21.82  22.93  22.10  23.30  22.37  23.15  23.18  22.64  22.83  22.61  22.74  22.86  23.34  22.88   
21.02  21.69  22.21  22.42  22.21  22.92  22.39  22.17  22.20  23.46  22.63  22.92  23.30  22.98  23.90  22.97   
22.09  21.47  22.05  22.93  22.36  23.08  23.72  23.99  22.72  23.27  23.20  22.45  23.24  23.21  22.51  22.84   
22.22  22.65  23.42  23.51  22.17  23.09  22.83  23.28  23.28  24.08  23.21  22.67  22.71  23.25  23.42  23.68   


0
21.45  21.32  22.04  22.65  22.53  23.14  22.56  23.33  22.71  22.27  22.24  23.49  22.82  23.21  22.75  23.31   
20.98  22.16  21.70  22.84  22.91  23.60  22.96  22.43  22.57  23.73  22.80  22.77  22.35  23.06  23.60  22.78   
21.63  20.80  22.02  22.78  21.68  23.36  23.58  23.35  22.89  23.23  23.06  23.50  23.44  23.18  23.29  23.25   
21.60  21.67  23.00  23.36  23.21  23.28  22.90  23.02  23.25  23.82  23.29  23.24  23.32  23.21  24.02  23.46   


0
21.65  21.37  22.22  23.30  22.46  23.19  22.72  22.60  22.54  22.32  22.51  22.74  22.40  23.26  22.66  22.58   
20.90  21.71  21.99  23.45  22.96  23.34  22.51  22.89  22.42  23.57  23.17  23.03  22.86  23.36  23.65  23.13   
21.68  21.61  21.83  23.05  22.05  23.51  23.01  23.50  23.35  23.80  23.11  22.47  23.72  22.86  23.48  22.85   
21.94  22.39  23.43  23.77  22.04  23.22  23.06  23.18  23.07  23.87  23.34  23.29  23.24  23.68  23.12  23.51   


0
22.08  21.63  22.46  22.67  22.67  23.51  22.14  22.80  22.84  22.62  22.49  23.28  22.02  23.49  22.63  22.71   
21.14  21.17  22.31  23.20  22.83  22.49  22.58  22.76  23.22  23.35  22.40  22.80  22.49  22.35  23.62  22.50   
21.66  21.46  21.69  23.58  21.07  23.80  23.40  23.28  22.92  23.15  23.09  22.87  22.88  23.08  23.59  22.98   
21.92  22.10  22.77  23.38  22.29  23.64  23.04  22.94  23.38  23.39  23.08  23.38  23.34  23.38  22.94  23.13   


0
21.15  21.33  23.09  23.02  21.84  23.04  22.90  23.34  23.27  22.17  22.70  22.93  22.48  22.97  23.04  22.22   
21.13  21.67  22.77  22.51  22.29  23.71  22.37  22.35  22.59  23.64  22.71  22.57  23.28  22.83  22.52  23.09   
21.22  21.57  22.62  23.34  21.70  23.48  22.66  23.26  22.80  23.24  23.07  22.65  22.87  23.44  23.58  23.41   
