0
22.31  20.87  22.29  22.90  21.96  23.17  22.58  23.25  22.52  21.97  22.82  22.82  22.36  23.46  21.89  23.10   
21.10  21.91  21.84  22.86  22.53  23.44  22.81  22.68  21.89  23.06  23.05  22.70  22.60  22.08  23.30  23.18   
21.47  21.44  22.27  23.58  22.25  23.40  22.90  22.90  22.93  23.06  22.89  22.77  23.45  23.06  23.13  22.45   
21.56  21.65  23.51  23.72  22.11  23.64  22.93  23.16  23.04  23.16  23.31  23.12  22.79  23.18  22.52  23.89   


0
21.86  21.01  23.07  22.41  22.43  22.82  22.25  23.25  22.74  22.30  22.38  22.94  22.84  23.71  22.44  22.78   
20.97  21.78  21.84  22.75  22.42  23.13  22.81  22.78  22.10  22.96  22.84  23.13  22.83  22.70  23.57  23.18   
21.75  21.69  22.15  23.36  21.30  23.19  23.00  23.40  23.24  23.06  22.79  22.88  22.76  23.30  23.27  22.75   
22.15  22.86  23.63  23.48  21.97  23.30  22.71  22.94  23.38  23.27  23.42  22.88  23.18  23.74  23.00  23.89   


0
21.71  21.58  22.16  22.66  22.08  22.94  22.14  22.80  22.74  22.63  22.27  22.71  22.24  22.69  22.30  22.47   
21.24  22.04  21.95  22.75  22.53  22.72  22.20  22.68  22.51  23.27  22.73  23.55  22.95  22.82  23.44  23.63   
22.31  21.69  22.39  22.69  21.94  23.09  22.38  23.50  23.14  23.48  23.10  22.67  23.22  23.55  23.40  23.20   
21.71  22.33  22.62  23.36  22.11  23.19  22.82  22.61  23.26  24.07  23.31  22.64  22.79  22.89  23.00  24.06   


0
21.98  21.70  22.14  22.75  22.29  22.80  22.67  23.33  22.93  22.16  22.13  22.80  22.10  22.67  22.97  22.28   
21.08  22.01  21.93  22.16  22.29  22.79  22.58  22.76  21.97  22.84  22.60  22.78  22.81  23.16  23.55  22.85   
21.72  21.16  21.77  23.11  21.91  23.27  22.98  23.37  23.11  22.93  22.87  22.42  22.73  22.78  22.29  22.13   
21.98  22.30  23.86  23.58  22.08  23.28  23.24  22.91  23.24  23.93  23.63  22.98  23.02  23.43  23.77  23.86   


0
21.71  21.86  21.77  22.29  22.78  22.94  22.36  23.36  23.17  22.85  22.93  22.59  22.72  23.08  22.72  22.78   
21.24  21.66  21.60  23.20  22.95  22.82  22.41  22.38  22.51  22.56  22.42  22.38  23.06  23.07  23.17  22.58   
21.33  21.31  22.27  22.47  20.82  23.40  23.11  23.30  22.62  22.85  22.89  22.67  23.22  23.06  23.40  23.80   
21.42  22.19  23.89  23.96  22.65  23.30  23.04  22.83  23.38  23.39  23.42  23.00  22.79  22.61  23.00  23.53   


0
21.54  21.57  21.63  23.01  23.00  22.92  22.57  23.24  22.39  22.62  22.37  22.93  21.88  23.32  22.99  22.61   
21.09  21.64  21.47  22.74  23.15  23.01  22.70  22.67  23.02  23.25  23.04  23.11  22.71  22.93  23.56  23.62   
22.16  21.30  21.78  23.79  21.12  23.07  23.30  23.59  23.33  23.57  23.09  22.98  23.44  23.17  23.39  22.74   
20.96  22.31  23.11  23.59  21.69  22.95  22.81  22.93  23.02  23.49  23.06  22.63  23.04  23.59  23.31  23.34   


0
21.69  21.28  21.89  22.64  21.95  22.92  22.68  23.12  23.38  22.18  22.15  22.81  22.71  22.42  22.71  22.45   
21.09  22.15  21.47  23.08  22.09  23.01  22.80  22.37  22.19  23.25  22.30  22.69  22.71  23.30  23.02  23.92   
21.74  21.17  22.26  22.79  21.45  23.39  23.30  23.79  22.92  23.46  23.30  23.19  23.78  23.04  23.66  23.19   
20.96  22.58  23.37  23.47  22.91  23.63  23.03  23.04  23.59  23.26  23.41  23.71  22.78  23.45  22.67  24.40   


0
21.57  21.31  21.52  22.91  22.67  22.83  22.26  23.15  22.64  22.31  22.50  22.72  23.08  23.09  22.04  22.16   
21.52  21.42  22.44  23.22  22.43  22.93  22.52  22.59  22.63  23.18  22.75  22.92  23.07  22.21  23.45  22.89   
21.62  21.57  22.28  22.82  22.11  23.20  23.12  23.41  23.56  23.28  23.22  22.79  22.42  23.32  22.73  23.21   
21.72  22.47  22.76  23.38  21.98  23.43  22.72  23.39  22.82  23.29  22.97  22.41  22.80  23.47  23.49  23.55   


0
21.85  21.42  22.02  23.01  22.65  23.27  22.13  23.35  22.61  21.51  22.26  22.81  22.94  23.32  22.01  23.08   
20.13  22.28  22.06  23.08  23.04  23.01  22.59  22.77  22.40  22.75  22.72  23.01  23.05  22.93  23.83  23.92   
22.58  21.42  22.02  23.35  21.61  23.49  22.89  23.29  22.61  23.26  23.09  23.09  22.40  22.43  22.71  23.19   
21.55  22.72  23.62  23.47  22.50  23.51  23.36  22.71  23.25  23.60  23.53  23.23  23.68  22.60  22.99  23.70   


0
22.15  21.42  21.89  22.40  22.18  23.15  22.24  22.90  22.50  22.73  22.37  22.35  22.71  23.06  22.15  22.77   
21.63  21.39  21.82  23.08  22.62  22.70  21.89  22.47  22.60  23.15  23.46  22.58  23.16  22.93  23.70  23.47   
21.03  20.92  21.90  23.35  21.92  23.18  23.72  23.39  22.82  23.57  22.88  22.33  23.44  23.41  22.98  24.38   
21.84  22.18  22.73  23.47  22.23  23.29  22.81  23.15  23.14  23.72  23.29  22.75  22.65  24.01  23.46  23.34   


0
22.14  21.41  22.27  22.87  22.40  23.03  22.11  23.22  22.82  22.82  22.80  23.03  22.58  22.41  22.28  22.91   
21.21  20.74  22.40  22.95  22.29  23.21  22.28  22.46  22.69  23.34  22.50  23.10  22.69  22.92  23.01  23.31   
22.15  21.91  22.13  23.00  21.11  23.17  23.08  23.57  22.81  22.72  22.35  22.32  23.89  23.40  22.70  23.33   
21.83  22.30  23.35  23.22  22.63  23.16  22.91  23.02  23.81  23.70  23.86  22.50  23.41  23.01  23.14  23.86   


0
22.18  21.45  22.18  22.67  22.32  23.41  22.26  23.37  22.53  22.09  22.50  22.95  22.85  22.83  23.15  22.95   
21.12  21.92  21.73  23.33  22.01  22.93  22.62  22.80  22.73  22.77  23.17  23.14  23.53  22.71  23.72  23.19   
22.04  21.20  22.28  23.15  21.95  23.10  23.12  23.31  22.84  23.17  22.70  23.11  23.69  23.07  23.55  22.92   
22.02  21.94  23.14  23.50  22.53  23.43  23.38  22.84  23.05  23.85  22.97  22.90  23.58  23.75  23.01  23.01   


0
22.16  21.01  21.77  22.90  22.89  23.17  22.47  22.92  23.17  22.96  22.49  22.94  22.60  22.95  23.00  22.78   
20.97  21.40  21.72  23.43  22.95  22.92  22.20  22.68  22.62  22.96  22.94  22.81  22.83  23.19  23.44  23.63   
21.61  22.31  22.03  23.25  21.14  22.77  23.11  23.20  22.62  23.16  23.41  22.67  23.68  22.56  22.72  22.75   
21.86  22.19  23.13  23.12  22.11  22.96  23.04  23.05  23.26  23.39  23.66  22.76  23.18  22.89  23.63  23.53   


0
21.53  21.27  22.14  22.99  22.64  23.25  22.78  22.56  23.15  22.16  21.91  23.14  22.10  23.18  22.84  23.70   
21.08  22.14  21.46  23.29  22.82  23.31  22.68  22.35  22.49  23.54  22.71  22.99  23.04  22.67  23.82  23.76   
21.87  22.04  21.65  23.33  22.07  23.37  23.19  23.27  22.81  23.03  23.18  22.97  22.85  23.16  22.97  23.48   
21.98  21.63  23.35  23.70  22.49  22.94  23.13  22.80  23.13  23.70  23.28  23.22  22.64  23.57  22.98  23.33   


0
22.92  22.00  22.55  22.90  22.19  23.28  22.92  23.03  22.96  22.30  23.04  22.59  22.72  22.43  22.17  23.10   
20.69  22.04  21.72  23.32  22.63  23.23  22.81  22.78  22.72  23.37  22.94  22.27  22.83  23.43  23.44  23.03   
22.31  22.06  22.27  22.69  21.46  23.19  23.11  23.70  22.93  23.16  23.20  22.56  22.99  23.06  23.00  23.20   
20.97  22.46  22.74  23.24  22.52  22.96  22.49  22.94  23.38  23.73  23.31  22.76  22.53  23.32  23.48  24.41   


0
22.30  21.71  22.41  22.40  22.53  22.81  22.90  23.24  22.61  22.84  22.37  23.38  23.06  23.45  22.43  22.93   
21.36  21.26  21.94  23.19  22.30  23.32  22.70  22.37  22.81  23.36  22.83  23.22  23.27  22.81  23.83  23.62   
22.44  21.30  22.14  23.13  21.61  22.97  22.89  23.39  22.72  23.26  23.09  23.30  22.86  22.80  23.26  23.19   
22.14  22.58  22.99  22.87  21.82  23.18  23.03  23.48  23.48  23.60  23.76  23.35  23.17  23.45  23.46  24.05   


0
22.30  21.71  22.15  23.13  22.88  23.04  22.46  22.79  22.94  22.07  22.48  23.27  22.47  22.94  22.85  22.61   
21.36  21.26  21.82  23.30  23.15  24.85  22.90  23.07  22.91  23.66  23.14  22.58  23.05  23.18  23.70  23.62   
22.44  21.30  22.14  23.13  22.24  26.96  23.30  23.29  23.43  24.61  23.40  23.09  22.98  23.17  23.26  23.19   
22.14  22.05  23.49  22.99  22.64  27.28  24.78  22.82  23.25  25.06  24.46  23.35  22.91  23.73  23.94  22.99   


0
22.01  21.01  22.16  23.14  22.89  23.05  22.47  22.80  22.96  22.63  23.04  23.05  21.89  22.82  23.96  23.41   
21.37  21.66  21.84  23.32  23.16  24.86  22.91  23.08  22.72  23.77  22.84  23.02  22.49  22.45  23.84  23.93   
22.17  22.19  22.15  23.14  22.25  26.98  23.31  23.30  23.65  25.24  24.13  22.77  23.22  22.81  23.13  22.75   
21.71  22.06  23.51  23.00  22.65  27.29  24.79  23.27  24.06  25.86  25.50  25.38  24.20  23.74  23.00  24.24   


0
22.48  22.30  22.57  23.03  27.11  25.21  22.49  23.59  22.97  22.64  23.06  23.06  21.90  23.09  23.29  22.95   
21.52  22.18  22.08  22.65  24.85  27.67  23.52  22.90  22.73  23.78  22.85  23.03  22.50  22.95  23.72  23.34   
21.62  21.20  22.05  23.48  24.78  29.86  24.25  23.51  23.66  25.25  24.14  22.79  23.23  23.56  23.69  23.07   
22.02  22.07  23.65  23.26  24.81  30.51  25.77  23.28  24.07  25.87  25.52  25.39  28.10  25.01  23.17  22.83   


0
21.68  21.84  22.79  22.75  25.73  25.73  22.89  23.11  22.71  22.49  22.91  22.80  22.58  23.05  23.25  22.91   
21.48  22.52  21.69  23.18  27.58  28.91  23.08  22.66  23.11  24.15  23.66  23.53  23.72  22.92  23.68  23.31   
22.29  22.91  22.24  23.22  28.39  30.79  23.81  24.17  24.53  26.64  25.73  26.77  24.12  23.52  23.65  23.03   
20.65  22.44  23.48  23.34  25.04  28.78  26.27  25.85  27.69  27.92  27.63  27.67  28.06  24.97  23.14  22.80   


0
22.47  22.00  22.42  22.90  25.87  27.08  23.03  23.69  23.50  22.74  23.37  23.05  22.72  23.20  22.30  23.10   
21.78  22.04  21.84  23.54  28.01  29.42  24.21  24.58  24.66  25.47  25.14  27.10  24.53  23.19  24.25  23.93   
21.47  21.69  22.27  23.03  27.06  28.86  25.87  25.96  26.06  25.54  25.25  26.59  27.73  25.85  24.49  22.75   
22.74  22.19  23.63  23.96  25.99  27.94  26.82  26.30  26.73  26.30  26.07  25.02  28.09  27.74  24.11  23.71   


0
22.47  22.00  22.16  23.14  26.32  26.64  25.65  26.30  26.19  24.37  25.97  27.51  26.31  24.09  23.14  23.88   
21.24  22.04  22.54  23.88  27.60  26.57  26.17  27.70  26.95  26.55  25.96  28.43  28.48  24.65  23.30  23.93   
21.33  22.19  21.80  24.46  28.56  26.17  26.68  27.61  28.70  27.67  26.75  27.93  27.29  25.01  24.08  23.50   
22.00  22.46  23.51  24.68  27.42  27.40  26.08  27.46  27.82  26.96  26.19  26.08  24.46  24.16  24.26  23.36   


0
21.83  22.12  23.56  26.31  25.51  27.50  28.60  27.34  27.22  26.69  27.96  27.92  25.83  23.05  23.25  22.44   
21.75  21.89  22.98  27.60  26.67  26.45  26.82  27.00  26.63  27.98  26.96  26.57  24.50  23.90  22.73  23.61   
22.01  22.16  22.95  26.48  28.39  27.25  26.55  26.33  25.44  25.73  24.92  24.46  22.85  23.03  23.65  23.62   
21.68  21.90  23.23  24.30  24.64  25.18  24.76  23.90  23.81  23.93  23.16  23.10  23.02  24.00  23.61  23.33   


0
22.00  22.84  25.86  27.71  26.98  26.74  26.49  27.14  27.96  26.17  24.88  23.95  22.47  23.57  23.26  22.77   
21.36  22.66  22.88  25.53  26.58  26.46  25.48  24.96  24.44  24.46  23.46  22.79  22.48  22.93  23.56  23.47   
21.74  21.55  22.26  23.79  22.40  24.01  23.72  23.79  23.13  23.67  23.30  23.41  23.21  23.90  23.53  23.19   
21.99  21.78  22.99  23.71  21.96  23.18  22.92  23.04  23.48  23.83  22.82  23.47  22.91  24.01  23.15  24.05   


0
22.33  21.31  23.86  24.23  24.29  25.55  24.90  25.23  23.73  23.19  23.06  22.95  22.97  22.96  23.43  22.32   
21.52  21.92  22.44  23.22  22.86  23.24  22.92  22.69  22.53  23.68  23.17  23.35  23.41  22.95  23.99  23.19   
22.04  21.83  22.52  23.48  22.43  23.52  23.74  23.31  23.05  23.38  22.80  22.57  23.81  23.81  22.87  23.51   
22.31  22.34  23.52  23.02  22.80  23.20  23.17  23.39  23.84  23.06  23.20  23.38  23.45  23.47  22.70  23.90   


0
21.40  21.44  22.55  23.14  22.19  23.28  22.47  22.69  22.63  23.07  22.27  23.05  22.48  22.95  22.58  23.10   
21.51  21.78  22.31  22.98  23.06  22.92  22.81  22.68  22.41  23.16  22.84  22.81  23.29  22.70  22.90  23.33   
22.31  21.31  22.62  22.81  21.78  23.19  23.42  23.60  22.93  23.27  23.00  23.10  23.80  23.18  23.81  23.20   
22.00  22.60  22.74  23.60  22.79  23.53  23.15  23.05  23.83  23.73  23.42  23.24  23.82  22.89  23.63  23.71   


0
22.60  21.42  22.67  22.40  22.53  23.38  22.13  22.90  22.61  22.18  22.92  22.81  22.47  23.45  22.29  22.30   
21.50  21.90  21.47  22.40  22.62  23.12  23.20  22.77  22.50  23.15  22.51  23.22  23.05  23.05  23.83  23.47   
22.30  21.55  22.85  22.90  21.45  23.70  23.20  23.59  22.92  23.26  22.78  23.09  22.98  23.17  22.98  23.34   
21.26  22.31  23.11  23.35  22.37  23.18  22.59  23.26  23.14  23.15  23.41  23.35  23.30  23.16  23.78  23.70   


0
22.44  21.84  22.40  23.11  22.05  22.80  22.89  22.56  22.16  22.49  22.80  23.14  22.81  23.94  22.97  22.44   
21.08  21.12  21.57  23.29  22.50  22.79  22.88  22.66  22.69  23.34  23.03  23.31  22.92  23.16  23.95  23.61   
21.44  21.54  22.48  22.78  21.43  23.06  23.39  23.67  22.91  23.77  22.66  22.64  22.85  23.28  23.24  23.62   
22.13  22.30  23.10  23.46  22.08  23.50  23.02  23.13  23.58  23.02  22.93  23.22  23.28  23.72  23.93  22.80   


0
21.98  21.70  22.14  22.39  22.64  22.57  22.45  23.00  23.04  22.49  22.36  22.80  22.34  23.05  23.11  22.76   
21.21  21.63  21.46  22.72  22.71  23.51  22.58  22.56  22.49  23.65  22.60  22.99  22.92  23.04  23.01  23.00   
22.01  21.28  22.24  23.33  21.59  23.06  22.87  23.27  23.01  23.14  22.97  22.86  23.66  23.40  22.70  24.07   
22.13  22.17  23.73  23.58  21.81  23.05  23.46  23.68  23.69  23.48  23.40  23.22  23.02  24.28  23.14  23.51   


0
22.29  21.55  22.01  23.23  22.99  23.37  22.67  23.22  22.82  22.71  22.24  22.91  22.46  23.69  22.28  22.91   
20.94  21.76  22.40  22.95  22.82  23.10  22.48  22.76  22.80  23.65  22.71  23.10  23.04  23.04  23.55  23.61   
21.02  21.66  22.24  23.11  21.75  23.37  23.70  23.37  23.01  23.24  23.08  22.53  23.54  23.40  22.83  22.58   
21.54  22.03  22.85  23.46  22.22  23.28  22.58  22.91  23.24  23.59  23.16  23.34  22.77  22.58  22.98  22.98   


0
22.18  21.88  22.05  23.27  22.79  23.41  22.60  23.48  22.86  22.75  22.61  22.84  22.38  22.83  22.46  22.79   
20.84  22.05  21.14  23.10  23.07  23.65  22.72  22.29  22.63  23.18  22.75  23.14  22.84  22.21  23.32  23.19   
21.90  21.95  21.81  22.60  21.79  23.20  23.53  23.71  22.94  23.49  22.80  23.43  23.58  23.44  22.60  23.21   
21.28  22.21  23.39  23.26  22.67  22.97  22.95  23.17  23.96  23.85  23.08  23.02  23.06  22.62  24.12  24.08   


0
22.00  21.71  22.67  22.64  22.30  23.27  21.79  23.24  23.05  22.51  22.81  23.04  22.59  23.06  22.71  22.77   
20.82  21.90  22.29  23.08  22.62  23.42  22.49  22.67  22.50  23.25  22.72  22.26  23.39  22.44  23.56  23.77   
22.16  21.80  21.43  22.90  22.40  22.66  22.78  23.39  22.92  23.15  22.88  22.55  23.21  23.29  22.98  23.34   
20.81  22.31  23.37  23.47  21.82  22.72  23.14  22.93  22.91  22.92  23.64  23.59  23.30  23.16  23.62  23.52   


0
22.60  21.28  22.67  22.76  22.88  22.69  22.46  22.68  22.83  22.07  22.59  22.70  22.23  22.81  22.71  23.55   
21.63  22.15  21.82  22.74  22.62  22.60  22.39  22.37  22.91  23.15  23.35  22.69  22.93  23.79  23.29  22.56   
21.88  21.30  22.38  23.24  21.45  22.97  22.78  23.19  22.82  23.36  23.09  22.76  22.98  23.41  23.39  23.34   
21.99  22.45  22.86  24.07  21.55  23.40  22.70  22.71  22.91  23.94  23.29  23.35  22.65  23.59  22.99  23.17   


0
21.82  22.11  22.13  22.38  22.97  23.58  22.55  22.66  22.26  22.59  22.23  23.01  22.21  23.29  21.99  22.90   
21.06  21.62  21.80  22.49  22.49  23.19  23.07  22.34  22.58  23.43  22.91  23.41  22.91  23.03  23.13  23.59   
21.85  21.77  22.59  23.10  22.06  23.57  22.55  23.36  23.30  23.23  22.75  23.06  23.41  22.90  23.10  22.72   
22.11  22.02  23.22  23.57  23.16  23.04  22.67  23.23  23.23  23.92  23.27  22.85  23.01  23.56  24.07  24.03   


0
22.19  21.75  21.80  22.32  22.10  23.19  22.05  22.61  22.98  22.76  22.41  22.62  22.74  22.85  22.61  22.96   
20.99  22.06  22.10  22.77  23.19  23.26  22.43  22.91  21.81  23.39  22.97  23.26  22.86  22.84  23.73  23.51   
21.78  21.08  22.29  22.61  21.64  23.22  23.13  23.42  22.96  22.98  22.71  22.69  23.59  22.83  22.88  23.08   
22.18  22.35  23.53  23.39  22.54  23.21  22.52  23.40  22.83  23.30  23.10  23.39  22.69  23.62  22.39  23.03   


0
22.31  21.86  22.81  22.54  22.54  23.05  22.14  22.47  22.74  22.85  22.05  22.48  22.13  23.08  22.86  22.94   
21.51  21.78  22.19  22.64  22.95  23.03  22.30  22.58  22.51  22.96  22.94  22.70  22.95  23.31  23.17  23.48   
21.75  21.44  22.15  22.92  22.25  23.40  23.42  23.80  23.14  23.27  23.20  22.99  23.34  22.93  23.13  23.80   
22.00  22.46  23.25  23.72  22.38  23.41  22.82  23.49  23.83  23.61  23.19  23.00  23.56  23.46  23.63  23.36   


0
21.36  21.54  21.87  23.46  22.16  23.24  22.55  22.21  22.70  22.37  22.34  23.36  22.21  22.65  22.82  23.21   
21.47  21.62  22.15  22.60  22.28  22.99  22.37  22.54  22.79  23.03  22.70  22.66  22.91  22.91  22.99  23.14   
21.15  22.03  22.23  22.77  21.42  23.26  23.28  23.96  23.51  23.13  23.06  22.95  22.84  22.65  22.55  22.42   
22.11  22.15  23.60  22.97  22.62  23.26  22.90  22.90  23.23  23.12  23.03  23.57  23.40  23.70  23.91  23.32   


0
21.69  21.42  22.41  22.52  22.18  22.92  22.57  22.68  23.16  22.84  23.03  22.81  22.23  23.19  23.13  22.30   
21.77  21.26  22.18  22.96  22.62  23.22  22.90  22.57  22.71  23.36  22.93  23.11  22.93  22.44  23.43  22.56   
21.17  22.05  22.14  22.68  20.96  22.97  22.89  23.29  23.02  23.46  22.68  23.30  23.21  23.54  22.57  23.34   
21.40  22.18  23.11  23.23  22.37  23.63  22.70  23.04  23.37  23.83  22.94  23.23  22.26  23.73  22.83  23.52   


0
22.15  21.99  22.54  22.52  22.42  23.15  22.68  22.90  23.27  22.07  22.59  22.81  22.59  23.32  22.29  22.93   
21.36  22.28  22.65  22.28  22.83  22.91  22.59  22.47  22.40  23.05  22.40  22.90  23.50  23.18  23.43  23.92   
22.58  21.04  22.61  23.13  21.61  23.39  23.09  23.59  22.72  23.67  22.88  22.65  23.32  24.39  22.44  23.19   
21.55  22.31  22.35  23.23  22.10  23.63  22.81  23.04  23.25  23.60  23.18  22.87  23.17  23.30  23.46  23.34   


0
22.47  21.15  22.81  22.41  22.66  22.94  22.03  23.36  22.85  22.52  22.82  22.59  22.72  22.82  23.14  22.62   
21.92  21.66  21.84  22.75  22.42  23.13  22.61  22.07  22.10  23.37  23.26  22.70  23.17  22.82  23.57  23.03   
21.75  21.44  22.15  23.14  21.62  23.19  23.93  23.10  23.04  23.16  22.89  23.10  23.45  22.93  22.86  23.35   
21.86  23.00  23.63  23.24  22.52  23.19  23.70  23.27  23.38  23.50  23.54  23.00  23.44  22.75  23.79  22.82   


0
22.45  21.71  22.02  22.89  22.07  22.47  21.79  22.79  22.94  22.62  22.37  23.04  22.11  23.70  22.71  23.08   
21.77  21.64  21.70  22.85  23.25  22.70  22.59  22.57  22.29  24.36  23.14  23.01  23.39  22.81  23.02  23.17   
21.74  21.17  22.49  23.24  21.77  23.49  23.51  23.39  23.02  23.46  22.78  23.09  22.75  23.04  23.39  23.49   
21.55  22.05  22.99  23.59  22.64  23.06  23.03  22.82  23.71  23.83  23.53  23.23  22.65  22.74  23.46  23.70   


0
22.45  21.71  22.54  23.37  22.18  23.15  22.68  22.79  23.38  22.51  23.14  23.27  22.35  23.57  22.99  23.08   
21.77  22.02  22.41  22.62  22.83  22.91  22.70  22.67  22.40  23.05  22.72  23.11  22.48  22.93  23.56  23.62   
21.74  21.80  22.26  22.79  22.40  22.97  23.20  23.19  22.72  22.94  23.19  23.52  23.67  23.29  22.44  22.74   
21.55  21.91  23.37  23.59  22.23  24.19  23.03  22.82  23.59  23.15  23.41  23.23  23.17  23.45  22.99  23.87   


0
21.85  21.57  22.54  23.37  22.18  23.15  22.68  22.79  23.27  22.62  22.59  23.15  22.82  23.06  23.26  22.45   
21.63  22.02  22.41  22.62  22.83  22.91  22.70  23.37  22.81  23.36  22.51  22.47  23.05  22.81  23.16  23.92   
22.02  21.80  22.26  22.79  22.40  22.97  23.20  22.99  23.02  23.15  22.78  22.87  23.44  23.41  23.39  23.04   
21.70  21.91  23.37  23.59  22.23  24.19  23.03  23.80  23.25  23.37  23.29  23.59  22.78  23.45  23.15  24.40   


0
22.79  22.03  22.71  22.92  21.75  23.42  22.16  23.27  23.31  22.65  22.63  23.19  22.86  23.36  22.61  22.96   
21.26  22.32  22.10  23.00  22.55  22.84  22.73  23.41  22.85  23.39  22.55  22.51  23.08  22.97  23.33  23.81   
21.92  21.84  22.41  23.49  21.96  23.01  23.44  23.02  23.06  23.19  22.82  22.91  23.24  23.45  22.88  22.78   
22.18  22.35  23.40  23.39  22.00  22.87  23.07  23.84  23.29  23.41  23.33  23.63  22.82  23.48  23.19  22.67   


0
22.19  21.61  22.84  22.80  22.57  22.73  22.05  23.27  22.87  22.32  22.74  23.30  22.74  23.36  22.61  22.96   
21.67  22.32  21.98  22.89  22.87  23.15  22.93  22.61  22.33  23.59  23.18  22.83  23.08  22.97  23.33  23.81   
21.49  21.59  22.18  22.83  21.96  23.32  22.82  23.22  22.85  23.08  23.02  22.80  23.24  23.45  22.88  22.78   
21.59  21.81  23.15  23.39  22.13  22.99  22.74  23.18  23.40  23.30  23.33  22.79  22.82  23.48  23.19  22.67   


0
21.86  21.44  22.16  22.90  22.43  23.28  22.25  22.69  22.63  22.41  22.27  22.59  22.24  22.43  23.14  22.62   
20.97  21.78  21.72  23.20  22.63  22.61  22.51  22.48  22.62  23.37  22.94  22.48  22.26  23.19  23.98  22.73   
21.89  21.94  22.27  22.92  22.10  23.29  23.52  23.10  23.34  23.89  23.00  22.23  22.99  23.67  23.13  22.75   
20.67  22.19  23.51  23.00  22.52  23.53  23.15  22.61  23.49  23.61  22.72  23.60  22.53  23.32  23.16  23.71   


0
22.04  21.46  23.23  22.08  22.45  22.96  22.50  22.83  23.20  22.32  22.96  22.51  22.27  23.10  23.71  23.12   
20.99  21.68  22.10  22.66  22.44  23.46  22.83  22.71  22.43  23.29  23.08  23.26  22.86  23.09  24.27  23.51   
21.64  22.09  22.53  23.16  22.12  23.22  23.13  23.52  23.06  23.19  23.13  23.23  23.24  23.57  22.75  23.23   
21.74  22.49  22.77  23.63  21.72  23.21  22.74  23.07  23.74  23.41  23.33  23.27  23.20  23.90  23.34  23.56   


0
21.86  21.86  23.33  22.78  22.66  23.28  22.92  23.25  22.63  22.63  22.38  23.17  22.48  23.46  22.58  22.31   
21.51  21.66  21.84  23.09  22.42  23.03  22.71  22.68  22.51  23.37  22.52  23.02  22.60  23.43  22.90  23.63   
21.47  21.31  22.03  22.58  22.10  23.29  23.31  23.40  23.04  23.16  23.10  22.99  22.64  22.31  23.27  23.80   
22.15  21.65  23.51  23.60  22.52  22.85  22.60  22.94  23.15  23.50  23.07  23.36  23.31  23.03  23.95  23.89   


0
22.14  22.40  22.40  23.23  22.40  23.03  22.11  22.89  23.15  22.49  22.69  22.91  22.81  23.18  22.97  23.70   
20.80  21.12  21.81  22.95  23.03  23.51  22.78  23.06  22.39  23.65  23.34  22.89  23.94  22.30  23.28  24.06   
22.15  21.28  22.24  23.11  21.75  23.48  23.29  23.37  22.81  23.24  23.49  22.86  22.96  23.03  23.52  24.07   
21.39  21.63  23.10  22.86  22.63  23.28  23.13  23.13  23.35  23.48  23.28  23.22  23.02  23.72  22.98  23.51   


0
22.47  22.00  22.16  22.78  22.54  23.17  22.36  23.58  22.52  23.07  22.60  23.28  22.60  23.71  23.28  22.94   
21.51  21.78  22.66  23.43  22.84  23.23  23.21  22.58  22.93  23.37  22.94  22.59  22.95  23.07  23.57  23.63   
21.75  21.31  22.03  22.58  21.94  23.19  23.31  23.50  23.04  22.95  22.79  23.21  23.22  23.55  23.00  23.65   
21.86  22.19  23.63  23.60  22.65  23.07  23.15  23.49  23.83  23.50  23.66  23.72  22.53  23.32  22.84  23.71   


0
21.39  21.57  22.41  23.01  22.18  23.04  22.01  23.01  23.60  22.62  23.36  23.04  22.47  22.94  23.40  23.24   
21.36  21.01  22.29  23.53  22.41  23.01  22.09  22.77  23.22  23.25  23.25  23.11  23.05  22.93  23.29  24.07   
21.74  21.55  22.02  22.79  22.24  23.07  23.41  22.68  22.92  23.26  23.30  23.19  22.98  23.29  22.98  23.64   
21.70  22.45  23.11  22.99  22.37  23.18  23.69  23.48  23.37  23.60  24.11  23.23  23.30  23.16  23.31  24.58   


0
21.58  22.03  22.32  23.28  22.69  23.30  22.27  22.94  23.53  22.32  22.85  22.85  22.62  23.61  22.75  23.12   
21.40  22.19  22.33  22.77  22.76  23.46  22.73  22.20  22.54  23.09  23.18  22.72  23.31  23.09  23.33  23.96   
21.49  21.59  22.18  23.05  22.12  23.22  23.13  23.32  23.16  23.50  23.33  22.91  23.48  23.20  23.84  23.52   
21.74  22.08  23.28  23.51  22.81  23.10  22.96  23.73  23.52  23.30  22.74  22.31  23.59  23.62  23.34  23.74   


0
21.53  21.70  21.75  23.23  22.05  22.45  22.89  23.22  22.93  22.82  22.80  23.14  22.46  23.18  23.39  22.76   
20.80  21.38  22.05  23.18  23.03  22.90  22.68  22.96  22.39  23.65  22.92  23.42  23.26  22.79  23.14  22.85   
21.87  21.54  21.65  22.67  22.07  23.06  23.19  23.37  23.11  23.35  23.28  22.97  23.08  23.03  23.24  23.48   
22.71  22.03  23.61  23.34  22.63  23.28  23.46  23.46  23.47  23.13  23.28  23.10  22.38  23.43  24.08  23.69   


0
21.87  21.73  22.44  23.15  22.21  22.72  22.71  22.71  22.86  22.86  23.06  23.06  22.61  22.83  22.73  22.79   
21.66  21.80  21.97  22.54  23.07  22.83  23.62  22.39  22.83  23.18  23.59  22.92  23.19  23.08  23.45  23.64   
22.18  21.95  22.52  23.37  22.43  22.89  23.12  23.11  23.15  23.59  23.22  22.89  23.00  23.56  22.60  23.36   
22.02  22.34  23.52  23.74  22.26  22.75  22.39  22.73  23.84  22.72  22.97  23.02  23.19  23.33  22.70  23.90   


0
22.34  21.89  22.32  22.80  22.80  23.30  22.72  22.94  22.87  22.98  22.96  23.98  22.27  23.36  22.61  23.28   
21.67  22.19  22.10  23.00  22.34  23.87  22.93  22.61  22.23  23.29  22.76  22.40  22.97  22.72  24.14  23.66   
21.49  21.46  22.06  23.16  21.32  23.42  23.13  23.12  22.44  23.61  23.13  23.34  23.24  22.71  23.29  23.23   
20.55  22.62  23.28  23.03  22.41  23.33  23.07  22.85  23.29  23.30  23.45  23.15  22.69  22.92  23.82  23.74   


0
22.16  21.86  22.55  22.66  22.78  23.05  22.47  23.58  22.96  22.74  22.82  23.17  22.95  22.95  23.28  22.94   
20.97  21.91  22.07  23.20  22.84  23.44  22.71  22.18  23.23  23.16  22.73  22.59  23.51  23.07  23.17  23.18   
22.31  21.18  22.03  22.69  21.46  23.92  23.11  23.40  22.73  22.85  23.51  23.10  22.76  23.92  22.45  22.60   
22.44  22.73  23.38  23.72  21.42  23.19  23.48  23.38  23.38  23.39  23.77  22.76  22.92  23.46  23.32  24.77   


0
21.55  21.86  22.03  23.14  22.19  23.17  22.69  23.47  22.85  22.08  22.49  22.94  22.60  22.43  22.72  22.94   
21.24  21.91  21.84  22.98  22.84  22.72  22.81  22.48  22.51  23.87  23.26  23.02  23.06  23.07  22.76  24.23   
22.31  21.56  22.39  23.36  21.30  23.19  23.31  23.10  23.24  22.64  23.00  22.88  22.87  23.18  22.45  23.20   
22.15  22.60  22.87  23.72  22.38  22.96  22.82  23.27  23.26  23.84  23.77  23.36  23.18  22.89  23.16  23.00   


0
22.47  21.30  22.68  22.17  22.31  22.82  22.47  23.69  22.96  22.52  22.49  22.82  22.48  23.08  22.72  22.78   
21.92  22.04  21.36  22.86  22.10  23.13  23.21  22.98  22.82  23.57  22.84  22.70  22.60  22.82  23.71  23.78   
21.89  21.56  22.15  22.69  21.62  23.29  23.00  23.10  22.93  22.85  23.10  23.31  22.99  23.30  23.27  24.39   
21.56  22.46  23.76  23.48  22.92  23.64  22.93  23.27  22.92  22.93  23.77  23.48  23.18  23.46  23.63  23.53   


0
22.00  21.85  22.67  22.52  22.77  23.38  21.90  23.12  22.83  22.94  22.92  22.58  23.06  23.45  22.43  22.30   
21.09  21.77  22.29  22.96  22.83  23.73  23.30  22.47  22.60  23.56  22.72  23.33  23.16  22.68  24.10  23.47   
22.16  21.93  22.38  23.02  22.24  23.49  23.30  22.68  22.61  23.57  22.88  22.98  22.51  23.04  23.53  24.08   
21.11  22.05  23.37  23.23  22.10  22.84  23.25  22.60  23.48  23.83  23.29  23.23  23.30  23.30  22.99  23.87   


0
21.57  21.45  22.31  22.55  22.67  23.75  22.37  22.93  22.53  22.53  22.84  21.92  22.73  22.96  22.60  23.27   
21.25  21.92  21.73  22.42  22.22  23.35  23.02  23.00  22.01  22.97  22.64  23.14  23.30  22.83  23.45  23.94   
21.34  21.20  22.16  22.71  22.27  22.68  22.81  22.81  22.84  23.49  23.22  23.22  23.69  23.19  23.28  22.62   
22.75  22.07  23.27  23.26  21.98  22.86  23.17  23.39  23.28  23.74  23.32  23.14  23.32  22.62  23.80  23.37   


0
22.01  21.58  22.42  23.14  22.66  23.17  23.58  22.92  23.06  22.08  23.04  23.17  22.36  22.82  23.28  23.10   
21.65  21.53  21.72  23.09  22.63  23.23  23.01  22.78  22.82  23.57  22.84  23.34  23.06  23.19  22.62  23.63   
21.89  21.44  22.15  23.36  21.94  22.98  23.52  23.20  22.93  23.37  23.00  23.42  23.45  22.81  23.00  22.75   
22.59  22.86  22.74  23.36  22.52  23.30  22.93  23.38  23.26  23.50  23.19  23.00  23.44  23.32  22.68  23.36   


0
21.87  22.02  22.44  22.06  22.44  23.18  22.60  23.26  22.86  22.31  22.72  23.06  22.38  23.60  23.56  22.95   
21.25  21.54  21.73  22.99  22.64  23.35  22.22  22.39  22.32  22.77  22.75  23.35  23.07  22.46  23.59  23.64   
22.04  21.70  22.40  22.82  21.95  22.99  23.53  22.81  23.05  23.28  22.80  23.22  23.35  23.32  23.42  23.51   
21.87  22.21  23.14  23.62  22.80  23.20  23.17  23.17  23.28  23.63  23.90  22.78  23.32  23.33  24.12  23.19   


0
22.58  22.11  22.13  23.34  22.86  22.90  22.32  22.99  22.59  22.48  22.79  22.33  22.09  23.29  22.82  22.74   
20.93  21.75  22.03  22.83  23.23  23.61  22.37  22.95  22.37  23.63  23.33  22.98  23.25  23.03  23.54  23.29   
21.15  21.65  22.47  22.32  21.74  23.26  23.38  23.16  23.10  23.44  23.48  23.28  23.53  23.02  23.10  23.02   
22.84  22.69  23.60  23.09  22.34  23.15  22.79  23.23  23.34  23.24  23.27  22.61  23.27  23.70  23.28  23.32   


0
21.90  21.62  22.33  23.18  22.82  23.09  22.29  23.29  22.33  23.32  23.19  22.98  22.64  23.24  22.90  23.13   
21.68  22.33  21.87  23.01  23.09  22.96  23.05  22.82  22.45  23.81  22.98  23.06  23.32  23.59  23.61  22.92   
21.65  21.73  22.54  22.95  21.98  23.44  23.04  23.83  23.17  23.41  23.14  23.78  23.83  23.34  23.85  23.69   
21.75  22.37  23.54  23.16  22.83  23.45  23.19  23.09  23.07  23.20  23.69  22.80  22.83  22.93  23.36  23.75   


0
23.08  21.31  22.44  22.91  22.32  22.95  22.49  23.26  22.75  22.86  22.50  23.06  22.73  23.73  23.15  22.95   
21.52  21.92  21.73  22.88  23.38  22.73  22.42  22.69  22.42  23.28  23.06  22.71  23.07  23.32  23.32  23.49   
22.74  21.95  22.05  22.82  21.95  23.10  23.02  23.41  23.25  23.91  23.42  22.79  23.58  23.32  22.73  23.21   
21.72  22.34  23.27  23.62  22.67  23.43  23.17  22.95  23.50  23.63  23.43  23.38  23.32  23.33  22.54  23.55   


0
22.48  22.02  22.70  22.79  22.91  22.72  22.60  22.71  23.08  22.64  22.84  23.18  22.38  23.34  22.18  22.64   
21.93  22.05  21.85  23.22  22.86  23.55  23.22  22.69  22.94  23.48  23.17  22.71  23.19  22.95  24.13  23.19   
