 ü0
22.48  21.86  22.66  22.86  22.50  23.12  21.97  22.75  23.12  22.24  22.66  22.66  23.15  22.67  23.27  22.81   
20.82  21.88  21.91  23.04  22.36  22.96  22.94  22.51  22.86  23.10  22.88  23.07  22.67  23.04  23.44  23.51   
21.61  21.78  21.99  22.75  20.86  23.02  23.25  23.13  23.48  23.21  23.24  22.72  22.95  23.03  23.27  23.37   
22.01  22.31  23.36  23.09  22.65  23.25  22.99  22.88  22.99  23.80  23.03  23.45  23.29  23.33  24.31  23.79   


0
22.23  21.20  22.07  22.67  22.67  23.06  22.25  23.47  22.29  22.84  22.71  22.94  22.61  22.60  22.63  23.34   
21.55  21.17  22.20  22.98  22.83  22.80  22.38  22.66  23.32  23.15  22.83  22.80  22.61  22.47  22.81  22.65   
21.38  20.83  22.16  23.14  22.50  23.28  23.20  22.88  23.32  23.36  23.09  23.52  23.35  23.33  23.05  23.27   
21.92  21.96  23.53  23.38  21.74  22.74  23.26  23.05  23.72  23.05  23.55  23.02  22.70  23.52  23.25  23.66   


0
22.52  21.76  22.31  22.66  22.54  23.16  22.23  23.01  22.39  22.61  22.25  22.82  22.36  22.97  23.17  22.70   
21.54  22.05  22.30  23.08  22.71  23.20  22.67  22.65  22.28  23.54  22.71  22.78  23.05  23.20  22.93  23.54   
21.93  21.45  22.03  22.57  22.01  22.85  23.08  23.26  22.90  23.24  23.38  22.32  22.99  23.07  23.31  24.00   
21.46  22.49  23.39  23.61  22.14  23.63  23.47  23.14  23.26  23.49  23.66  22.89  22.81  23.08  23.40  23.65   


0
21.42  21.72  22.01  22.50  21.56  23.35  22.09  22.64  22.79  22.24  22.22  23.23  22.92  23.44  22.58  23.28   
20.82  21.63  22.26  22.36  22.99  23.37  22.53  22.91  22.34  23.30  22.57  22.53  23.13  22.54  23.44  23.66   
21.04  20.65  21.75  23.20  21.66  23.44  22.62  23.53  22.97  23.62  22.83  23.15  22.83  23.15  23.27  22.93   
21.28  22.31  23.23  23.57  21.83  23.59  23.43  23.87  23.33  23.57  23.15  23.09  23.03  22.76  23.52  23.08   


0
21.42  21.72  22.01  22.86  22.03  22.43  22.42  22.97  23.34  22.35  22.55  22.55  22.56  23.06  22.86  22.50   
20.82  21.63  22.26  23.04  22.99  22.85  22.73  22.81  22.86  22.99  22.88  22.85  22.79  22.54  23.57  22.90   
21.04  20.65  21.75  22.97  21.50  23.44  23.46  23.23  23.17  23.21  23.55  23.15  23.53  22.66  22.72  22.93   
21.28  22.31  23.23  23.45  22.24  23.03  23.21  22.88  22.76  23.11  23.38  23.21  22.90  22.90  22.73  22.90   


0
21.75  21.89  22.43  22.89  22.06  22.46  22.45  23.00  22.60  22.93  23.12  23.03  22.35  22.57  22.61  22.37   
20.30  21.15  21.70  23.07  23.02  22.88  22.76  22.84  22.16  23.42  22.70  22.98  22.93  23.19  23.46  23.53   
22.19  22.19  21.66  23.00  21.52  23.46  23.48  23.25  22.68  23.65  22.75  23.07  23.55  23.05  22.75  23.40   
21.89  21.94  23.63  23.48  22.26  23.05  23.23  22.91  23.13  23.71  22.82  23.24  23.32  23.21  24.02  22.93   


0
21.57  21.29  22.15  22.26  22.27  23.00  21.86  22.86  22.57  22.90  23.10  23.01  22.33  22.55  22.58  22.81   
21.36  21.12  22.03  23.04  22.78  22.65  22.53  23.01  22.14  23.40  22.67  22.96  22.90  23.16  23.16  23.20   
21.47  21.28  21.75  23.20  21.98  23.54  23.77  23.23  22.66  23.62  22.73  23.04  23.53  23.03  23.13  23.22   
21.57  22.18  22.97  23.57  21.83  22.80  22.77  23.00  23.11  23.68  22.80  23.21  23.29  23.19  23.05  24.14   


0
21.43  21.17  22.29  22.27  22.40  22.90  22.54  22.99  22.47  21.93  22.34  22.79  22.10  23.07  23.01  22.83   
21.24  21.52  21.45  23.17  22.69  22.76  22.65  22.62  22.36  23.41  23.11  22.97  23.25  22.80  23.18  23.22   
21.48  21.80  22.12  23.10  22.31  23.14  23.05  23.44  23.08  23.64  22.84  22.95  22.85  23.41  23.15  23.24   
22.17  21.65  23.24  23.82  21.98  23.27  22.89  22.79  23.23  23.01  23.05  22.50  23.43  23.20  23.06  24.16   


0
21.11  21.58  22.54  22.74  22.50  22.20  21.86  22.75  22.68  22.24  22.66  22.32  22.21  22.29  23.14  23.13   
20.95  21.63  22.50  23.04  23.10  22.85  22.63  22.81  22.14  22.99  22.57  22.32  23.13  23.16  23.57  22.75   
21.89  21.78  22.35  23.31  21.98  23.02  23.25  23.23  23.27  23.21  23.04  22.93  23.41  23.77  22.31  23.67   
22.01  22.45  22.97  23.33  22.38  23.37  22.99  23.00  23.11  23.46  23.03  22.97  22.90  23.75  23.36  24.32   


0
22.04  21.73  22.81  22.76  22.28  22.67  22.54  23.32  23.02  22.59  22.45  23.13  22.81  22.56  23.15  22.98   
20.97  21.52  21.33  23.05  22.58  24.00  23.35  23.13  22.87  23.41  22.68  22.97  22.91  22.80  23.04  22.76   
22.04  22.05  22.36  23.43  21.35  24.59  25.82  23.54  23.29  23.53  23.15  22.84  22.61  23.53  23.55  23.39   
21.29  22.33  22.99  22.98  22.25  23.27  26.36  26.79  24.25  23.01  22.93  22.86  23.05  23.06  22.74  23.63   


0
22.80  21.17  22.81  23.48  26.06  27.05  22.54  23.21  22.91  22.48  22.45  23.02  22.93  23.07  23.43  23.14   
20.97  22.28  22.16  23.17  23.01  27.61  25.62  22.72  22.46  23.61  22.79  23.19  23.25  23.54  23.45  23.07   
21.76  21.92  22.60  22.77  22.15  24.18  27.92  26.59  23.69  23.22  23.67  22.84  23.54  22.92  23.01  23.68   
21.44  22.19  23.11  23.82  22.93  23.04  23.77  28.99  27.47  23.70  23.28  22.98  22.92  23.90  23.37  24.51   


0
22.04  21.31  22.68  23.60  23.44  27.82  24.09  23.43  23.24  22.70  22.89  22.79  22.46  23.07  23.01  22.83   
21.38  22.15  21.80  22.94  22.79  25.52  28.04  24.43  22.87  23.31  22.68  22.54  23.25  23.05  23.31  22.46   
21.48  22.30  22.36  22.99  21.67  23.66  27.52  28.22  24.10  23.01  23.15  22.73  23.54  23.41  23.28  23.09   
22.47  22.60  23.37  23.82  21.98  24.95  25.93  27.95  27.47  23.70  23.51  22.98  23.30  23.76  24.16  23.80   


0
21.57  21.86  22.92  22.74  22.50  26.38  28.68  24.62  23.45  22.68  22.88  23.23  22.56  23.31  23.14  22.66   
21.23  21.76  21.67  22.81  22.89  24.09  28.03  26.28  23.88  23.60  22.78  22.96  22.67  22.79  22.48  22.60   
22.03  21.66  23.05  24.62  24.49  26.91  27.91  28.30  26.79  23.73  23.35  22.50  23.30  23.40  23.68  23.67   
22.89  23.12  24.99  25.24  27.93  27.57  27.40  28.77  28.32  24.81  22.92  23.93  23.29  24.03  23.68  24.85   


0
23.10  24.39  24.09  24.07  24.71  25.39  28.27  27.44  24.54  22.26  23.11  23.36  22.57  22.43  22.73  23.77   
23.26  25.38  25.85  26.17  26.44  27.01  27.75  28.12  26.60  23.61  23.53  22.97  22.68  23.30  23.45  23.52   
24.53  26.22  27.09  26.25  28.46  28.91  27.92  29.83  27.78  24.05  22.95  23.48  22.96  23.66  23.15  22.94   
24.35  26.53  27.47  27.82  27.17  30.05  27.84  29.82  28.66  24.60  23.40  23.34  23.05  24.32  23.37  24.51   


0
27.40  27.67  26.64  27.27  28.53  27.51  28.71  28.41  25.75  22.72  22.81  22.82  22.24  22.97  22.48  22.85   
25.78  25.89  26.78  27.72  30.27  27.93  29.20  28.62  25.63  23.84  23.45  22.57  23.28  23.20  23.20  22.94   
23.74  25.16  26.43  28.82  31.28  27.85  29.32  28.91  25.93  23.87  23.38  23.62  23.22  23.56  23.17  22.96   
22.20  25.13  27.73  28.76  28.35  26.74  27.23  26.17  24.28  23.49  23.66  23.85  22.94  22.94  23.72  24.36   


0
24.62  25.10  28.13  29.66  27.76  29.46  28.71  28.41  23.70  22.28  22.03  23.50  22.60  22.71  22.48  22.06   
22.75  26.14  27.79  28.47  27.48  28.32  27.58  25.44  23.61  23.23  23.45  23.21  23.17  23.08  23.07  22.64   
23.32  27.08  28.45  28.08  27.88  26.24  25.24  24.36  23.72  23.24  23.18  23.40  23.45  22.70  23.03  23.56   
22.49  24.48  26.63  25.75  24.03  23.29  23.14  22.37  23.03  23.49  23.19  23.25  23.97  22.80  23.08  23.47   


0
23.58  27.13  28.74  28.18  27.54  27.41  26.06  24.33  23.59  23.05  23.36  23.39  22.60  23.48  22.48  22.85   
22.75  27.94  27.90  27.28  27.28  25.54  23.37  22.85  22.59  23.34  22.60  23.74  22.82  23.20  23.47  23.24   
22.63  24.18  25.18  24.33  22.65  23.79  23.39  22.86  23.21  23.24  22.87  22.86  23.22  23.07  22.76  22.36   
22.05  22.35  23.90  23.13  22.41  23.40  23.25  23.25  23.60  23.72  23.54  23.73  23.07  23.36  23.24  23.47   


0
23.54  27.50  27.47  26.88  25.37  25.04  23.75  22.97  22.68  22.46  22.99  23.01  22.44  23.44  22.86  22.66   
22.17  23.89  25.16  24.28  22.57  23.57  23.04  22.51  22.45  23.10  22.99  22.96  23.13  23.16  22.48  22.90   
21.89  22.04  22.58  22.97  21.66  22.81  23.56  23.33  22.87  23.52  23.35  23.58  22.72  22.66  23.00  23.22   
22.45  22.45  23.61  23.45  22.51  23.14  23.21  22.77  23.33  23.34  23.50  23.09  22.90  22.90  23.20  22.37   


0
22.31  23.10  24.57  24.04  22.59  24.23  24.71  22.95  21.88  22.44  22.41  22.18  22.54  22.78  22.00  22.95   
21.06  21.73  22.00  22.90  22.86  23.24  22.31  22.59  22.53  23.38  23.07  22.08  22.88  22.64  22.60  23.18   
21.58  21.63  22.56  23.17  22.11  23.42  22.91  22.90  22.94  23.39  23.12  22.48  23.27  22.88  22.84  22.75   
21.99  21.75  23.20  23.67  21.94  23.34  22.97  22.86  23.20  23.09  23.36  22.71  23.14  23.16  23.34  23.94   


0
22.32  21.28  21.87  22.49  22.61  23.45  23.29  23.18  23.22  22.12  22.43  22.54  22.43  23.17  22.85  22.80   
21.08  22.00  21.90  23.14  22.98  23.36  22.72  21.89  22.12  23.29  22.98  23.16  22.89  22.90  23.15  21.98   
21.03  21.77  21.74  23.07  21.48  22.91  22.61  23.31  22.75  23.51  22.92  22.70  23.17  23.02  22.57  22.91   
22.44  22.17  23.47  23.20  22.23  23.24  22.65  22.76  22.75  23.22  23.49  22.60  23.02  23.74  23.67  23.95   


0
21.59  21.88  22.29  22.76  22.05  23.47  22.32  22.88  22.80  22.70  22.56  23.02  22.57  23.20  22.32  22.83   
20.56  21.39  21.69  23.28  23.01  22.87  22.95  22.22  22.77  23.51  23.11  23.08  23.14  22.68  23.45  23.07   
21.62  21.67  22.12  23.21  21.99  23.45  22.85  23.34  22.98  23.32  22.84  22.95  23.65  23.29  23.28  22.94   
21.44  22.33  23.37  23.10  22.93  23.49  23.00  22.68  23.57  23.35  23.16  23.58  23.69  23.48  23.22  23.98   


0
22.04  22.02  22.68  22.76  22.98  22.79  22.77  23.32  22.69  22.37  22.67  23.36  22.46  22.94  23.29  23.45   
21.78  21.90  21.80  22.60  23.11  22.87  23.15  22.52  22.66  23.21  23.11  22.97  23.03  23.05  23.99  24.12   
22.18  22.05  22.24  23.32  21.35  23.04  23.78  23.84  23.18  23.74  23.15  22.84  23.65  23.17  22.60  22.79   
22.47  22.46  23.75  24.06  23.07  22.70  23.00  22.57  23.46  23.35  22.69  23.10  23.18  23.34  23.53  24.51   


0
21.78  22.20  22.07  22.91  22.79  23.74  23.03  23.91  22.84  22.84  22.93  23.40  22.38  22.98  22.91  23.02   
21.28  21.68  21.61  22.64  23.57  23.32  22.99  22.76  23.01  22.23  22.51  22.69  23.29  22.47  22.94  23.71   
22.22  21.96  21.81  22.80  23.13  22.76  23.30  23.18  22.61  23.26  22.88  22.77  23.46  23.33  23.18  23.13   
21.62  22.23  23.15  23.14  22.02  22.96  23.26  23.38  24.06  23.85  23.43  23.50  23.08  23.52  22.94  23.49   


0
21.89  21.31  22.42  22.27  22.75  23.25  22.10  23.32  22.91  22.59  22.78  22.90  22.57  23.58  22.73  23.61   
21.51  22.15  21.57  22.60  22.69  23.59  22.24  22.52  22.46  23.01  22.68  22.76  23.25  22.93  23.18  23.22   
21.34  20.91  21.89  23.21  22.62  23.24  23.05  23.24  23.18  23.85  23.05  23.05  23.08  23.53  22.19  23.39   
21.29  22.46  22.99  23.46  22.66  22.81  23.55  23.01  22.89  23.35  23.16  22.86  23.05  23.48  23.22  23.27   


0
21.60  22.31  23.08  22.77  22.18  22.46  22.00  23.33  22.82  22.38  23.01  23.26  22.59  23.21  23.30  23.00   
21.12  21.91  22.17  23.18  23.23  22.88  22.56  22.74  22.57  23.22  22.59  23.31  22.58  23.19  23.73  23.08   
22.05  21.05  22.14  22.56  21.52  22.84  22.96  22.85  22.99  23.02  23.17  23.17  23.44  23.42  22.75  22.95   
22.04  21.67  23.76  22.87  22.67  23.28  22.90  23.13  23.59  23.25  22.82  23.36  23.32  23.35  23.23  23.28   


0
21.75  21.46  22.82  23.13  22.64  23.26  22.56  23.00  23.03  22.27  22.57  22.92  22.94  23.34  22.75  22.21   
21.25  22.41  21.93  23.18  23.34  23.19  22.56  22.64  22.47  23.02  23.12  23.31  22.81  22.94  23.60  22.78   
22.05  21.56  22.02  23.77  22.32  24.09  23.27  23.25  23.09  23.65  23.27  23.82  22.74  23.05  23.16  22.95   
21.45  22.47  23.76  23.48  22.26  23.17  23.12  23.68  24.26  23.48  23.64  23.60  23.45  23.77  23.55  24.52   


0
22.69  22.06  22.97  23.03  22.44  23.40  22.25  22.91  23.06  22.51  22.71  22.71  22.61  22.98  23.19  23.02   
21.41  21.93  22.20  23.20  23.47  23.21  22.89  22.56  22.81  23.65  23.36  23.01  22.49  23.33  23.49  23.10   
22.36  21.33  21.81  24.13  22.34  23.59  22.88  23.28  22.50  23.46  23.29  22.44  23.11  23.33  22.91  23.42   
21.77  22.77  23.66  23.38  22.56  23.08  22.60  23.48  23.50  23.85  23.55  22.78  23.34  23.24  23.25  23.13   


0
22.32  21.57  22.65  23.09  22.49  22.65  22.63  22.85  22.78  22.01  22.98  22.77  22.90  23.17  22.57  23.12   
20.94  21.23  21.90  22.91  22.34  23.15  22.52  23.10  22.54  23.08  22.87  22.84  22.32  23.39  23.42  22.59   
21.17  20.76  21.62  22.96  21.64  23.22  23.03  23.01  22.85  23.40  23.02  23.14  22.94  23.02  23.26  23.21   
22.00  22.17  23.09  23.56  22.09  23.13  23.42  22.76  23.32  23.10  23.49  22.84  23.15  22.75  23.51  23.78   


0
22.08  21.77  22.59  23.27  22.55  23.28  22.25  23.36  22.84  22.40  22.60  23.40  22.85  22.60  22.91  22.55   
20.87  21.04  22.08  22.52  23.04  22.80  22.79  22.36  22.50  23.45  23.36  23.01  23.18  22.84  23.89  22.50   
21.38  21.84  21.81  22.58  21.87  23.38  23.20  23.48  23.12  22.84  23.19  22.55  22.88  23.57  23.32  23.13   
21.62  22.23  23.53  23.14  21.88  23.42  23.59  23.27  23.38  22.82  23.32  22.54  22.57  23.38  22.94  23.31   


0
22.08  21.77  22.59  22.19  22.20  22.71  22.58  22.91  22.95  22.40  21.71  22.48  22.26  22.85  23.60  22.87   
20.87  21.04  22.08  23.09  22.73  23.11  22.48  22.76  22.19  23.15  22.72  23.22  23.40  22.35  22.94  23.10   
21.38  21.84  22.28  22.69  21.39  23.80  22.47  23.48  23.12  23.15  23.70  23.52  23.35  23.08  23.18  22.98   
21.62  22.23  23.53  23.14  22.83  23.53  23.37  22.71  23.61  23.28  23.20  22.54  23.21  23.09  23.89  22.95   


0
22.51  21.60  22.69  22.16  22.18  22.69  22.56  22.89  23.36  22.49  22.57  22.46  22.47  23.85  22.89  22.68   
20.98  21.27  22.05  23.07  22.70  23.09  22.46  22.74  22.57  23.02  23.01  22.45  23.15  23.19  23.05  22.78   
22.05  21.81  22.25  22.67  21.36  23.78  22.44  23.45  23.40  23.13  22.96  23.39  23.32  23.18  23.16  23.55   
21.45  22.88  23.51  23.12  22.81  23.50  23.34  22.69  23.13  24.05  23.29  23.60  22.67  22.79  23.23  23.82   


0
21.59  21.17  22.29  22.39  21.93  23.02  22.43  23.32  23.35  22.48  22.56  22.45  22.46  23.84  22.18  22.83   
21.78  21.39  21.57  23.62  22.26  23.18  22.95  22.62  22.56  23.01  23.00  22.44  23.14  23.17  23.58  22.16   
21.06  21.29  22.12  23.32  22.78  22.93  22.85  23.34  23.39  23.11  22.95  23.38  23.31  23.17  22.87  22.64   
21.88  22.19  23.50  23.82  21.71  23.27  22.67  23.34  23.12  24.03  23.28  23.58  22.66  23.34  22.74  23.27   


0
21.31  21.05  22.18  22.78  22.07  23.27  22.35  23.23  22.61  22.28  22.92  22.93  22.72  22.84  22.20  22.85   
21.54  22.05  21.83  23.30  22.29  23.20  23.17  22.45  22.48  23.44  23.13  23.42  23.17  22.83  23.61  22.18   
22.49  21.57  21.79  23.34  22.17  23.27  23.18  22.96  23.41  23.14  23.28  22.65  23.22  22.94  22.90  22.66   
21.76  21.95  23.39  23.73  22.69  23.63  22.81  22.59  23.37  23.95  23.77  22.65  22.94  23.36  22.77  23.30   


0
21.29  20.75  22.30  23.13  21.94  22.80  22.11  23.22  22.27  22.93  22.79  22.57  22.47  22.96  22.61  23.00   
21.52  21.40  21.70  22.50  22.91  23.29  22.36  22.53  22.78  23.22  22.27  22.98  22.70  22.57  23.05  22.62   
22.19  21.81  21.66  23.33  22.64  22.94  22.86  23.55  22.79  23.34  23.06  22.74  22.97  23.30  22.61  23.40   
21.75  21.94  23.13  23.36  22.13  23.17  23.23  22.36  23.47  23.25  23.88  22.88  23.06  23.49  23.55  22.93   


0
21.61  20.91  22.70  23.02  22.19  22.70  22.35  23.01  23.27  22.72  22.48  22.59  22.24  22.97  23.17  23.48   
20.72  21.67  21.83  22.74  22.50  22.89  22.57  22.85  22.38  23.34  22.82  22.89  23.17  22.95  22.79  23.24   
22.21  21.70  22.15  23.23  20.89  23.16  23.18  23.66  22.90  23.14  23.28  22.75  23.22  23.07  23.31  23.11   
22.05  22.89  23.27  23.49  22.14  23.06  22.70  23.14  23.49  23.38  23.54  23.01  24.10  23.22  23.72  22.94   


0
21.76  21.05  22.83  23.38  22.89  23.16  22.12  23.01  22.83  22.28  22.59  23.16  22.48  23.35  23.17  22.54   
20.58  21.16  21.71  23.19  22.61  22.79  22.57  22.04  22.90  23.13  22.92  22.68  23.28  22.83  23.34  23.09   
21.93  21.82  21.79  22.90  22.01  22.85  23.29  24.06  23.52  23.14  23.18  22.65  22.64  23.19  23.17  23.41   
21.46  22.35  23.39  22.89  22.55  23.29  22.59  23.14  23.14  23.49  23.19  23.13  23.20  22.51  23.56  23.65   


0
21.89  22.02  22.42  23.12  22.51  23.13  22.32  23.10  23.02  21.93  22.67  23.02  22.46  22.94  23.01  22.83   
20.56  21.39  22.16  22.71  23.01  23.38  22.65  22.42  22.97  22.70  22.90  22.97  23.03  23.17  23.85  22.76   
22.04  22.05  21.89  22.99  22.31  23.45  23.16  23.84  23.08  23.74  23.15  22.84  23.08  23.04  23.15  22.94   
21.44  21.65  23.11  23.58  22.25  23.27  23.22  23.78  23.01  23.13  23.51  23.34  22.92  22.77  23.06  23.63   


0
21.59  20.88  22.68  22.63  22.16  22.56  22.66  22.99  23.35  22.15  22.45  23.13  22.22  22.43  22.46  22.98   
21.38  21.77  21.80  22.60  22.69  22.97  22.65  22.62  23.08  22.91  22.90  22.54  22.91  23.17  23.58  22.31   
21.90  21.04  22.24  23.21  22.15  23.04  23.16  23.14  23.49  23.32  23.05  23.05  23.08  22.92  23.55  23.24   
21.73  22.06  23.24  23.46  22.80  23.38  22.89  23.12  23.01  23.13  23.40  22.38  23.18  23.76  23.69  23.63   


0
21.90  21.89  22.69  23.13  22.76  23.03  22.33  23.00  22.60  22.82  22.35  23.03  21.88  23.47  22.47  23.00   
20.71  21.91  21.58  22.73  22.91  23.09  22.86  22.74  22.57  23.12  22.70  23.20  22.93  23.43  23.05  21.86   
21.91  21.43  22.14  22.89  22.64  23.46  23.58  23.25  23.30  23.34  22.85  23.07  23.09  23.42  23.70  23.40   
22.48  21.67  23.63  23.60  22.13  22.48  23.23  22.91  23.93  23.48  23.29  22.88  23.19  23.92  22.59  23.46   


0
21.90  21.89  22.43  22.53  22.99  23.60  22.56  23.55  22.93  22.38  22.68  22.92  22.35  22.70  22.75  22.68   
21.25  22.29  21.70  23.07  23.02  23.09  22.86  23.14  22.88  23.42  22.70  23.20  22.81  23.19  23.87  23.08   
21.63  21.56  21.90  23.11  21.84  23.15  22.86  22.95  22.89  23.13  22.96  23.17  23.21  23.79  22.06  22.80   
22.04  21.80  23.25  23.24  22.26  23.17  22.68  23.13  23.13  24.16  23.41  22.76  22.67  23.35  22.91  23.82   


0
22.66  21.89  22.95  22.77  22.41  23.14  22.56  23.55  23.14  22.49  22.79  22.69  22.35  22.44  23.30  23.00   
21.66  21.91  21.82  23.29  23.12  22.88  22.26  23.14  22.47  23.12  22.91  22.98  22.35  23.31  23.73  22.78   
21.63  22.31  22.14  22.78  21.84  23.46  23.07  23.15  23.40  23.23  22.65  23.17  23.55  23.55  23.16  23.10   
22.04  21.80  23.13  23.12  22.26  23.17  23.01  22.69  23.81  23.59  23.41  22.88  23.06  23.07  23.23  23.82   


0
22.51  21.60  22.69  23.13  22.29  23.14  22.45  23.77  22.60  22.93  22.46  22.11  21.99  22.70  23.02  23.00   
20.98  21.40  21.82  23.29  22.70  23.50  22.66  22.64  22.68  22.92  22.91  23.31  22.58  23.19  24.00  22.32   
22.05  21.31  22.02  23.22  22.00  23.26  23.17  23.35  22.48  23.34  22.85  23.28  23.44  23.05  23.02  23.40   
22.04  21.53  23.25  23.60  22.67  23.39  23.12  22.91  23.59  23.25  23.06  22.76  22.80  23.63  22.91  24.17   


0
22.65  21.17  22.68  23.24  22.86  22.56  22.43  23.43  23.13  22.48  22.78  23.02  22.34  23.20  22.87  22.83   
20.56  21.39  22.16  23.62  23.22  23.49  22.65  22.42  22.97  23.01  22.15  22.65  23.48  23.17  23.31  22.61   
21.62  21.29  22.00  22.88  22.31  23.76  23.36  23.64  23.29  23.11  23.26  22.62  22.85  22.80  22.74  23.68   
21.59  21.79  23.50  23.58  22.25  22.81  22.78  22.79  22.89  23.47  22.81  23.10  22.40  23.06  23.37  23.27   


0
21.78  21.20  22.72  23.15  22.20  23.17  22.14  22.91  22.73  22.51  22.49  23.28  22.38  22.72  22.49  22.39   
20.60  21.93  21.37  22.86  22.62  23.11  22.99  22.76  22.50  23.45  22.62  23.54  22.95  22.59  23.08  22.65   
21.24  20.70  22.16  23.25  21.23  23.07  23.09  23.18  22.81  23.36  23.29  23.31  23.23  23.94  23.05  22.38   
21.62  21.96  22.90  23.86  22.15  22.85  23.26  23.27  23.38  23.16  23.20  23.62  23.60  23.38  23.57  22.95   


0
21.56  21.28  22.13  22.97  22.37  23.45  22.74  23.62  22.78  22.67  22.54  22.31  22.55  23.05  23.26  22.96   
21.35  21.62  22.01  23.37  22.66  22.95  22.52  22.50  22.12  22.78  22.55  22.95  23.23  23.39  23.02  23.04   
22.02  21.65  21.74  23.62  21.80  23.43  23.44  23.11  23.36  22.77  23.33  23.03  22.94  23.26  22.99  23.21   
20.97  22.30  23.22  23.08  22.50  23.35  23.53  23.42  23.32  22.99  23.49  23.20  23.28  23.03  23.19  24.31   


0
21.75  21.89  22.17  23.13  22.64  22.80  22.33  23.11  22.49  22.60  22.68  22.69  22.82  22.83  23.02  23.00   
21.52  22.04  21.58  22.84  22.49  23.50  22.66  22.33  22.78  22.82  22.80  22.77  22.58  23.06  23.87  22.47   
21.35  22.06  22.14  23.22  22.48  23.57  23.07  23.55  22.99  23.23  23.37  22.63  23.21  22.68  22.06  22.95   
21.30  22.34  23.76  23.48  22.26  23.17  23.45  22.58  23.47  23.59  22.94  23.36  22.93  23.49  24.33  23.28   


0
21.88  21.44  22.54  23.22  22.62  23.35  22.31  22.75  22.24  22.57  22.44  23.01  22.44  23.19  22.72  22.81   
20.82  21.76  22.26  23.15  23.10  23.06  22.43  22.21  22.65  23.50  23.09  23.49  22.33  22.30  23.57  22.90   
21.61  21.66  22.11  22.75  21.82  22.81  23.25  23.03  23.17  23.31  22.83  22.83  23.06  23.64  22.86  22.78   
21.87  22.58  23.48  23.69  22.51  23.37  22.99  22.77  23.68  23.68  22.92  23.09  23.42  23.33  23.84  23.79   


0
20.81  21.72  22.79  23.10  22.62  22.89  22.64  22.86  23.12  22.13  22.44  22.78  22.68  22.93  22.72  23.75   
21.50  21.88  21.55  23.27  22.99  22.96  22.63  22.51  22.65  23.20  22.78  22.75  22.44  23.16  23.30  22.90   
21.75  21.91  21.87  23.31  21.18  23.44  23.04  23.43  22.66  23.10  23.14  23.04  22.72  23.40  23.27  22.93   
21.42  21.77  22.46  23.21  23.05  23.48  23.21  22.66  23.79  23.46  22.56  23.09  23.42  22.76  22.89  22.72   


0
22.37  21.48  22.44  22.78  22.19  23.39  22.68  22.90  22.61  22.28  22.70  23.16  22.84  23.35  22.76  23.48   
21.27  22.17  22.30  22.06  22.50  23.71  22.17  22.65  22.79  22.93  22.60  22.68  22.82  23.20  23.61  22.79   
22.07  21.70  22.39  22.79  21.70  23.27  22.97  22.96  22.90  23.24  22.97  22.86  23.22  23.07  23.03  23.11   
21.46  22.35  23.14  23.97  21.87  23.18  22.92  23.14  23.14  23.95  23.42  23.13  23.71  23.08  23.87  23.30   


0
22.06  21.60  22.56  22.53  22.64  23.26  22.67  23.00  23.14  22.49  22.79  22.34  22.35  23.08  22.33  23.00   
21.39  21.40  21.82  23.07  23.02  23.39  22.86  23.14  21.85  23.02  22.49  22.77  23.04  22.94  23.73  22.47   
21.63  21.81  21.90  23.77  22.64  23.05  23.38  23.65  23.30  23.34  23.47  23.39  23.67  22.81  23.16  23.70   
21.30  22.47  24.01  23.60  21.86  23.05  23.01  23.02  23.36  23.37  23.53  22.76  23.57  23.49  24.49  23.64   


0
22.66  21.46  21.91  22.77  22.06  22.69  22.11  23.22  22.82  23.04  22.57  22.80  23.06  23.47  22.89  22.84   
21.12  21.15  21.93  22.95  22.81  22.88  22.56  22.43  22.57  22.92  22.91  23.09  22.58  22.82  23.05  23.38   
22.47  21.56  22.25  22.89  22.16  23.15  22.86  23.75  23.30  23.13  23.17  22.85  22.86  23.67  23.43  23.10   
21.45  22.34  23.13  23.12  22.26  22.83  22.35  23.02  23.36  22.80  23.41  22.15  22.67  23.35  23.07  23.82   


0
22.51  21.46  21.65  22.16  22.53  22.92  22.78  23.00  22.60  22.60  21.80  23.37  23.29  22.83  21.91  23.31   
21.66  22.16  21.70  22.73  22.59  22.88  22.56  22.84  22.37  22.92  22.59  23.09  23.15  23.31  23.19  23.23   
21.49  21.68  22.37  22.89  21.84  22.73  22.96  23.35  23.20  23.34  23.17  22.20  22.86  22.68  22.61  23.99   
21.45  21.94  23.38  23.48  22.40  23.39  23.01  22.69  23.02  23.59  23.29  23.12  22.93  23.49  22.75  23.46   


0
22.07  21.33  22.57  23.02  22.89  23.39  22.90  23.12  22.61  22.83  22.70  23.04  22.84  23.73  22.90  22.54   
21.81  21.92  22.07  22.62  23.03  22.89  22.87  22.65  22.28  23.34  23.13  23.10  22.71  23.20  23.20  23.69   
22.07  21.57  22.15  23.01  21.54  23.27  23.80  23.56  23.11  23.35  23.07  23.19  22.99  23.56  22.76  23.86   
21.46  22.08  23.27  23.01  22.55  23.63  23.25  23.25  23.49  23.49  23.31  22.89  22.55  23.51  23.87  23.47   


0
22.23  21.20  22.46  22.91  22.44  23.17  21.80  23.69  22.73  22.73  22.71  23.17  22.14  23.75  22.91  22.87   
21.28  21.93  21.72  22.98  22.51  22.70  22.79  22.96  22.70  23.35  23.25  22.69  23.52  23.33  23.08  22.65   
20.95  21.21  21.69  22.91  22.19  23.90  23.92  22.98  22.81  23.57  23.09  23.41  23.35  24.18  22.91  23.42   
21.62  22.90  23.79  23.26  21.88  23.42  22.38  23.38  23.50  23.73  23.32  23.26  23.08  23.80  23.25  23.66   


0
22.23  21.20  22.46  22.91  21.73  23.06  22.47  23.36  22.95  22.62  22.93  23.17  22.97  23.11  22.91  22.23   
21.28  21.93  21.72  22.98  23.04  23.32  23.19  22.86  22.08  23.15  23.04  23.01  23.06  22.96  23.49  22.80   
20.95  21.21  21.69  22.91  21.39  23.80  23.40  23.58  23.32  23.05  22.67  23.20  23.23  23.94  23.73  23.42   
21.62  22.90  23.79  23.26  22.43  22.85  23.15  22.83  23.84  23.85  23.20  22.06  22.70  23.09  23.10  23.13   


0
22.36  21.46  22.30  22.77  21.71  23.03  22.45  23.33  22.93  22.60  22.79  22.69  22.47  22.57  22.33  22.21   
21.12  21.27  21.82  23.18  23.02  23.29  23.16  22.84  22.06  23.32  23.12  22.66  23.15  23.06  23.60  22.78   
21.49  21.31  22.73  23.22  21.36  23.78  23.38  23.55  23.30  23.13  23.58  22.42  23.67  22.93  23.02  23.25   
21.45  22.21  23.76  23.36  22.40  22.83  23.12  22.80  23.81  23.93  23.18  23.00  22.80  23.92  22.91  23.64   


0
21.32  21.63  22.72  22.67  23.02  22.71  22.25  23.02  22.73  22.29  22.82  22.71  22.49  22.60  22.36  22.23   
21.01  21.81  22.43  23.54  22.73  23.32  22.89  22.76  22.50  23.35  23.14  22.69  23.18  23.09  23.62  22.65   
21.52  21.71  22.16  22.80  22.03  23.38  23.71  23.28  23.32  23.15  23.60  22.44  23.69  22.96  23.05  22.68   
21.77  22.77  23.03  23.86  22.70  22.85  23.59  23.27  23.50  23.96  23.20  23.02  22.83  23.94  22.94  23.49   


0
22.06  21.32  22.30  22.65  22.53  23.37  22.67  23.22  22.60  22.38  23.23  22.46  22.11  22.44  22.47  23.93   
21.25  21.27  21.46  23.07  22.70  22.88  22.15  22.74  22.68  23.22  23.23  22.88  22.47  22.57  23.33  22.62   
22.19  21.81  22.96  23.00  21.68  22.94  23.17  23.55  23.30  23.02  23.37  23.07  23.32  22.81  22.89  22.65   
21.89  21.80  23.76  22.87  22.81  23.28  23.56  23.35  23.25  22.57  22.94  23.00  22.67  23.21  23.07  23.46   


0
21.57  22.14  21.88  22.86  22.50  23.23  22.20  23.31  23.23  22.35  22.66  21.97  22.44  23.19  22.86  22.02   
20.54  21.76  22.73  23.49  22.89  23.37  22.43  22.31  22.55  22.89  23.41  23.17  23.01  22.79  23.71  22.90   
22.45  22.04  21.64  23.09  21.98  23.34  23.04  23.33  23.17  22.68  22.83  22.83  23.41  22.91  23.27  23.67   
22.16  22.04  23.61  23.21  22.24  22.91  23.10  23.32  23.11  23.34  23.03  23.09  22.90  23.04  24.31  24.14   


0
22.22  21.19  22.05  22.90  22.54  22.93  22.68  23.12  22.94  22.39  22.81  23.04  22.95  23.35  22.90  22.70   
21.27  21.79  22.18  22.96  22.61  23.20  23.07  22.95  22.90  23.84  22.71  22.25  22.60  22.83  23.07  22.49   
21.51  21.82  22.03  23.56  21.70  23.27  22.77  23.56  22.70  23.87  22.97  23.29  23.33  22.82  22.76  23.56   
21.61  22.62  23.01  23.13  22.41  23.52  23.14  22.59  23.26  23.49  23.42  23.37  23.20  23.51  23.40  23.83   


0
23.10  21.73  22.42  23.00  22.98  23.13  22.66  23.32  22.80  22.70  22.56  22.90  22.46  23.33  22.60  23.61   
21.38  21.90  21.57  23.39  22.90  23.07  22.55  22.72  22.66  23.31  23.32  23.19  23.25  22.43  23.45  22.31   
22.46  22.17  22.36  22.88  22.46  23.24  22.95  22.94  23.49  23.01  22.95  23.16  23.42  22.30  23.55  23.83   
21.88  22.33  23.24  23.22  22.12  22.81  23.22  22.57  23.35  23.70  23.63  23.10  22.40  24.18  23.22  25.03   


0
22.69  21.20  22.33  22.31  22.44  22.83  22.47  22.69  22.84  22.84  22.49  22.94  22.61  23.24  22.63  23.96   
21.14  21.81  21.96  23.20  23.04  22.80  23.09  22.46  22.60  22.94  22.51  23.01  23.40  22.96  23.08  22.35   
21.24  21.71  22.52  23.58  21.71  23.70  23.40  23.58  22.30  23.15  23.09  22.98  23.11  22.83  22.64  23.72   
21.77  22.23  23.66  23.50  22.43  23.42  22.93  23.05  23.38  23.28  23.32  22.90  23.08  23.38  23.41  23.84   


0
21.46  21.05  21.92  23.62  22.42  22.58  22.35  23.23  22.83  22.50  22.92  22.82  22.24  23.10  23.45  22.54   
21.27  21.03  22.07  22.28  22.71  23.00  22.67  22.65  22.38  23.23  22.39  22.68  23.17  22.95  23.88  23.54   
21.22  21.19  22.50  23.23  21.54  23.27  23.39  23.76  23.11  23.56  22.87  23.51  22.87  23.56  23.71  23.11   
21.32  22.35  23.52  23.73  21.87  23.18  23.47  23.03  23.37  23.15  22.84  23.49  22.94  23.08  23.72  22.76   


0
22.65  22.02  22.68  23.00  22.75  22.90  22.32  23.43  23.02  22.91  22.78  23.13  22.69  22.81  22.87  22.51   
20.69  21.52  22.51  22.83  22.79  23.69  22.85  23.03  22.56  23.41  23.21  22.65  22.68  23.17  23.99  22.92   
22.04  21.42  21.89  22.54  21.35  23.14  22.95  23.04  22.88  23.64  23.05  22.30  23.31  23.41  23.83  23.68   
21.73  22.06  23.75  23.82  21.29  23.15  23.22  23.01  23.35  24.03  23.51  23.10  23.18  23.62  22.58  23.63   


0
23.00  21.22  22.86  23.53  22.91  23.18  22.26  23.59  22.63  22.53  22.61  22.95  22.74  22.74  22.92  22.72   
21.29  21.57  21.74  23.10  22.42  23.33  23.20  22.87  22.61  23.16  23.37  22.70  22.62  22.98  24.31  22.66   
21.67  21.85  22.41  23.26  22.36  23.60  23.41  23.79  23.03  23.16  23.51  23.10  23.01  22.60  23.47  23.14   
22.37  23.31  23.67  23.63  22.85  23.32  22.72  23.39  23.74  23.52  23.45  23.27  22.71  22.96  23.42  23.68   


0
21.76  21.33  22.96  23.02  22.42  23.16  22.79  23.23  22.94  22.50  22.81  22.93  22.95  23.61  22.34  22.38   
21.67  22.05  21.71  23.30  23.24  23.20  22.37  22.95  22.69  23.13  23.03  22.35  23.28  23.32  23.20  22.49   
21.65  22.07  22.27  23.23  21.85  23.27  22.87  23.56  23.01  22.93  22.87  22.97  23.33  23.31  23.58  22.81   
21.02  22.49  22.89  23.49  22.69  22.27  22.59  23.25  23.94  23.15  22.60  23.13  22.81  23.93  22.92  23.83   


0
