0
21.65  21.66  22.74  22.70  22.46  23.08  22.50  23.27  22.21  21.55  22.62  22.51  22.28  23.52  22.66  22.42   
20.49  21.83  21.87  22.44  22.54  23.44  22.91  22.89  22.83  22.97  23.06  22.82  23.09  22.74  23.51  23.73   
21.40  21.10  22.66  22.72  21.41  23.51  22.91  23.40  23.04  23.49  23.01  22.58  23.60  22.98  22.94  23.60   
22.09  22.53  22.80  22.92  21.91  22.99  22.95  23.07  22.84  23.42  22.99  22.93  23.11  23.26  24.22  23.87   


0
21.80  21.09  22.22  22.46  22.46  22.39  21.94  23.27  22.65  22.98  22.73  22.51  22.28  22.23  22.94  22.42   
21.17  21.58  21.39  22.55  23.07  23.55  22.81  22.58  22.52  23.17  22.54  23.25  22.97  23.11  23.24  23.28   
21.54  21.10  21.71  23.05  21.09  23.10  23.12  22.80  23.14  23.39  23.01  22.68  22.91  23.47  23.62  23.60   
21.94  21.58  23.56  23.65  21.91  23.10  22.62  22.52  23.18  22.96  23.58  23.05  23.11  22.69  24.38  23.69   


0
21.82  20.96  21.71  23.07  22.01  22.63  22.06  22.95  22.33  22.55  22.30  23.21  22.18  22.89  21.97  23.06   
20.77  21.34  22.35  22.90  22.76  22.84  22.32  22.19  22.33  23.49  22.97  22.51  22.76  23.12  23.25  23.14   
21.13  21.62  21.84  23.06  21.27  23.42  22.71  22.91  23.26  22.98  22.81  22.80  23.27  23.73  23.90  22.86   
21.81  21.87  23.44  23.18  22.60  22.66  22.30  23.41  23.08  23.32  23.35  23.54  22.21  23.41  24.39  24.58   


0
22.09  21.07  21.69  22.68  22.91  22.72  22.26  22.81  22.63  22.20  22.61  22.73  22.86  22.35  22.65  23.35   
21.43  21.69  21.97  23.10  22.95  23.33  22.90  22.37  22.61  23.56  22.84  22.49  22.85  22.85  23.23  22.81   
21.39  21.34  22.17  23.26  22.20  22.77  22.90  22.99  22.62  22.64  23.41  22.67  22.90  22.84  23.06  22.54   
21.05  22.24  23.17  23.27  21.89  23.32  22.94  23.39  23.17  23.06  23.33  23.03  23.10  22.68  24.37  24.03   


0
21.64  21.64  21.82  22.68  21.75  23.18  22.26  22.70  22.52  22.09  22.83  23.41  21.56  22.86  22.65  22.56   
20.47  21.82  22.09  22.31  22.63  23.33  22.70  22.67  22.41  23.06  23.26  22.70  23.08  22.73  23.63  23.27   
21.53  20.96  21.94  23.04  22.99  23.50  23.21  23.49  23.44  22.85  22.89  23.10  23.24  22.60  23.20  23.29   
21.78  22.51  23.55  23.51  22.03  23.20  22.72  22.62  23.62  23.74  22.98  23.03  22.71  23.25  23.74  23.85   


0
21.80  21.23  21.83  23.18  22.81  22.85  22.38  23.38  22.43  22.54  22.62  22.85  22.28  22.88  22.94  23.36   
21.30  21.07  21.75  22.44  22.43  23.24  22.61  22.69  22.73  22.87  22.96  23.03  23.09  23.11  23.10  22.68   
21.54  21.10  22.66  22.83  22.69  22.68  22.60  23.20  23.25  23.28  23.52  22.25  23.14  23.23  23.07  22.55   
21.50  22.66  23.31  22.92  22.18  23.22  22.84  23.18  23.30  23.42  23.11  23.17  22.72  23.40  24.07  24.74   


0
21.80  21.23  21.83  23.18  22.34  22.62  22.72  22.60  22.54  21.99  22.29  23.08  22.40  22.75  22.52  22.89   
21.30  21.07  21.75  22.44  22.64  23.34  22.41  22.18  22.11  23.47  22.75  22.71  22.97  22.99  23.24  22.98   
21.54  21.10  22.66  22.83  21.89  22.78  23.01  23.30  23.04  23.18  22.90  22.36  23.25  22.86  22.94  22.70   
21.50  22.66  23.31  22.92  22.32  22.76  23.17  22.85  23.30  23.08  23.23  22.69  23.11  21.98  24.38  23.87   


0
21.52  21.54  21.86  23.32  22.37  22.65  22.74  22.63  22.56  22.01  22.87  22.76  22.43  22.77  22.68  22.44   
21.47  21.86  21.54  22.57  22.67  23.37  22.43  22.20  22.13  23.50  22.98  22.52  23.34  23.01  23.54  22.85   
21.43  21.76  22.57  22.63  21.92  22.81  23.04  23.33  23.07  22.99  23.03  22.71  23.05  23.50  23.50  23.47   
21.23  22.15  23.20  23.91  22.34  22.79  23.20  22.87  23.32  23.44  22.78  22.95  22.36  23.28  23.62  23.18   


0
21.66  21.24  21.97  23.43  22.59  22.75  22.40  23.06  22.77  22.66  22.86  22.75  22.41  22.76  22.67  22.43   
20.91  21.72  21.41  22.56  22.23  23.25  22.52  22.50  22.33  23.28  22.97  22.51  23.33  23.00  23.52  22.84   
21.84  21.37  22.08  23.06  21.59  22.69  23.54  23.81  22.54  22.98  23.02  22.70  23.04  23.49  23.49  23.46   
21.22  21.87  23.32  23.42  21.78  23.23  22.75  23.08  23.65  23.43  22.77  22.94  22.34  23.27  23.61  23.35   


0
21.47  21.06  22.46  22.79  21.97  23.28  22.58  23.02  22.40  22.18  21.93  23.28  22.26  22.72  22.49  22.87   
21.01  21.17  21.84  22.64  22.83  22.80  22.79  22.46  21.77  23.04  22.62  22.69  22.95  22.72  23.08  22.50   
21.66  21.33  22.04  22.58  22.19  23.59  22.57  23.28  23.73  23.26  22.46  23.31  22.65  23.82  22.77  22.53   
21.03  22.63  23.28  22.78  22.43  22.96  22.60  22.83  23.04  23.05  23.08  22.90  23.08  22.10  22.62  23.31   


0
21.79  21.22  22.21  22.32  22.33  22.95  22.59  22.92  23.07  22.64  22.39  22.73  22.51  23.12  22.37  23.19   
21.29  21.82  21.85  22.65  22.84  23.23  22.80  21.86  22.30  23.66  22.95  23.13  22.85  22.98  23.23  23.12   
22.23  21.09  21.46  23.04  21.40  23.08  23.10  23.09  22.82  23.06  23.20  22.78  23.36  23.34  23.33  22.99   
21.19  22.24  22.91  23.15  21.48  23.09  23.38  23.28  23.17  23.40  23.45  22.67  23.10  23.81  22.63  24.03   


0
21.62  21.35  22.20  22.43  22.32  23.28  22.80  22.80  22.95  22.29  22.27  22.71  22.14  22.60  22.63  22.71   
20.46  20.92  21.25  22.86  22.73  22.80  22.38  22.56  22.08  22.43  22.72  22.90  22.84  22.84  23.89  23.26   
21.94  21.46  22.52  22.80  22.03  23.38  22.57  23.68  23.22  23.26  23.09  22.77  23.00  22.71  23.86  22.68   
20.74  21.96  23.66  23.14  22.02  22.51  23.04  23.48  23.27  23.05  22.73  23.02  22.83  22.81  23.25  23.13   


0
21.64  21.36  22.60  22.68  22.45  22.84  22.04  23.04  22.08  22.85  22.83  23.07  21.79  22.61  22.65  22.41   
21.43  21.44  21.62  23.10  22.84  22.92  22.50  22.47  22.09  22.75  22.84  22.27  23.19  22.73  23.23  23.12   
20.97  21.22  21.58  23.48  21.88  23.50  23.41  23.49  22.72  23.37  22.79  22.99  23.01  23.71  22.79  22.69   
21.49  21.70  23.17  23.27  22.17  23.54  22.83  22.40  23.28  23.40  23.10  23.15  22.45  23.81  23.42  23.50   


0
21.33  21.07  21.82  22.32  22.33  22.95  22.48  23.37  22.52  21.87  22.50  23.30  21.91  22.86  22.51  22.56   
21.43  21.18  21.74  22.65  23.06  23.02  22.29  22.77  22.41  22.75  22.73  22.92  23.08  22.48  23.23  23.27   
21.11  21.47  21.46  22.82  22.83  23.40  23.21  22.99  23.13  23.79  23.00  23.10  23.24  22.97  23.33  23.44   
22.08  22.24  22.66  23.03  22.30  23.32  22.61  23.06  23.62  23.06  23.21  23.15  23.10  23.11  23.11  22.97   


0
22.61  22.13  22.14  22.63  22.51  22.90  22.32  22.88  23.24  22.26  22.67  23.24  22.21  23.44  22.85  23.26   
20.81  21.63  21.68  23.50  22.48  23.08  22.76  22.43  22.47  23.22  23.22  23.30  23.14  23.53  23.56  23.48   
22.02  21.66  22.35  22.54  21.62  23.35  23.37  23.55  22.68  23.54  23.16  22.73  23.76  23.28  23.26  22.60   
21.55  22.04  23.10  23.09  22.23  23.38  23.00  23.45  23.91  23.35  23.04  23.93  23.29  23.31  22.85  23.56   


0
21.94  21.22  22.08  23.17  22.21  22.84  22.26  23.26  22.63  22.20  22.72  22.38  22.86  22.86  22.65  22.25   
21.29  21.57  21.74  23.22  22.74  22.50  22.50  21.96  22.51  23.36  22.95  22.81  23.19  22.85  23.09  23.27   
21.11  21.60  21.70  23.15  21.88  22.77  23.21  23.09  22.82  22.95  23.51  23.53  23.24  23.71  23.06  23.58   
21.78  21.84  23.04  22.91  21.76  23.65  22.94  22.51  23.05  23.74  23.33  23.27  23.35  23.25  22.63  24.03   


0
21.36  21.39  22.62  22.71  22.47  22.63  22.95  23.06  22.55  22.11  22.53  22.87  22.65  22.76  22.67  22.75   
20.50  21.85  21.17  22.45  22.97  23.15  22.82  22.80  22.22  22.78  22.87  22.40  22.53  22.51  23.52  22.84   
21.70  21.37  22.08  22.62  21.43  23.63  23.54  23.21  22.85  22.98  23.23  23.23  23.50  23.36  22.95  23.16   
21.96  21.87  22.94  23.54  22.46  23.57  22.64  22.64  23.65  22.86  23.35  23.06  22.47  22.71  22.81  23.35   


0
21.37  20.83  22.25  22.96  21.78  23.45  22.52  23.18  22.78  22.12  22.32  23.11  22.90  23.03  22.82  23.54   
21.60  21.86  22.13  22.57  22.88  22.54  22.43  23.01  22.13  22.99  22.67  22.85  22.66  23.14  23.54  23.15   
21.99  22.01  21.97  22.74  21.44  22.70  23.35  23.13  22.66  23.30  23.03  23.03  23.39  23.38  22.41  23.03   
22.12  22.15  23.46  23.43  22.34  22.90  23.20  22.98  23.77  23.78  23.48  23.55  23.26  23.00  23.62  25.12   


0
21.83  20.97  22.64  22.12  22.25  23.10  22.63  23.18  23.00  22.45  23.20  23.45  21.95  23.03  22.96  23.23   
20.10  21.60  22.25  22.57  23.09  22.85  23.24  23.61  23.06  23.40  22.98  22.31  23.11  22.89  23.94  22.85   
21.57  22.39  22.68  23.52  21.44  22.81  23.04  24.91  25.29  25.17  24.16  23.35  22.47  23.25  22.41  23.62   
21.68  22.42  22.95  23.07  22.75  23.47  23.31  23.31  25.35  27.34  25.91  26.03  25.18  22.86  23.30  24.59   


0
21.68  21.97  22.12  22.96  23.07  26.48  27.83  25.81  23.55  22.45  22.76  23.22  22.31  23.79  22.68  22.60   
21.33  21.60  22.36  23.25  22.67  23.57  25.12  26.18  27.47  26.28  23.19  22.74  23.00  22.77  23.54  23.31   
21.29  20.75  22.57  23.07  22.08  23.23  23.45  23.53  25.69  28.11  27.68  24.10  22.93  23.13  23.23  23.62   
21.53  22.28  23.58  23.79  23.02  23.47  23.31  22.87  24.79  25.58  27.15  26.61  23.39  24.13  23.46  24.24   


0
21.64  21.50  22.73  22.68  22.56  24.99  28.53  28.12  22.85  22.53  23.05  23.30  22.74  23.12  23.34  22.72   
21.43  22.07  22.09  22.76  23.16  22.81  24.29  28.27  27.24  25.46  23.05  23.13  22.96  22.98  23.77  23.27   
21.95  21.22  22.05  23.04  22.04  24.02  23.31  24.78  27.43  27.47  25.14  23.64  23.93  23.95  23.20  22.69   
22.22  22.11  23.42  23.27  24.59  26.98  24.58  24.69  26.97  27.96  28.12  24.11  23.22  23.11  23.74  23.14   


0
21.97  21.53  22.10  23.19  22.01  23.32  26.86  28.35  25.47  23.64  22.08  22.87  23.36  23.15  22.95  23.22   
21.86  21.72  22.23  23.35  24.45  23.76  23.42  26.65  27.66  27.05  22.76  22.94  22.99  22.01  23.66  23.14   
21.56  21.87  22.79  24.60  26.73  25.89  24.98  27.62  29.01  28.79  25.57  23.02  23.73  23.85  23.63  23.46   
21.96  22.81  23.32  25.56  25.41  26.89  27.07  26.65  28.51  29.91  27.36  23.42  22.99  23.70  23.13  24.58   


0
22.12  21.53  24.17  25.68  25.69  25.13  25.14  28.35  28.01  25.04  22.53  22.98  22.53  23.53  23.22  22.90   
21.05  21.97  24.10  26.90  26.00  27.28  26.38  27.72  28.83  27.92  23.39  23.69  23.33  23.25  23.66  22.69   
21.56  21.87  23.84  26.97  28.83  28.39  27.10  27.04  29.78  28.89  24.05  22.70  23.38  22.99  23.76  23.31   
21.52  22.00  24.33  26.26  28.27  28.20  27.17  27.28  28.94  27.65  24.05  23.30  23.89  22.99  23.61  23.52   


0
22.42  22.52  26.32  28.35  27.92  27.23  26.33  28.88  28.94  25.47  23.19  23.21  22.53  23.27  22.39  22.90   
21.59  22.98  25.02  27.87  28.23  26.89  26.28  28.86  29.12  25.98  23.08  23.37  23.44  23.49  23.52  23.29   
22.68  22.00  23.49  26.00  27.33  27.60  27.79  28.48  28.33  24.85  23.54  22.91  23.15  23.49  23.36  23.46   
22.10  22.13  25.70  27.43  26.98  27.66  26.64  26.54  25.78  23.66  23.59  23.42  23.25  23.27  22.66  24.23   


0
21.98  22.25  25.45  25.93  26.49  27.68  28.35  29.20  27.50  23.11  22.65  23.11  22.54  22.90  22.68  22.60   
22.27  22.87  26.73  27.02  27.44  27.59  27.55  26.86  24.99  23.60  23.09  23.27  22.89  23.38  23.40  23.00   
21.71  23.13  26.15  28.04  29.73  26.91  26.11  25.31  24.19  22.78  23.14  22.60  22.82  23.50  23.64  22.73   
21.97  22.55  24.71  25.69  25.55  24.48  24.07  23.42  22.86  24.01  23.48  23.19  23.52  23.28  24.09  22.47   


0
22.46  24.22  27.47  28.27  26.96  27.49  25.50  26.05  24.33  22.26  22.23  23.36  22.45  23.05  22.85  23.10   
21.63  22.64  24.82  25.84  25.62  24.92  23.26  24.53  23.70  23.32  22.69  23.40  23.59  22.92  23.83  22.88   
21.74  21.79  22.35  23.21  21.94  23.25  23.48  23.85  23.09  23.75  22.95  22.73  23.07  23.15  22.57  22.75   
21.55  22.31  23.61  23.46  22.37  23.15  23.66  23.34  23.46  23.35  23.16  22.73  23.16  23.59  23.49  23.91   


0
21.82  22.09  23.01  24.39  23.40  23.09  22.17  24.05  22.55  22.77  22.41  23.43  22.77  23.27  22.95  23.22   
20.91  22.10  22.00  23.24  23.08  23.56  22.72  22.19  22.33  22.47  22.97  22.94  22.87  22.14  24.20  22.84   
22.12  22.00  22.20  22.73  21.91  23.00  23.13  22.81  22.95  23.29  23.64  23.02  23.04  23.24  22.81  23.01   
22.10  22.00  24.20  23.06  21.51  22.77  22.97  22.97  23.65  23.43  22.65  22.70  22.73  23.27  23.29  24.23   


0
21.84  21.27  22.26  22.86  22.26  22.54  22.53  23.09  22.79  22.14  22.33  22.55  22.91  22.91  22.70  23.09   
20.53  21.74  22.14  23.04  22.58  23.38  22.44  22.72  22.15  23.41  22.57  23.07  23.13  22.78  23.95  23.17   
22.00  22.02  21.75  23.20  21.61  23.24  23.05  23.64  23.28  23.00  22.94  23.47  22.83  23.39  22.84  23.49   
21.98  22.03  23.34  23.56  22.35  23.59  22.99  23.33  23.79  23.79  23.61  22.96  23.15  22.59  24.10  24.08   


0
21.96  21.66  23.26  23.06  22.81  22.16  22.38  22.83  22.54  22.43  22.84  23.20  22.64  23.13  22.24  22.89   
20.76  21.58  21.51  22.78  23.07  23.34  23.21  22.69  22.73  23.17  22.54  23.46  22.86  22.62  23.10  23.28   
21.83  22.11  22.30  23.16  21.09  22.99  22.91  22.90  23.04  23.18  23.11  23.44  22.91  23.23  23.07  23.00   
21.06  22.39  23.31  23.53  22.99  23.22  22.95  22.63  23.30  23.08  23.34  23.05  22.46  23.40  23.75  23.69   


0
21.64  22.07  22.08  22.68  22.45  23.07  22.82  22.92  22.74  22.96  22.50  22.95  22.15  22.74  23.20  23.35   
21.02  21.57  21.97  23.10  22.53  22.92  22.60  22.87  22.71  23.36  23.58  23.13  23.42  23.10  23.50  23.27   
21.67  21.60  22.05  22.82  21.88  22.88  23.41  23.29  23.03  23.48  23.00  22.89  23.47  22.84  23.33  23.44   
22.08  21.97  23.42  23.15  22.03  23.32  23.49  23.06  22.94  23.18  23.33  23.03  22.84  23.39  23.90  24.56   


0
22.26  20.95  22.74  23.06  22.23  23.08  22.61  23.38  22.98  22.21  22.84  22.85  22.28  23.13  22.80  22.58   
20.90  21.20  22.46  22.66  22.75  23.24  22.81  22.79  22.21  22.97  22.64  23.14  23.32  22.87  23.51  22.83   
21.26  21.61  22.42  23.05  22.69  23.20  23.32  23.00  23.04  23.28  23.73  23.01  23.37  22.98  22.94  23.00   
21.65  22.12  23.56  23.65  22.32  23.33  23.39  23.18  23.41  23.30  23.69  23.17  23.24  23.40  23.44  24.04   


0
22.26  20.95  22.74  23.06  22.23  23.19  22.16  22.72  23.08  22.65  22.51  23.08  22.40  22.75  22.66  22.89   
20.90  21.20  22.46  22.66  23.07  23.34  22.51  22.58  22.62  22.87  22.75  23.03  23.32  23.48  22.83  22.83   
21.26  21.61  22.42  23.05  22.05  23.31  23.43  23.30  23.65  23.07  23.63  22.68  22.91  22.98  22.80  22.85   
21.65  22.12  23.56  23.65  22.45  22.53  22.84  23.29  22.95  23.53  23.58  23.64  23.37  22.84  22.80  23.33   


0
21.52  21.82  22.64  23.08  22.25  23.22  22.19  22.74  23.11  22.56  22.54  22.99  22.54  22.90  23.10  22.44   
21.06  21.86  21.77  23.25  23.09  23.37  22.53  22.61  22.65  23.19  22.56  22.74  23.00  22.27  22.99  22.55   
21.85  21.51  21.62  23.30  22.08  23.33  23.45  23.33  23.68  23.20  22.93  22.38  23.28  23.13  23.10  23.18   
21.82  22.15  22.95  23.07  22.48  22.56  22.87  23.31  22.98  23.67  23.48  22.83  23.26  23.43  22.99  23.54   


0
21.68  21.40  22.38  22.84  22.49  23.33  22.74  23.07  22.56  22.56  22.54  22.99  22.54  22.90  23.10  22.44   
21.19  21.86  21.54  23.14  23.30  22.85  22.73  22.51  22.55  23.19  22.56  22.74  23.00  22.27  22.99  22.70   
21.57  22.39  22.09  22.96  21.12  23.54  23.86  23.33  23.07  23.20  22.93  22.38  23.28  23.13  23.10  23.03   
21.68  22.28  23.96  23.79  22.20  23.01  22.98  23.09  23.55  23.67  23.48  22.83  23.26  23.43  22.99  23.54   


0
21.62  21.20  22.20  22.55  22.67  22.37  22.47  22.80  22.40  21.96  22.71  22.71  22.85  22.98  22.91  22.55   
20.32  22.19  21.96  22.41  22.94  22.90  22.48  22.26  22.29  23.55  22.72  23.22  22.84  22.96  22.94  22.65   
21.24  21.08  21.92  22.91  21.87  22.65  23.20  23.28  23.43  23.46  22.88  22.87  23.46  22.59  22.64  22.98   
20.74  21.96  23.03  23.38  22.15  22.96  22.82  23.05  23.27  23.51  22.85  23.14  22.83  22.95  23.57  23.49   


0
21.64  20.93  22.60  22.44  22.10  22.84  21.48  23.37  22.63  22.64  22.50  22.73  22.62  22.61  23.06  23.35   
21.43  21.82  21.50  23.44  23.27  23.12  22.60  22.37  22.51  23.16  23.05  22.92  22.39  22.85  23.09  22.51   
21.25  21.22  21.94  22.70  21.72  23.08  23.00  23.29  22.93  22.74  23.10  22.56  23.13  23.21  22.79  22.54   
21.34  21.57  23.29  23.63  22.03  22.75  23.27  22.84  23.28  22.83  22.86  23.15  22.71  23.67  23.27  23.32   


0
22.26  21.37  22.74  22.82  22.93  23.65  22.27  23.27  22.65  22.65  22.18  23.20  22.52  22.62  23.07  23.05   
21.30  21.83  22.10  22.78  22.64  23.03  23.01  22.28  22.52  23.17  22.96  22.82  22.86  22.87  23.51  22.37   
21.68  20.85  22.19  23.16  21.73  23.41  22.70  23.30  23.04  22.97  23.11  23.12  23.02  23.72  22.25  23.15   
21.80  21.72  23.18  23.41  21.91  23.55  22.95  23.51  22.84  23.87  23.23  23.41  23.37  22.84  22.96  23.16   


0
21.92  22.04  22.31  21.69  22.54  22.58  22.35  22.68  22.50  21.95  22.14  23.04  22.48  23.35  23.31  22.85   
21.67  21.67  21.71  22.74  22.93  22.89  22.57  22.75  22.79  23.54  22.39  22.68  22.60  22.09  23.61  23.84   
21.93  20.81  21.67  22.57  21.85  22.43  22.87  23.46  22.90  23.45  22.97  22.86  23.33  22.32  22.76  22.96   
21.02  22.62  24.15  22.77  22.55  23.40  23.03  23.25  23.83  23.04  23.31  22.65  22.81  22.80  23.24  22.58   


0
21.51  21.39  22.62  22.47  22.82  23.09  22.62  23.17  22.22  22.11  22.97  22.87  23.12  23.02  22.81  22.75   
21.18  22.10  21.64  23.13  22.87  22.94  22.92  22.50  22.33  23.18  23.18  22.83  22.42  23.12  23.25  23.59   
21.98  21.62  22.08  22.95  21.75  23.53  23.65  23.81  23.05  23.19  22.92  23.02  23.27  23.36  23.49  23.61   
21.81  21.87  23.95  23.54  22.74  23.23  23.19  23.52  23.65  22.74  23.12  22.82  22.86  23.55  23.29  24.05   


0
21.50  22.22  21.44  22.58  22.93  22.74  22.61  22.94  22.98  22.32  21.85  23.20  22.64  22.88  22.94  22.26   
20.90  21.58  21.28  22.55  22.75  22.93  22.41  21.98  22.83  23.57  23.38  23.03  22.97  23.36  23.51  23.13   
21.40  21.74  22.19  22.83  21.57  23.31  22.49  23.50  23.25  23.70  22.90  22.58  23.14  22.86  22.66  23.00   
22.24  21.72  23.43  23.29  21.77  23.10  23.28  22.41  23.64  23.87  23.58  22.81  23.11  23.26  23.12  23.87   


0
22.26  20.52  22.22  22.58  22.69  23.42  22.50  22.83  22.87  22.43  22.40  22.51  22.64  22.88  22.80  22.73   
21.03  21.96  21.39  22.78  22.33  23.14  22.71  22.89  22.52  23.27  23.06  22.82  23.09  22.62  23.92  22.83   
21.12  20.85  22.54  22.83  21.73  23.31  22.80  23.00  22.53  23.07  22.80  22.47  23.02  23.10  22.52  22.25   
21.65  22.26  23.68  22.80  22.86  23.10  22.95  23.51  22.84  23.87  23.46  22.93  23.11  23.40  23.28  24.22   


0
22.11  21.80  22.22  23.06  22.46  22.85  22.16  23.60  22.98  22.21  22.07  23.08  22.28  22.88  22.80  23.05   
20.76  21.45  21.63  23.00  22.01  23.24  22.51  22.28  22.93  22.97  23.17  22.71  22.40  22.87  23.51  22.52   
21.40  21.10  22.07  23.38  21.73  22.78  23.32  23.60  23.25  23.18  23.21  22.79  23.02  23.10  23.34  22.70   
21.80  21.85  23.56  23.04  22.32  22.99  22.40  22.85  23.64  24.10  23.11  23.05  23.11  23.68  24.22  23.69   


0
22.45  21.13  22.78  22.49  22.15  22.77  22.64  22.86  22.79  22.69  22.88  22.89  22.32  23.04  22.70  23.24   
21.75  21.36  22.26  23.38  23.11  22.97  23.05  22.62  22.97  23.41  22.68  22.86  23.24  22.78  23.82  23.47   
20.88  21.77  21.75  23.09  21.29  22.82  22.95  23.54  23.08  23.53  22.94  23.26  22.48  22.89  23.92  23.04   
21.84  22.56  23.72  23.08  23.03  22.80  22.77  22.33  23.22  23.57  23.26  22.84  22.37  22.73  23.47  23.37   


0
21.38  22.12  22.13  22.61  22.50  23.23  22.87  22.97  22.68  22.58  22.44  22.78  22.67  23.04  21.86  22.46   
21.48  21.74  22.26  22.81  22.89  23.07  22.44  22.42  22.25  23.21  22.89  23.50  22.90  22.53  23.55  23.02   
22.00  21.52  21.99  23.20  21.29  23.03  23.46  23.44  23.08  22.90  23.15  22.94  23.06  22.89  22.70  22.89   
21.69  21.49  23.22  22.84  22.22  23.14  23.10  22.89  23.33  23.91  23.50  23.08  22.89  23.72  23.16  23.90   


0
21.98  21.68  21.59  22.48  22.02  22.88  22.52  22.63  22.89  23.11  22.54  22.76  22.54  23.41  22.27  22.60   
20.51  22.11  21.66  23.14  22.46  23.37  22.63  22.41  22.96  23.30  23.40  22.85  23.00  22.64  23.54  22.70   
22.41  21.38  21.97  22.85  22.55  23.43  23.14  23.62  22.86  23.83  22.83  22.82  22.82  23.13  22.96  23.77   
22.41  22.68  23.20  23.43  22.48  23.01  23.53  22.76  23.32  23.33  22.78  23.19  23.52  23.28  23.14  23.89   


0
21.82  21.24  22.10  22.35  22.47  22.98  22.28  22.62  22.99  22.44  22.08  22.75  22.53  23.40  22.53  22.27   
20.09  21.72  21.29  23.24  23.08  23.25  22.22  22.70  22.33  23.08  22.97  23.15  23.21  23.12  23.52  22.99   
20.71  21.87  21.61  23.06  21.43  23.53  23.44  23.51  22.95  23.08  23.33  23.02  23.15  22.87  23.49  23.31   
20.92  22.13  23.06  23.18  22.33  23.34  23.08  22.31  23.19  23.43  22.65  22.34  23.51  23.41  23.76  23.17   


0
21.83  21.68  22.51  23.56  22.60  23.10  22.63  22.74  22.78  22.23  22.65  22.99  22.66  23.16  22.54  23.23   
20.65  21.48  21.66  22.57  22.35  22.95  22.63  22.10  22.34  23.40  23.19  23.17  23.11  23.01  24.21  22.85   
21.43  21.76  22.09  23.07  21.76  23.43  23.55  23.13  22.86  23.30  22.93  22.71  23.62  23.25  22.96  23.03   
22.56  21.74  23.58  24.03  22.75  23.58  22.65  23.20  23.43  23.44  23.37  22.95  23.39  23.14  23.62  24.24   


0
21.97  21.10  22.49  23.07  22.47  22.98  22.40  23.28  22.55  22.33  22.41  23.21  22.77  23.15  22.95  23.06   
21.45  21.08  22.12  23.01  22.66  22.63  22.52  22.90  22.02  23.28  22.97  23.15  22.65  23.12  22.84  22.38   
22.82  21.50  22.20  23.06  22.22  23.84  23.02  23.71  23.46  22.98  23.33  22.59  23.50  23.73  22.54  23.46   
20.92  22.13  22.55  23.42  22.60  22.77  22.75  22.64  23.31  23.09  23.35  23.54  22.73  22.71  23.29  23.52   


0
21.96  20.95  22.22  23.06  22.93  22.85  21.83  23.16  22.87  22.54  22.40  22.51  22.28  22.88  22.38  23.20   
21.85  20.81  22.22  23.12  23.07  23.24  22.71  22.48  23.04  23.07  22.64  22.61  23.20  22.99  23.10  22.52   
21.68  21.48  21.59  23.16  21.41  22.89  23.12  23.20  22.73  23.28  23.32  23.12  23.14  23.10  23.34  23.15   
22.09  22.93  23.05  23.29  22.04  23.33  23.17  23.29  23.41  23.19  23.34  22.93  22.72  23.40  23.59  23.69   


0
21.93  21.06  22.20  23.03  22.44  22.71  22.36  23.25  22.62  22.29  22.82  22.94  22.61  22.85  22.63  22.39   
20.32  21.81  21.84  22.98  22.51  23.32  22.68  22.15  22.60  22.84  22.93  23.12  23.06  22.84  23.22  23.26   
21.66  21.21  22.04  22.69  22.03  23.38  23.20  23.28  23.02  23.36  22.88  22.77  22.77  23.45  24.13  23.42   
21.92  22.23  22.90  22.90  22.29  23.30  22.93  23.38  23.72  22.59  23.32  22.30  22.57  22.95  22.46  23.66   


0
22.13  21.40  22.12  23.08  22.37  23.33  23.18  23.07  22.67  22.23  22.54  23.45  22.78  23.16  22.41  23.07   
21.87  21.10  21.66  23.14  22.35  23.16  22.83  22.31  22.65  23.30  22.88  22.52  23.34  22.40  24.08  23.00   
21.57  22.51  21.97  22.63  21.60  22.70  23.04  23.33  23.48  23.09  22.51  22.60  22.93  23.38  22.96  23.32   
21.38  21.61  23.58  23.31  22.48  23.01  22.76  23.09  22.98  23.33  22.66  23.19  23.52  23.00  22.99  23.89   


0
21.82  21.67  22.49  23.31  22.82  23.09  22.73  22.62  22.44  22.00  22.75  22.98  22.41  23.02  22.67  22.43   
21.72  22.10  22.47  22.90  22.44  23.25  22.72  22.50  23.05  23.49  22.97  22.19  22.99  22.38  23.66  23.29   
21.70  20.99  22.20  23.06  21.91  22.69  23.02  23.31  23.16  23.19  23.02  23.13  23.27  22.87  23.08  23.01   
21.81  22.40  23.44  23.90  22.60  23.90  22.97  22.97  23.42  23.54  23.47  23.06  22.86  23.27  23.45  22.81   


0
22.40  21.64  22.21  22.68  22.56  23.07  22.70  22.26  22.63  22.09  22.39  22.38  22.62  23.38  23.20  21.93   
21.43  21.31  21.85  23.10  22.74  22.50  22.50  22.57  22.41  23.46  22.73  23.13  22.96  23.22  23.50  23.87   
21.81  22.35  21.82  23.48  21.88  22.98  23.31  23.39  23.23  23.06  22.79  22.78  22.78  22.72  23.20  22.24   
21.19  22.38  23.17  23.27  21.48  22.98  22.72  22.73  23.51  22.83  23.45  23.15  23.74  23.11  23.27  22.79   


0
21.68  21.40  21.59  22.72  23.07  23.10  22.96  22.29  23.22  22.45  22.32  22.76  22.78  23.41  23.38  23.07   
20.92  21.73  21.42  23.25  22.78  22.85  22.83  22.81  22.34  22.99  23.61  22.52  23.23  22.64  23.40  22.70   
21.57  22.01  22.21  22.96  22.39  23.43  23.24  23.43  23.07  23.09  23.24  22.60  23.16  23.13  23.50  22.58   
21.38  22.55  22.82  23.19  22.48  23.35  22.98  23.64  23.66  23.44  23.02  22.71  23.39  23.43  22.83  23.89   


0
21.54  21.70  22.65  22.74  22.50  22.77  22.31  22.86  22.68  22.36  22.99  22.55  22.79  22.79  23.39  23.24   
21.34  21.87  21.91  22.59  22.89  23.38  22.85  22.01  21.94  23.11  22.57  23.18  22.90  22.78  23.55  23.32   
21.72  21.40  21.87  22.98  22.25  23.76  23.26  23.14  22.98  23.11  23.04  22.61  23.75  22.89  22.70  23.19   
21.69  22.56  23.34  23.32  21.53  23.03  22.77  23.00  23.67  23.11  23.85  23.20  22.76  23.44  22.84  24.43   


0
22.11  21.66  22.22  22.82  22.46  23.19  21.94  22.94  22.76  22.32  22.29  22.97  22.76  23.13  23.76  22.42   
20.90  21.32  21.75  23.00  22.64  23.24  23.31  22.58  22.42  22.97  22.85  22.71  23.20  23.24  23.24  22.98   
21.68  21.36  22.54  23.16  21.73  22.99  22.70  23.50  23.04  23.18  22.80  23.44  23.60  22.86  23.21  22.70   
21.50  22.26  23.31  23.17  22.18  22.65  23.28  23.07  22.84  22.85  23.46  23.17  22.46  23.40  22.16  23.51   


0
22.11  21.66  22.22  22.82  22.46  22.97  22.27  23.05  22.21  22.54  22.84  22.62  22.40  23.52  22.66  22.73   
20.90  21.32  21.75  23.00  22.33  22.83  22.41  22.28  22.73  22.97  22.54  22.71  22.97  22.87  23.10  22.98   
21.68  21.36  22.54  23.16  21.73  23.10  23.22  23.40  22.94  23.07  22.90  23.01  22.91  22.98  22.94  22.85   
21.50  22.26  23.31  23.17  22.59  22.99  22.84  23.29  23.52  23.98  22.99  23.41  23.37  22.69  23.12  22.80   


0
21.83  21.40  22.51  22.84  22.49  22.99  22.30  23.07  22.23  22.56  22.87  22.53  22.54  23.16  22.96  22.92   
21.87  21.10  22.25  22.69  22.35  22.85  22.43  22.31  22.75  22.99  22.98  22.20  22.89  23.26  23.26  22.85   
22.13  21.76  22.09  23.41  21.76  23.12  23.24  23.43  22.96  23.09  23.34  22.71  23.05  23.62  22.82  22.73   
21.82  21.74  23.71  23.43  22.61  23.01  22.87  23.31  23.55  24.01  22.90  23.31  23.00  23.57  23.30  22.82   


0
21.37  21.97  22.25  22.60  22.37  22.88  22.30  23.18  23.00  22.56  22.65  22.53  22.54  23.16  22.96  22.92   
21.19  22.49  21.77  23.25  23.20  23.06  22.43  22.31  22.85  24.00  22.98  22.20  22.89  23.26  23.26  22.85   
21.43  21.51  22.21  23.41  21.92  23.12  23.55  23.02  23.37  23.72  23.34  22.71  23.05  23.62  22.82  22.73   
21.68  22.82  23.33  23.55  22.61  23.13  23.20  22.76  22.75  24.23  22.90  23.31  23.00  23.57  23.30  22.82   


0
22.12  21.81  21.84  23.19  22.36  22.52  22.62  22.84  22.11  22.22  22.53  23.09  22.53  22.89  22.53  22.75   
20.91  21.46  21.41  23.13  22.34  22.94  23.22  22.29  22.22  23.38  22.76  22.94  23.10  23.12  23.52  22.69   
21.56  22.12  22.08  22.84  21.59  23.00  23.34  23.21  23.16  23.50  23.02  22.80  23.15  23.12  23.22  23.16   
21.66  22.27  23.70  23.18  22.46  23.11  22.75  23.30  23.31  23.88  23.00  23.54  23.51  23.41  22.81  23.70   


0
