
0
21.74  21.75  22.96  22.30  22.66  22.94  23.36  22.47  23.17  22.63  22.82  23.05  22.49  23.60  23.02  22.67   
21.93  21.67  22.31  23.32  22.94  23.63  22.90  22.57  23.02  23.05  23.04  22.91  23.06  23.20  23.33  23.52   
22.20  22.45  22.16  23.03  21.34  23.39  23.31  23.89  23.33  23.68  23.20  23.42  23.34  23.56  23.02  23.98   
21.74  22.88  23.77  23.61  22.81  23.53  23.26  23.60  23.38  23.84  23.89  23.73  23.71  23.35  23.68  24.13   


0
21.69  21.70  22.91  22.74  22.73  23.12  22.75  23.09  23.34  23.12  22.33  23.46  23.03  23.04  22.97  23.24   
21.75  21.62  22.26  23.15  23.53  23.07  22.95  22.92  22.56  23.91  23.31  22.96  23.35  23.52  23.14  23.62   
22.00  21.65  21.99  22.98  22.57  23.34  23.67  23.44  23.28  23.84  23.04  23.15  23.41  23.51  23.52  23.63   
22.13  22.16  23.60  23.08  22.90  23.70  23.10  22.89  23.10  23.57  23.85  22.96  23.27  23.30  23.16  23.55   


0
22.32  21.72  22.55  23.00  22.52  22.91  22.56  23.55  22.71  22.93  22.91  23.14  22.94  23.83  23.14  23.27   
21.64  22.02  22.05  23.06  23.02  23.20  22.37  22.34  22.27  24.04  23.34  23.10  23.60  23.05  23.71  23.34   
22.87  21.29  22.49  22.78  22.27  23.89  23.59  23.86  22.90  23.45  23.58  22.96  23.43  23.54  23.27  22.46   
23.18  22.99  23.87  23.59  22.79  23.16  23.35  23.24  23.24  23.70  23.64  23.11  23.56  23.46  23.02  23.93   


0
22.82  21.48  22.32  22.92  22.68  23.29  22.48  23.48  23.40  22.75  22.39  23.07  22.85  23.49  22.90  22.52   
22.08  22.44  22.56  23.67  22.53  23.13  23.11  22.99  22.83  23.47  23.06  23.03  23.19  22.47  23.75  22.78   
21.93  21.21  22.29  23.04  22.63  23.51  23.53  23.50  23.35  23.06  23.11  22.78  23.35  23.08  23.44  23.25   
22.92  22.49  23.28  23.51  22.55  23.43  23.16  23.50  23.73  23.63  23.67  23.26  23.59  24.06  24.01  23.96   


0
22.34  22.44  23.20  23.61  22.54  23.04  22.68  23.46  22.83  22.28  23.14  23.38  22.83  23.46  22.60  22.34   
21.38  21.27  22.30  22.85  22.29  22.80  22.78  22.76  23.11  23.65  23.24  22.90  22.71  23.06  22.91  23.66   
21.90  21.56  22.38  23.35  21.97  23.48  22.98  23.37  23.12  23.04  23.29  22.97  23.33  23.67  23.01  22.78   
22.31  22.60  23.63  23.72  23.07  23.06  23.47  23.25  22.91  23.94  23.65  23.36  23.18  23.62  23.19  23.76   


0
22.06  21.19  22.58  22.68  22.91  22.72  23.04  23.15  22.97  22.53  23.16  22.95  23.32  23.36  22.76  22.84   
21.41  22.19  21.62  23.22  22.53  23.24  22.51  22.99  22.10  23.47  22.95  23.03  23.07  23.33  23.88  23.53   
21.93  21.33  22.99  23.48  22.15  23.72  22.90  23.80  23.65  23.17  23.52  23.11  23.35  23.57  23.31  23.99   
21.31  23.03  23.91  23.75  22.55  23.20  23.27  23.39  23.28  23.52  23.79  23.03  23.47  23.22  23.85  24.49   


0
22.06  22.18  21.93  23.52  22.56  22.95  22.71  23.15  22.64  22.75  22.61  23.41  22.85  23.74  23.31  22.52   
21.14  22.57  21.97  22.99  23.06  23.24  23.41  23.39  22.41  23.27  23.06  22.81  23.07  22.60  23.61  23.38   
21.79  21.59  22.88  23.48  22.31  23.61  23.53  23.60  23.45  23.38  23.42  22.46  23.35  23.82  22.90  23.40   
22.63  22.23  23.03  23.26  22.69  23.32  23.05  23.61  23.17  23.97  23.21  23.74  23.21  23.08  24.48  24.14   


0
22.39  22.21  21.96  23.54  22.59  22.98  22.73  23.17  22.55  22.66  22.64  22.52  22.64  23.00  23.20  23.49   
21.16  22.59  21.99  23.01  23.09  23.26  22.43  22.20  22.64  23.60  23.08  23.26  23.44  23.24  23.64  22.80   
21.81  21.61  22.90  23.50  22.34  23.64  23.03  23.02  23.47  23.51  23.23  23.35  22.80  22.98  23.74  23.13   
22.66  22.25  23.05  23.29  22.71  23.34  23.19  23.52  23.53  23.77  23.46  23.65  23.10  23.24  23.88  23.28   


0
21.87  22.29  22.15  22.40  22.29  23.03  22.56  23.11  22.49  22.60  22.58  22.46  22.23  22.68  23.41  22.48   
21.10  21.90  22.05  22.61  23.45  23.20  22.37  22.14  22.58  23.53  23.02  23.20  23.38  23.54  23.30  23.19   
21.75  21.55  22.25  23.77  22.43  23.57  22.97  22.96  23.41  23.45  23.17  23.28  22.97  23.17  23.00  23.21   
21.72  22.99  23.24  23.95  21.83  23.39  23.13  23.46  23.47  23.70  23.40  23.59  22.91  23.89  23.34  23.75   


0
21.58  22.02  22.56  23.13  22.65  23.15  23.01  23.46  23.49  22.72  22.81  22.81  22.24  22.70  23.43  22.50   
22.06  22.04  21.94  23.19  22.61  23.11  22.28  22.46  23.01  23.55  22.93  22.90  23.39  23.55  23.31  23.21   
21.90  21.43  22.26  23.68  21.33  22.75  23.29  23.57  23.12  22.93  23.39  23.51  22.98  23.18  23.01  23.23   
21.58  22.06  23.38  23.72  21.71  23.52  22.70  23.15  23.14  23.83  23.42  22.52  22.92  23.90  23.35  23.76   


0
22.21  21.48  22.19  22.68  22.44  23.29  22.15  22.82  22.86  22.64  22.83  23.41  22.97  23.10  22.48  23.31   
20.86  21.30  21.73  23.22  23.27  23.65  22.61  22.78  22.52  23.27  23.27  23.35  22.62  22.97  23.07  22.47   
21.93  22.46  22.05  23.37  22.95  23.40  23.53  23.30  23.04  23.06  23.62  22.46  22.77  23.08  23.03  22.65   
21.61  22.09  23.28  22.90  22.96  23.09  23.38  22.73  23.39  23.97  23.32  23.86  22.95  23.08  22.42  22.90   


0
22.02  20.87  21.89  23.00  22.76  23.03  22.67  23.11  22.49  22.16  22.46  22.11  22.46  23.07  23.27  22.96   
20.69  22.15  21.93  22.73  23.24  22.68  22.87  22.34  22.38  23.43  22.39  23.10  22.58  22.19  23.44  23.79   
21.75  21.55  22.13  22.67  21.80  22.85  23.18  23.26  23.51  23.34  23.07  23.39  22.85  23.29  23.54  23.36   
21.72  22.19  23.37  22.74  21.97  22.82  22.91  22.91  23.13  23.25  22.82  23.11  22.91  22.90  23.66  24.46   


0
22.35  21.89  22.57  23.15  23.01  22.82  22.80  22.91  23.28  22.08  22.49  22.83  22.37  23.35  22.89  23.29   
20.58  21.41  21.96  23.54  22.73  23.12  22.49  23.28  22.19  23.46  22.83  23.23  22.95  22.83  23.33  23.07   
21.35  21.45  22.16  23.80  22.30  23.29  23.00  22.68  23.33  23.26  23.20  22.99  22.88  22.82  23.16  23.54   
22.18  21.81  23.14  23.61  22.27  23.30  23.26  23.05  23.38  24.18  23.66  22.65  23.07  23.35  23.37  23.60   


0
21.85  21.99  22.01  22.87  22.39  23.13  22.43  23.21  22.92  22.59  22.78  22.79  22.57  23.31  23.12  23.26   
21.22  22.01  22.27  23.05  22.91  23.29  22.36  22.33  22.57  23.22  22.90  22.87  23.02  22.79  23.56  23.03   
22.16  21.79  21.64  22.88  21.78  23.67  23.37  23.65  22.99  23.43  23.06  22.95  23.53  22.66  22.71  23.35   
21.41  22.17  23.10  23.58  22.37  23.26  23.33  23.01  23.34  23.01  23.27  23.57  23.67  23.73  22.53  24.27   


0
21.27  21.73  22.17  22.53  21.95  22.47  22.12  23.34  22.39  22.72  22.81  22.81  22.71  23.72  22.46  23.59   
21.38  22.04  22.06  23.30  22.83  22.90  22.99  22.36  22.90  23.04  22.82  22.68  22.94  22.94  23.45  22.75   
21.34  21.56  22.73  23.01  21.33  23.28  22.67  23.47  22.81  23.14  23.18  22.65  23.33  22.81  23.42  23.23   
22.17  21.93  23.13  23.00  22.66  23.40  22.70  23.15  23.48  24.28  23.42  23.36  22.80  23.76  23.67  23.76   


0
22.19  21.73  22.17  22.17  22.54  22.93  22.46  23.01  22.83  22.17  22.48  22.93  22.48  22.70  22.73  22.18   
21.79  21.78  22.30  23.08  22.72  23.31  22.48  22.86  22.39  23.35  22.40  22.57  22.82  23.06  23.18  23.36   
21.62  21.43  22.03  22.46  22.29  23.07  23.19  23.87  23.32  23.25  22.98  22.54  23.56  23.30  23.01  23.23   
21.43  22.60  23.13  23.96  22.66  23.18  23.03  22.93  23.14  23.26  23.42  22.64  23.57  22.77  23.35  23.23   


0
22.05  21.46  22.44  22.66  22.43  22.82  22.69  23.58  22.95  22.19  22.60  22.83  22.84  23.48  22.47  22.82   
20.71  21.29  21.96  22.64  22.84  22.91  23.20  22.87  23.02  23.05  22.52  22.91  22.83  23.08  23.46  23.37   
22.34  20.69  22.39  23.91  21.98  23.39  23.31  22.89  23.23  23.16  22.78  22.77  23.11  23.31  23.57  23.39   
22.03  21.67  23.90  23.13  22.13  23.08  23.04  23.05  23.49  23.05  23.66  23.01  22.55  22.78  23.68  23.24   


0
21.74  21.75  22.70  22.78  21.85  22.94  23.03  23.02  23.17  22.41  22.27  22.71  22.84  23.22  22.75  22.82   
20.85  21.54  22.07  22.41  22.52  23.12  22.29  22.67  22.71  23.56  22.83  22.80  23.06  22.95  22.78  22.46   
22.06  21.32  22.27  23.36  21.66  23.70  23.62  23.29  23.74  23.37  22.78  22.45  22.76  23.07  22.75  22.79   
21.45  22.21  23.27  23.25  22.40  23.08  22.93  23.05  23.15  23.50  23.19  22.89  23.07  22.92  22.57  23.60   


0
22.03  21.31  22.56  22.53  22.42  23.04  22.12  22.79  22.83  22.61  22.70  23.16  22.71  23.08  22.73  23.44   
20.97  21.53  21.94  23.08  22.93  23.31  22.58  22.15  22.39  23.24  23.03  22.47  22.71  22.94  23.72  22.75   
21.48  20.80  21.79  22.46  21.65  23.07  22.98  23.57  23.12  23.35  23.29  22.76  22.87  22.81  23.55  22.78   
22.31  21.93  22.87  23.12  22.12  22.72  23.03  22.93  22.68  23.15  23.06  23.60  23.18  23.76  23.35  23.05   


0
22.20  21.89  22.31  22.91  22.20  22.48  22.25  23.25  22.84  21.86  22.71  22.94  21.89  22.84  23.16  23.14   
21.26  22.30  22.19  23.43  23.05  23.12  23.10  22.27  22.30  23.36  22.94  22.59  22.83  22.83  23.46  22.92   
21.63  21.57  22.16  22.58  22.46  23.08  23.20  23.19  22.62  22.95  23.20  22.66  23.23  23.80  23.02  22.64   
21.74  21.94  23.52  23.49  22.13  23.42  23.37  22.72  23.49  23.50  22.96  22.77  23.71  23.21  23.68  23.78   


0
22.36  21.48  22.97  22.92  22.56  23.07  22.37  23.37  23.40  22.31  22.50  22.38  22.26  23.62  22.62  22.84   
20.86  21.17  21.97  22.76  22.74  23.24  22.31  22.68  22.31  23.37  22.74  22.71  22.62  23.82  23.34  22.93   
21.93  21.46  22.05  23.26  21.84  22.99  23.01  23.60  23.24  23.06  22.90  23.11  22.89  23.08  22.62  23.99   
21.46  22.36  23.15  23.14  22.69  23.09  22.94  22.62  23.62  22.83  23.44  23.15  22.82  23.92  23.54  23.79   


0
21.69  21.98  22.13  22.86  22.26  23.00  22.64  23.09  22.90  22.36  22.33  22.78  22.67  22.01  22.97  22.77   
20.93  21.49  22.02  22.47  23.11  22.97  22.75  22.52  21.94  22.90  23.00  22.54  23.35  23.27  23.28  23.02   
21.72  21.14  22.58  22.98  21.61  22.93  22.84  23.54  23.18  23.32  22.84  22.50  23.29  23.02  22.84  22.14   
22.57  21.89  23.22  23.08  22.08  22.91  22.66  23.22  23.45  23.34  22.91  22.84  23.15  23.16  23.16  23.73   


0
21.46  21.63  22.73  22.69  22.57  23.08  22.27  22.83  22.65  22.87  23.51  23.08  22.63  22.73  22.36  23.01   
21.56  21.44  21.98  23.23  22.44  23.14  22.72  22.39  22.63  23.18  23.18  22.72  23.31  23.35  23.89  23.54   
21.94  21.35  22.18  23.05  21.85  22.79  23.43  23.71  23.05  22.97  23.12  23.01  23.48  22.97  23.45  23.26   
22.65  21.97  23.42  23.88  22.56  23.78  23.29  23.62  23.29  23.75  23.34  22.92  23.09  23.79  23.39  23.62   


0
22.06  20.76  22.32  22.68  22.09  22.95  22.48  23.04  22.75  22.64  23.05  22.95  22.38  22.72  22.20  22.36   
21.41  20.92  22.21  23.55  22.53  23.34  22.61  22.38  22.62  23.07  22.85  22.71  22.85  22.72  23.20  23.08   
21.51  21.59  22.64  22.48  21.84  23.72  23.11  23.40  22.63  23.69  22.80  22.89  23.24  23.33  21.80  23.25   
21.31  22.09  23.41  23.51  22.28  23.54  22.94  22.73  23.39  23.06  22.74  23.03  23.08  22.79  23.54  23.08   


0
21.59  22.03  22.05  22.78  22.43  23.28  22.92  22.80  23.17  22.41  22.38  22.60  22.49  22.84  22.47  22.82   
21.80  21.80  21.37  23.32  22.73  23.22  22.80  22.67  22.09  23.46  22.41  22.69  23.29  23.32  23.46  22.92   
22.06  21.32  21.68  22.69  21.98  23.50  23.62  22.89  22.82  23.78  22.99  23.52  23.23  23.31  23.97  22.94   
22.03  22.88  23.90  23.01  22.27  22.96  22.82  23.27  23.27  22.82  23.31  23.61  22.55  23.21  23.52  23.24   


0
21.46  21.77  22.08  23.05  22.92  22.73  22.39  23.49  22.98  22.76  22.74  22.74  22.63  22.60  22.63  23.63   
21.42  22.33  21.98  23.00  22.65  23.04  22.62  23.00  22.43  23.28  23.39  23.25  23.09  22.11  23.35  22.94   
21.94  21.60  22.06  22.72  21.53  23.10  23.23  23.11  23.36  23.29  23.32  22.58  22.79  23.34  23.05  22.82   
21.32  21.56  23.16  23.88  22.97  22.99  23.18  23.29  23.52  23.64  23.69  23.28  23.22  22.81  23.23  23.27   


0
22.07  21.49  22.98  22.69  22.57  22.96  22.50  22.83  22.76  22.54  22.29  22.62  22.51  23.25  23.33  23.16   
21.15  21.57  21.98  22.55  23.07  23.25  22.62  22.29  22.43  22.88  22.43  22.61  23.09  23.10  23.76  23.24   
21.66  21.72  21.83  23.38  21.37  23.42  23.54  23.41  22.95  22.97  23.12  22.90  23.25  23.58  22.77  22.82   
21.62  22.10  23.80  23.76  22.70  23.21  23.61  23.29  23.41  23.64  23.80  23.16  23.35  23.79  22.76  23.80   


0
20.82  21.75  22.57  22.91  22.08  23.51  22.58  23.47  22.73  22.63  23.26  22.94  22.96  22.71  22.89  23.14   
20.85  21.80  21.72  22.41  22.73  22.60  22.80  22.37  22.61  23.26  23.15  22.69  22.83  22.46  23.73  23.67   
21.21  21.32  22.51  23.25  22.30  22.97  23.31  23.49  23.13  23.47  22.89  22.34  23.69  22.82  23.57  22.49   
22.03  21.94  23.14  23.13  22.40  23.08  23.04  22.50  23.38  23.84  23.31  22.41  23.32  22.78  23.68  23.42   


0
22.51  21.48  22.32  22.80  22.33  23.29  22.71  23.48  22.64  22.31  22.28  22.38  22.50  23.23  22.48  23.31   
21.00  22.06  21.85  22.88  23.17  22.82  22.61  22.28  22.21  22.86  22.53  23.13  22.85  23.21  23.61  22.63   
21.51  21.96  22.76  22.71  21.84  22.88  23.11  23.50  23.14  23.38  23.00  22.78  22.54  23.08  23.03  23.25   
20.87  21.96  23.28  23.87  22.01  22.75  23.16  22.62  23.39  23.17  22.97  23.38  23.08  23.78  23.69  23.43   


0
21.35  21.95  22.50  22.73  22.49  23.23  22.09  23.53  22.58  22.58  22.22  23.00  22.55  23.03  22.67  22.42   
20.91  21.73  22.02  23.04  23.22  22.46  22.56  22.02  22.15  22.81  23.21  22.86  23.12  22.52  23.12  23.28   
22.40  21.89  22.46  22.76  21.57  23.04  23.57  23.45  23.09  23.32  23.16  22.62  23.06  23.38  23.63  22.70   
21.07  22.54  23.46  23.43  21.78  23.25  23.43  23.55  23.44  23.56  23.14  23.19  23.13  24.11  23.27  25.24   


0
22.21  21.19  22.97  22.43  22.33  23.18  22.37  23.04  23.18  22.42  23.05  23.07  22.38  23.10  22.20  22.99   
21.41  22.31  22.21  22.88  22.74  22.51  22.31  22.38  22.41  23.07  22.85  22.92  23.19  22.60  23.75  22.32   
22.49  21.84  22.05  23.04  21.99  23.61  23.22  23.30  22.73  23.17  23.42  23.11  23.58  23.45  22.76  23.25   
20.87  21.69  22.77  23.87  22.82  23.09  23.16  23.17  23.51  23.63  23.21  23.03  23.21  23.64  23.22  23.61   


0
22.21  21.19  22.45  22.80  21.86  22.95  22.71  23.04  22.86  22.86  22.72  22.95  22.50  22.59  22.90  22.68   
21.41  22.31  22.21  23.55  22.64  22.62  22.71  22.99  22.93  22.86  22.95  22.49  22.85  23.09  24.02  22.47   
22.49  21.84  22.05  23.37  22.47  23.09  23.42  23.30  22.83  23.38  23.11  23.11  22.89  22.83  23.44  23.25   
20.87  22.36  23.03  23.75  22.69  23.20  23.05  22.95  23.73  23.40  23.21  22.66  22.82  22.93  23.54  22.90   


0
21.30  21.90  22.45  22.80  21.86  22.95  22.71  23.04  22.09  22.53  22.50  22.50  22.38  23.23  23.04  23.31   
21.54  22.06  22.21  23.55  22.64  22.62  22.71  22.99  22.41  23.27  22.95  22.49  22.62  22.84  22.80  22.47   
20.94  21.84  22.05  23.37  22.47  23.09  23.42  23.30  23.35  23.17  22.80  22.89  23.01  22.71  23.17  22.95   
21.75  22.36  23.03  23.75  22.69  23.20  23.05  22.51  22.82  23.29  22.74  23.03  22.95  23.50  23.22  23.43   


0
21.41  21.30  22.15  22.88  22.29  22.91  22.45  23.22  22.05  22.49  22.46  22.46  22.34  22.81  22.17  23.58   
21.77  21.26  21.69  22.61  22.92  22.89  22.57  22.65  22.38  23.23  22.91  22.45  22.58  22.31  23.57  22.74   
21.89  21.80  22.13  23.00  21.96  22.95  23.28  23.76  23.31  23.13  22.76  22.85  22.97  24.02  22.86  23.06   
21.57  21.51  23.11  23.47  21.97  22.94  23.46  22.47  22.79  23.25  22.70  22.99  23.04  23.32  22.86  22.68   


0
22.83  21.49  22.73  22.21  22.34  23.08  22.72  22.83  23.20  22.43  22.74  23.08  22.16  22.86  22.22  23.63   
21.01  22.07  22.10  22.78  22.76  23.66  22.82  22.29  22.63  23.38  22.33  22.72  23.09  22.36  23.62  22.79   
22.36  21.60  21.94  23.49  22.33  23.31  23.12  23.61  22.74  22.97  23.12  23.23  23.02  24.07  22.91  23.11   
21.32  22.64  23.16  23.40  21.88  22.87  23.40  23.29  23.75  23.07  23.45  23.52  23.09  23.37  22.91  22.73   


0
21.31  20.63  22.47  22.57  22.34  23.08  22.27  22.94  23.42  22.43  22.63  23.31  22.28  23.37  22.91  22.53   
21.56  21.69  22.10  22.66  22.76  23.35  22.82  22.29  22.22  23.38  22.96  22.07  23.09  23.10  23.35  22.64   
21.94  20.97  22.06  22.72  21.21  23.10  23.12  23.31  23.56  23.60  22.18  23.01  23.25  22.85  23.05  22.82   
21.18  22.10  23.67  22.92  22.43  23.10  22.85  22.52  23.06  23.07  23.80  22.92  22.96  23.37  22.76  23.80   


0
21.42  21.02  22.30  22.53  22.07  23.04  22.46  23.12  22.94  22.61  22.70  22.58  22.12  22.44  22.32  22.81   
21.25  22.29  21.47  23.08  22.72  23.11  22.78  22.56  22.39  23.14  23.14  22.90  22.82  22.82  23.18  22.90   
21.20  21.43  21.79  22.57  21.33  23.48  22.67  23.67  23.12  23.14  22.67  22.97  23.10  23.55  23.01  23.23   
21.43  22.60  23.25  23.72  21.71  23.40  23.03  23.04  23.26  23.83  23.30  22.64  22.80  23.76  23.04  23.94   


0
21.77  22.34  22.47  22.69  22.11  23.31  22.61  23.27  22.87  22.65  21.74  22.62  22.51  23.37  23.46  22.53   
21.01  21.69  22.22  22.32  22.44  23.45  22.52  22.60  22.32  23.48  23.39  22.93  23.20  23.22  23.49  23.24   
21.38  21.98  21.94  22.61  21.53  23.42  23.23  23.81  23.05  23.18  23.02  22.69  22.79  23.09  22.91  23.56   
21.47  22.37  23.04  22.92  22.70  23.67  23.40  22.63  23.63  23.30  23.22  23.40  22.57  22.81  23.23  23.80   


0
21.60  21.76  22.32  22.56  22.44  22.84  22.26  22.93  22.31  22.42  22.28  23.41  22.15  23.36  23.31  23.31   
21.00  21.30  21.85  22.54  22.96  23.65  22.41  22.28  22.31  23.27  22.74  23.45  23.19  23.21  22.93  23.23   
21.65  21.21  22.05  22.82  21.04  22.88  23.22  23.20  23.14  23.17  23.00  22.89  23.01  23.33  22.76  23.10   
21.75  22.63  23.79  23.14  22.01  22.98  22.83  23.28  23.39  23.74  22.74  23.26  22.30  22.93  23.85  23.79   


0
21.77  21.91  22.47  22.45  22.22  22.50  22.50  22.72  22.43  22.32  22.18  23.08  22.28  22.22  23.46  22.85   
20.88  21.19  21.63  23.23  22.86  22.01  22.82  22.49  22.53  23.28  22.86  22.50  23.54  22.24  23.35  23.54   
21.94  21.72  21.94  23.27  21.69  23.52  23.33  23.41  23.05  23.91  23.63  23.12  22.67  22.72  22.91  23.11   
21.47  22.77  23.42  23.52  22.84  23.67  23.40  23.07  23.41  23.30  23.10  22.68  23.35  22.95  22.91  24.50   


0
22.21  21.62  22.06  23.40  22.56  23.29  22.82  23.15  22.64  22.64  22.39  22.95  22.50  23.23  22.48  23.15   
21.27  21.43  21.73  22.65  22.43  23.03  22.61  22.58  22.31  23.37  23.06  23.03  23.42  23.21  23.75  24.13   
22.07  21.21  22.29  22.93  21.68  23.30  22.80  23.30  23.24  23.59  23.42  22.57  23.58  22.83  23.03  23.55   
21.46  21.82  23.03  23.63  21.60  22.98  23.16  23.39  22.82  23.40  22.85  23.26  23.98  23.64  23.38  23.08   


0
21.92  21.49  23.11  23.05  23.27  23.42  22.27  22.94  23.20  21.99  22.51  22.74  22.63  23.63  23.05  23.32   
21.01  21.57  21.86  22.89  22.76  22.94  22.42  23.30  22.53  23.18  22.86  22.50  23.09  22.98  23.22  23.39   
21.94  21.60  21.71  23.27  21.69  23.42  23.43  23.51  23.26  23.91  23.74  23.01  23.60  22.85  23.73  22.67   
21.18  22.77  23.29  23.64  22.29  22.87  22.96  22.96  23.06  23.53  23.80  23.52  22.57  23.51  23.71  23.98   


0
22.21  21.62  22.58  23.16  22.44  23.07  22.82  23.15  22.97  22.53  22.17  23.07  23.09  22.85  23.59  23.62   
21.27  22.44  22.32  23.33  22.96  22.93  23.11  22.08  22.41  23.57  23.16  23.35  22.85  22.35  23.61  23.08   
22.21  20.83  22.52  23.48  22.15  22.67  23.11  23.30  22.83  23.17  23.42  22.57  23.70  23.08  23.44  23.10   
21.46  21.96  23.41  23.63  22.01  22.98  23.27  22.73  23.51  23.74  23.32  22.91  22.82  23.64  23.85  23.61   


0
22.25  21.94  22.75  22.47  22.01  22.64  23.41  22.85  22.78  23.00  22.54  23.22  22.42  23.40  22.24  23.03   
21.85  22.10  21.77  23.48  22.57  23.37  23.25  22.82  22.97  23.51  23.41  22.85  23.45  23.25  23.38  23.12   
21.97  21.87  22.32  23.19  22.67  23.55  23.15  23.54  23.18  23.52  22.52  22.39  23.73  22.99  22.80  23.29   
21.79  21.99  23.70  23.78  22.32  23.24  22.87  23.10  23.77  23.44  23.13  22.94  22.73  23.40  23.42  23.82   


0
21.75  21.19  22.58  23.16  22.44  23.07  22.37  22.93  23.08  22.53  22.39  22.61  22.85  22.98  23.04  23.31   
21.14  22.06  21.62  22.65  22.74  22.72  23.01  22.68  22.62  22.76  23.16  23.13  22.62  22.97  23.20  23.38   
22.07  21.96  22.64  22.71  22.15  23.40  23.22  23.50  23.04  23.38  23.11  23.11  23.58  23.08  23.03  23.10   
21.90  21.96  23.41  23.26  21.87  23.20  23.38  23.06  23.73  23.86  23.67  23.15  22.56  23.22  23.22  23.43   


0
22.03  21.88  22.43  23.25  22.19  22.81  22.35  23.68  22.94  22.06  23.03  22.58  22.48  23.59  23.01  23.13   
20.97  22.16  22.65  23.75  22.61  23.52  22.99  23.26  23.11  23.65  22.82  22.79  22.94  23.55  23.31  22.90   
21.76  22.19  22.50  22.79  22.60  23.07  23.40  23.47  23.12  23.46  22.98  22.54  23.67  23.30  22.60  23.67   
21.29  22.60  23.13  23.60  22.53  23.18  22.92  22.81  23.71  23.38  22.71  22.52  22.92  23.33  23.83  23.76   


0
22.50  21.04  21.92  22.66  22.43  23.28  22.69  23.36  22.95  22.52  22.93  23.05  22.25  23.35  22.75  23.76   
21.26  21.67  22.07  23.20  23.16  23.53  22.70  22.67  22.30  23.26  23.04  22.80  23.18  23.32  23.19  22.92   
22.06  21.57  22.51  23.14  21.82  23.18  23.31  23.19  22.92  23.37  23.81  22.55  23.34  23.19  23.57  22.94   
22.03  22.48  23.65  23.97  21.58  23.75  23.59  23.05  23.27  23.05  23.43  22.53  23.71  23.91  23.21  24.13   


0
22.20  21.61  22.31  23.27  23.01  22.94  22.80  23.47  23.06  22.30  22.93  22.83  22.72  23.48  22.89  23.45   
21.93  21.67  21.72  22.98  22.94  23.43  22.49  22.77  22.19  23.05  22.83  22.37  23.29  22.95  23.33  22.61   
20.79  22.07  22.27  23.03  21.50  23.60  22.89  23.59  22.92  23.47  23.20  22.99  23.46  23.19  23.16  23.39   
22.18  22.48  23.77  23.85  22.27  22.96  23.48  23.16  23.27  23.39  23.43  23.61  23.32  23.21  24.31  23.42   


0
22.17  21.86  22.42  23.12  22.52  22.91  22.33  23.33  23.26  22.27  22.58  22.57  22.58  23.58  23.41  24.05   
21.91  22.15  22.17  23.40  22.81  22.89  22.57  22.55  22.48  23.23  23.13  22.88  23.38  22.81  23.30  23.19   
21.75  21.80  22.01  23.33  22.43  23.57  23.39  23.36  23.51  23.76  23.38  22.96  22.97  23.29  23.68  23.51   
21.42  22.45  23.11  23.47  22.65  23.05  22.91  23.02  23.02  23.14  23.40  23.23  22.52  22.61  23.34  25.33   


0
21.75  21.19  22.45  22.68  22.56  22.95  22.60  23.70  22.64  22.75  22.83  23.07  22.38  22.85  22.76  22.99   
21.68  21.81  21.85  23.22  22.85  23.44  23.71  22.38  22.21  23.17  23.06  22.92  23.42  22.97  22.80  22.63   
21.79  21.84  21.69  22.82  22.31  23.20  23.42  23.60  22.83  23.06  23.31  23.21  23.01  23.20  23.17  23.25   
22.34  22.36  23.41  23.14  22.55  22.98  22.72  23.28  23.51  23.17  23.32  23.15  22.95  23.36  23.85  25.54   


0
21.73  21.17  22.95  22.29  22.30  23.61  22.24  22.90  22.72  22.39  22.37  22.81  23.07  23.08  23.70  23.44   
21.11  21.66  22.41  23.30  22.61  23.31  22.68  22.36  22.29  23.45  22.50  22.47  23.39  22.57  22.77  22.60   
21.62  22.06  22.50  23.12  21.81  22.65  23.81  23.07  23.52  23.35  23.29  22.97  23.21  22.81  23.42  23.67   
21.58  22.20  22.75  23.36  22.12  23.40  23.36  23.04  23.71  23.04  23.30  23.36  23.83  23.48  23.67  24.29   


0
21.59  21.18  22.70  23.03  22.78  23.28  22.58  23.25  23.06  22.74  22.60  23.05  22.25  23.35  22.47  23.92   
21.67  22.18  22.43  23.43  22.84  23.12  23.20  22.37  22.92  23.56  22.20  22.91  22.61  23.08  24.00  23.07   
22.20  21.95  21.80  23.03  22.93  23.81  22.58  23.49  23.03  22.95  23.61  23.42  22.88  23.19  23.02  23.68   
21.74  22.21  23.27  23.85  23.22  23.08  23.04  23.38  23.49  23.28  23.66  22.89  22.55  23.77  24.15  24.30   


0
22.68  21.49  22.73  22.69  22.46  22.96  23.16  23.05  23.20  22.10  22.85  23.19  22.63  23.63  23.05  23.48   
21.42  21.95  21.98  23.11  23.18  23.14  22.62  23.10  22.22  23.18  23.39  22.83  23.31  23.59  23.35  23.09   
21.80  22.10  22.54  22.72  22.33  23.42  23.43  23.41  23.36  23.39  22.81  22.36  23.60  23.22  23.32  23.56   
22.21  22.10  23.42  23.52  22.84  23.44  23.18  23.29  23.75  23.64  23.10  23.52  23.22  22.95  24.02  23.62   


0
22.22  21.49  22.21  22.81  22.46  23.42  22.94  23.27  22.87  22.98  22.63  22.85  22.63  23.25  23.33  23.01   
21.28  22.20  21.86  22.89  23.18  23.56  22.72  22.49  23.04  23.18  23.07  22.83  22.97  23.59  24.16  23.09   
22.08  22.10  22.06  22.94  22.17  23.10  23.23  23.51  23.15  24.12  23.32  22.69  23.94  23.09  23.73  23.11   
22.35  23.04  23.42  23.40  22.70  23.33  23.40  23.07  23.86  23.64  23.80  23.04  22.57  23.51  23.07  23.45   


0
22.20  22.03  23.09  22.78  23.25  23.62  22.58  23.14  22.73  22.52  22.60  22.83  22.49  23.22  23.02  23.61   
20.99  21.29  22.43  22.86  23.37  23.53  23.10  22.37  22.30  23.26  22.73  23.01  23.29  23.08  23.87  23.37   
22.06  21.57  22.16  22.80  21.82  23.08  23.20  23.89  23.23  23.78  23.20  23.09  23.11  22.94  23.97  23.68   
22.62  22.75  23.90  23.49  22.95  23.53  24.14  23.27  23.38  23.39  23.43  23.85  23.32  23.77  24.00  23.07   


0
22.67  21.62  21.93  22.92  22.44  23.07  22.48  23.26  23.18  22.86  22.28  23.07  23.09  23.23  22.90  23.62   
21.27  21.81  22.21  23.33  23.06  23.54  22.71  22.48  22.52  22.97  22.32  22.38  23.42  23.33  23.48  22.47   
22.63  21.96  22.52  23.48  22.79  23.09  23.63  23.30  22.63  23.69  23.52  23.00  23.24  22.71  23.58  23.40   
21.90  22.76  24.16  23.51  24.70  23.54  24.04  23.17  23.39  23.17  23.56  23.15  22.69  23.64  24.17  23.43   


0
22.67  21.62  21.93  23.52  24.18  23.29  22.82  23.26  22.75  22.20  22.83  22.84  22.97  23.49  22.90  23.93   
21.27  21.81  22.21  23.44  25.57  23.34  22.71  22.78  23.03  23.47  23.37  23.13  23.19  23.09  24.15  23.08   
22.63  21.96  22.29  22.93  24.97  23.82  23.63  23.50  23.65  23.17  23.11  22.68  23.35  23.45  22.62  23.55   
21.90  22.76  23.79  23.87  23.36  23.77  23.93  22.18  23.96  24.19  23.44  23.62  23.34  24.06  23.22  23.79   


0
22.54  21.22  22.09  23.54  24.20  23.32  22.84  23.28  22.77  22.44  22.97  22.75  23.58  22.87  22.92  23.64   
21.16  21.96  22.11  23.47  25.59  23.36  22.73  22.81  22.75  23.09  23.29  23.05  23.55  23.36  23.90  22.65   
22.51  21.99  22.31  22.95  25.00  23.84  23.65  23.52  23.17  23.82  23.13  22.81  23.26  22.98  23.47  23.57   
22.22  22.79  23.81  23.89  23.39  23.79  23.95  22.20  22.51  26.45  23.46  22.93  23.75  23.24  23.88  23.28   


0
21.77  21.91  22.85  22.93  23.15  22.85  22.94  23.27  22.76  22.43  22.96  22.74  23.57  22.86  23.05  23.48   
21.96  22.07  22.57  23.34  23.07  23.14  22.72  22.39  22.74  23.08  23.28  23.04  23.54  23.35  23.76  23.39   
22.22  22.23  23.01  24.70  24.52  23.42  22.08  21.29  23.15  23.81  23.12  22.80  23.25  22.97  22.77  23.11   
21.62  22.24  24.18  25.19  25.11  23.44  21.63  20.62  22.49  26.44  23.45  22.92  23.73  23.37  23.39  23.98   


0
21.89  21.61  22.18  23.27  24.05  22.71  20.79  21.57  23.28  23.06  22.71  23.05  23.08  22.84  23.02  23.45   
20.58  21.41  22.19  23.32  24.31  22.91  20.46  20.63  25.05  23.96  21.98  22.69  23.52  23.32  23.73  23.37   
22.06  21.82  22.63  24.13  23.25  24.12  21.95  21.06  25.35  26.15  23.61  22.99  22.99  23.44  22.75  23.09   
21.59  23.15  23.27  23.25  23.75  24.43  23.48  22.61  23.49  26.30  23.55  23.37  23.97  23.35  23.37  23.95   


0
21.32  22.07  22.61  22.46  23.86  24.56  22.84  22.39  28.01  24.40  22.31  23.09  23.00  23.26  23.20  23.02   
20.89  22.34  22.70  23.24  24.56  25.40  25.02  22.51  24.18  25.29  23.40  23.05  22.64  23.11  23.09  23.10   
21.95  21.86  22.67  23.94  25.61  25.89  25.50  24.81  23.47  23.82  23.65  23.56  23.49  23.47  22.92  23.28   
21.19  22.38  23.94  24.61  26.18  25.69  25.47  24.50  24.21  23.88  23.46  23.77  22.97  23.38  23.56  23.64   


0
22.49  21.73  23.46  25.04  26.65  25.52  24.77  24.34  23.27  23.27  22.70  22.81  22.48  23.59  22.87  24.06   
21.38  22.16  23.35  25.42  26.67  26.25  24.97  23.86  23.42  24.15  23.45  23.43  22.71  23.06  23.99  24.26   
21.90  22.56  24.25  24.88  26.18  25.54  24.22  24.47  23.63  24.19  24.01  23.19  22.87  23.55  23.55  23.97   
21.88  22.47  24.89  25.15  24.01  24.86  24.34  24.24  24.50  24.51  23.53  23.48  22.80  23.62  23.35  23.76   


0
22.24  22.63  23.90  24.26  25.00  25.01  24.27  24.60  23.54  23.75  23.41  23.43  23.00  23.00  22.92  23.02   
21.30  21.96  23.51  23.47  23.30  23.98  24.03  24.31  23.77  24.20  23.40  23.58  23.10  22.99  23.77  23.26   
21.67  22.36  23.60  23.83  22.18  23.74  23.45  24.62  24.18  24.34  24.06  22.92  23.26  23.35  23.33  23.13   
21.48  21.98  23.68  23.89  22.98  23.45  23.85  23.63  23.98  23.99  23.46  23.89  23.23  23.95  23.24  24.52   


0
21.92  21.77  23.50  24.13  22.92  24.10  23.60  24.15  23.63  23.52  23.40  23.31  22.39  22.86  22.91  22.53   
21.56  21.82  22.10  23.34  23.18  23.66  23.42  23.60  23.45  23.89  22.96  23.15  23.31  23.22  23.35  23.69   
22.36  21.47  22.89  23.16  21.53  23.10  23.74  23.11  23.15  24.02  23.43  23.01  23.25  23.58  23.18  23.86   
21.32  22.37  23.16  23.28  22.43  23.10  22.96  22.85  23.41  23.30  24.04  23.76  23.48  23.37  23.86  22.91   


0
21.92  21.63  21.68  22.93  22.81  22.73  22.72  23.27  23.52  22.43  22.96  22.74  22.39  23.25  23.19  23.48   
20.88  21.57  22.34  23.23  22.54  23.66  22.72  22.39  23.35  23.48  23.18  23.04  23.20  22.73  23.89  23.54   
20.95  21.60  22.30  23.27  21.85  23.73  22.81  23.51  23.56  22.97  23.12  23.01  23.25  23.34  23.73  22.96   
21.62  21.97  23.16  23.64  22.43  22.65  23.18  22.85  23.29  23.41  22.98  23.64  22.70  23.65  23.07  24.15   


0
22.57  21.95  22.63  23.21  22.49  22.89  22.20  23.53  23.34  22.47  22.66  23.46  22.90  23.54  23.22  22.89   
21.19  21.73  21.43  22.47  22.79  23.28  22.56  22.73  22.67  23.22  23.00  23.29  22.78  23.26  23.25  23.28   
21.98  21.76  21.98  22.98  21.57  23.14  23.26  23.15  23.70  23.22  23.16  22.51  23.75  22.88  23.22  22.85   
21.36  21.87  23.71  23.43  22.74  23.14  23.32  23.55  23.44  23.45  23.96  23.07  23.13  23.41  23.43  24.54   


0
21.74  21.61  22.31  23.03  23.01  23.28  22.36  22.69  23.28  22.84  22.16  23.05  22.49  22.71  22.19  23.29   
20.58  22.18  22.19  23.20  22.73  23.12  22.70  22.77  22.30  23.46  22.62  23.44  23.18  23.20  23.19  22.92   
22.34  21.70  22.39  23.36  22.14  23.39  23.10  23.49  23.03  23.37  23.09  22.99  23.57  22.94  23.29  22.94   
22.18  22.75  23.90  23.37  21.58  23.19  23.15  23.16  23.49  23.39  23.31  23.49  23.07  23.77  23.68  24.30   


0
22.05  22.17  21.79  23.03  22.55  22.82  22.80  22.80  22.73  22.74  22.93  23.17  22.72  22.96  22.47  23.45   
21.93  21.80  22.43  22.75  22.73  23.12  22.09  23.07  22.71  23.36  23.04  22.80  22.61  23.69  23.33  23.07   
21.77  21.45  21.80  22.80  21.18  23.18  23.00  22.99  23.03  22.84  23.40  22.45  22.88  23.68  22.88  23.68   
21.74  22.21  23.77  22.89  22.40  23.19  23.26  23.38  23.49  23.05  23.43  23.01  22.94  23.35  23.21  24.30   


0
22.51  21.48  21.93  23.04  21.62  23.07  22.04  23.15  23.18  22.42  22.50  23.07  22.85  23.62  22.76  23.78   
21.27  21.68  22.32  22.76  23.17  23.54  22.81  22.58  22.93  23.47  23.06  22.71  22.62  23.46  22.93  23.53   
22.07  21.33  22.29  23.04  21.52  23.20  23.01  23.40  22.73  23.80  23.42  22.78  23.12  23.82  23.58  23.40   
21.46  23.03  23.53  23.02  22.42  23.54  23.16  22.29  23.85  23.86  22.97  22.91  22.95  23.08  23.06  25.02   


0
21.92  21.49  22.21  22.08  22.34  22.96  22.27  22.72  22.76  22.54  22.63  23.08  22.39  23.37  22.77  23.32   
20.47  22.20  21.75  22.89  22.33  22.84  22.62  22.70  22.63  23.38  23.07  23.25  23.54  22.98  24.03  23.54   
21.38  21.22  21.94  22.61  21.21  23.42  23.23  23.61  23.15  23.70  23.02  23.01  23.37  23.83  22.91  23.11   
21.03  21.83  23.55  23.76  22.29  23.21  23.07  23.18  23.86  23.53  23.22  23.40  22.44  23.51  24.33  23.45   


0
21.61  22.48  22.47  22.81  22.57  23.42  22.50  23.05  22.54  22.65  22.51  23.08  22.16  23.50  23.19  23.16   
21.69  21.82  21.63  23.23  22.33  23.56  23.12  22.49  22.74  22.98  23.18  22.93  22.75  23.10  23.22  22.94   
21.24  21.72  22.18  22.94  21.21  23.42  23.54  23.31  22.74  23.29  23.43  22.90  23.48  22.85  22.91  22.67   
21.62  22.37  23.55  23.16  22.84  23.33  23.51  22.96  23.06  23.30  23.22  23.76  23.73  22.95  23.55  23.45   


0
21.61  21.63  22.73  23.05  22.22  23.19  22.16  23.38  22.65  22.43  22.07  23.31  22.16  22.99  22.91  23.79   
21.01  21.69  21.39  22.21  22.76  22.94  22.72  22.60  23.04  23.48  22.75  23.36  23.31  22.36  23.49  22.64   
21.94  20.97  21.94  23.49  22.17  23.52  23.85  22.91  23.15  23.29  23.32  22.80  23.02  22.85  22.22  23.41   
21.77  22.91  22.91  23.52  22.02  22.76  23.07  23.29  23.75  23.98  23.10  23.52  23.22  22.66  23.55  23.98   


0
21.92  21.49  22.21  22.69  22.34  22.96  22.27  23.16  23.09  22.54  22.63  22.62  22.16  22.22  22.22  22.22   
21.15  21.82  21.39  22.78  22.33  23.04  22.92  23.10  22.74  23.38  22.86  22.40  22.63  23.10  22.67  22.94   
20.81  20.97  21.94  23.38  22.01  23.62  22.81  23.31  23.05  23.29  22.91  22.69  23.02  23.09  23.86  22.82   
21.77  21.97  23.42  23.52  22.16  23.55  22.40  22.41  22.38  23.64  23.45  23.04  22.96  23.51  22.60  23.45   


0
21.89  21.04  22.44  22.42  22.20  23.05  22.47  22.69  22.84  22.84  21.93  23.28  22.96  22.96  22.75  22.19   
20.99  21.29  21.72  22.86  22.94  23.22  23.00  22.47  22.71  23.26  22.94  22.80  23.63  23.69  23.46  22.61   
22.20  21.07  22.39  23.14  21.98  23.29  23.51  23.29  22.82  23.05  23.40  22.12  23.23  22.82  23.16  22.64   
21.30  21.81  23.52  23.37  22.27  23.08  22.27  23.05  23.27  24.07  23.31  22.77  23.32  23.35  23.21  23.24   


0
22.55  21.37  22.49  22.84  22.01  22.41  22.52  23.41  22.67  22.46  22.65  23.10  22.66  22.89  22.80  22.56   
21.04  21.97  22.01  22.69  22.68  23.27  22.54  22.72  22.35  23.41  22.03  23.49  23.11  23.25  23.24  23.27   
22.25  21.37  22.32  22.97  21.87  23.23  23.56  23.24  23.18  23.42  23.35  22.50  23.85  23.24  23.21  23.14   
21.65  22.13  23.95  23.42  21.77  22.90  22.54  22.88  23.20  23.10  23.36  23.78  22.86  23.25  23.10  23.82   


0
21.61  21.35  21.95  22.93  22.11  23.31  22.72  23.27  22.87  22.54  22.51  23.31  22.63  22.99  22.91  22.69   
21.42  21.44  21.75  23.23  22.54  23.35  22.32  22.49  22.63  23.38  22.75  22.93  23.43  23.10  23.22  22.64   
22.36  21.60  21.59  23.05  21.53  23.52  23.33  23.01  22.85  23.18  23.22  23.33  23.02  22.85  22.64  23.71   
21.91  22.10  23.42  23.40  22.97  23.44  23.07  23.18  23.29  23.30  22.87  23.40  23.09  23.23  23.07  23.98   


0
21.44  21.61  22.44  22.91  22.43  22.94  22.92  23.25  22.29  22.41  22.60  22.94  22.37  23.22  22.19  22.51   
21.39  22.18  22.43  22.86  22.52  23.33  23.00  22.57  22.50  23.05  22.83  22.48  22.61  22.71  23.06  23.37   
21.92  21.32  22.16  23.03  21.82  22.87  23.31  23.39  22.72  23.78  23.40  22.45  23.23  23.80  22.61  23.39   
22.18  22.48  23.77  22.65  22.13  23.19  23.26  22.83  23.61  23.28  23.89  23.01  22.94  23.35  23.05  22.53   


0
21.89  21.61  21.92  22.66  22.32  22.82  22.47  22.69  22.84  22.52  22.93  22.83  22.13  22.71  22.33  22.82   
21.93  22.05  21.96  23.09  23.05  23.43  22.39  22.27  22.71  23.56  22.62  22.59  23.06  22.95  23.19  23.07   
21.77  21.70  22.16  22.80  21.50  23.70  23.31  23.29  22.92  23.05  22.78  22.99  23.23  23.44  23.97  23.54   
21.89  22.35  23.39  23.25  22.13  22.74  22.82  22.94  23.15  23.39  22.96  23.01  22.55  23.06  23.21  23.78   


0
22.20  21.04  22.31  23.03  22.43  22.71  22.80  22.80  22.62  22.63  23.15  22.94  22.37  22.32  23.02  22.67   
21.26  21.80  21.48  22.75  22.94  23.12  22.70  22.67  22.40  22.95  22.52  22.69  22.95  22.58  23.60  22.92   
21.77  21.07  21.92  23.14  21.18  22.97  22.89  22.89  22.82  23.26  23.30  23.52  22.53  23.19  23.29  22.94   
21.59  21.67  23.27  23.49  22.40  23.42  23.04  23.05  23.27  23.05  23.43  23.13  23.32  23.35  23.37  24.48   


0
21.00  20.92  22.85  22.45  22.81  22.50  22.50  22.94  22.87  22.54  22.51  22.85  22.04  22.86  22.77  23.16   
21.56  21.44  21.75  23.00  23.29  23.04  23.02  22.80  22.01  23.08  23.18  22.93  23.31  22.73  23.76  23.24   
21.66  21.60  22.06  22.83  21.05  23.00  22.92  23.61  22.95  23.08  23.43  23.23  23.13  23.34  22.91  23.56   
21.32  22.37  23.42  23.28  22.43  23.10  23.61  22.96  23.29  23.53  23.10  23.28  23.35  23.65  23.71  23.62   


0
22.38  21.63  21.42  22.45  22.22  23.19  22.83  23.16  22.65  22.76  22.51  23.08  22.28  22.73  22.49  22.85   
20.88  21.95  22.22  23.68  23.07  23.66  22.52  22.80  22.22  23.38  23.18  22.93  22.52  22.61  23.35  23.39   
21.80  22.10  21.47  22.61  22.01  23.42  23.12  23.21  23.26  23.08  23.22  23.01  23.37  23.71  23.05  23.41   
21.47  23.17  23.29  23.28  22.56  23.10  22.85  22.96  23.75  23.87  23.69  23.52  22.96  23.65  23.07  23.80   


0
22.38  21.63  21.42  22.21  22.34  22.96  22.50  23.38  22.54  21.99  22.51  23.19  22.28  23.25  22.77  22.85   
20.88  21.95  22.22  23.00  22.86  22.84  22.82  22.70  22.32  23.58  22.96  23.47  22.97  22.98  23.22  23.54   
21.80  22.10  21.47  23.71  21.85  23.21  23.43  23.61  22.85  22.76  22.70  22.47  23.02  23.09  23.59  23.11   
21.47  23.17  23.29  22.79  22.43  22.99  23.07  22.63  23.52  22.84  22.63  23.28  22.70  23.37  23.07  23.80   


0
21.73  21.02  22.56  22.17  22.30  22.93  22.46  23.34  22.39  22.94  22.70  22.81  22.48  22.95  22.73  22.81   
21.52  21.27  22.06  22.96  22.83  22.80  22.78  22.66  23.21  23.14  22.61  22.90  23.16  23.19  22.91  22.14   
22.18  21.94  22.26  23.68  21.81  23.17  23.40  23.57  22.71  23.35  23.18  22.87  22.52  22.44  22.87  22.93   
21.29  22.47  23.13  22.76  22.39  22.95  23.03  22.59  23.48  23.94  23.18  22.88  22.80  23.76  23.19  23.59   


0
22.05  21.46  22.05  23.03  22.43  22.94  22.25  23.25  22.40  22.95  22.71  22.83  22.49  22.96  22.75  22.67   
20.99  21.54  22.07  22.18  22.84  22.91  22.80  22.17  23.22  23.16  22.62  22.91  23.18  23.20  22.92  21.85   
22.20  21.07  21.92  22.80  21.34  23.50  23.20  23.59  22.72  23.37  23.20  22.88  22.53  22.45  22.34  23.24   
21.15  21.94  23.39  22.89  21.99  23.08  23.04  22.94  23.49  23.96  23.19  22.89  22.81  23.77  23.37  23.78   


0
22.83  21.91  21.55  22.69  21.99  23.19  22.39  22.94  23.09  22.32  22.74  22.74  22.63  23.12  22.91  22.69   
21.28  21.69  21.98  22.89  22.54  22.94  22.92  22.70  22.63  22.98  22.54  23.04  23.09  23.22  22.94  21.88   
21.80  22.10  22.18  23.38  21.37  23.21  22.71  22.91  23.36  23.18  22.91  23.01  23.13  22.97  22.36  23.26   
21.32  22.24  23.04  23.28  22.16  23.21  22.85  22.96  22.72  23.07  23.80  22.92  23.61  23.23  23.39  23.80   


0
22.40  22.22  22.36  23.44  22.37  22.99  22.41  23.19  22.67  22.46  22.32  22.42  22.66  23.78  22.10  22.87   
21.31  21.21  22.13  23.37  22.99  23.48  22.54  22.72  22.55  22.90  22.67  22.85  23.11  23.25  23.24  23.27   
21.97  22.25  22.56  22.74  22.51  24.06  23.15  23.14  23.18  23.21  23.14  23.04  23.39  22.99  23.34  22.99   
22.23  22.40  23.06  23.06  21.91  23.35  23.20  23.10  23.43  23.44  23.01  23.66  22.99  22.97  23.73  23.12   


0
22.36  21.90  22.06  22.92  22.33  22.84  22.82  23.48  22.42  22.31  21.95  22.84  22.74  23.36  22.76  23.15   
22.08  21.94  22.09  22.88  22.74  23.24  22.81  22.38  22.10  23.37  23.27  22.92  23.19  23.09  23.48  23.23   
22.07  21.46  22.05  22.82  21.20  23.51  23.32  23.20  23.24  23.17  23.31  23.11  22.77  22.83  22.49  22.65   
21.46  21.96  23.28  22.90  22.14  22.41  22.61  23.17  23.05  22.60  23.21  22.78  23.34  23.50  23.85  23.61   


0
