
0
21.16  21.20  22.21  22.93  22.11  22.85  22.39  22.94  22.43  22.32  22.63  22.74  22.28  22.35  21.52  22.69   
21.28  20.80  21.03  22.32  22.97  22.94  22.32  22.39  22.43  22.67  22.96  22.83  22.97  22.86  22.67  22.94   
22.08  21.22  21.47  22.83  20.73  23.52  23.33  23.21  22.54  23.29  22.50  22.80  23.02  22.72  22.77  22.36   
21.03  22.10  23.42  23.40  22.29  23.21  23.18  23.18  23.63  23.19  22.51  23.28  22.96  23.65  23.07  23.27   


0
21.87  21.15  22.29  22.03  21.94  23.14  22.56  22.89  21.94  22.05  22.24  22.69  22.34  22.68  22.17  22.80   
21.37  21.90  21.69  22.61  23.13  23.09  22.47  22.65  22.48  23.53  22.81  22.78  22.47  22.81  22.89  22.89   
21.89  20.92  22.49  22.56  21.80  23.37  22.76  23.26  22.59  22.92  23.28  22.85  23.08  23.04  23.41  22.76   
21.27  22.19  22.86  22.87  22.65  23.16  22.80  23.46  22.90  23.25  22.94  22.14  22.26  23.46  22.55  23.22   


0
21.58  21.31  22.04  22.05  22.88  22.35  22.35  23.01  22.50  22.28  22.14  22.93  22.36  23.21  23.29  23.28   
21.52  21.27  21.71  22.85  22.61  22.90  23.19  22.66  22.29  23.24  23.03  22.57  22.82  22.45  23.18  23.05   
20.91  21.43  21.91  22.46  22.92  22.75  22.77  23.67  23.32  23.35  23.29  22.97  22.28  22.69  22.46  23.52   
21.73  22.20  23.38  23.12  22.39  23.06  23.14  23.47  23.60  23.60  22.95  23.36  22.67  22.91  23.51  24.29   


0
21.89  21.89  21.92  22.06  22.32  22.48  22.47  23.14  22.62  22.41  22.82  22.94  22.25  23.22  22.61  23.14   
20.85  21.92  21.72  22.98  22.73  23.02  22.80  22.17  22.40  22.95  23.15  22.80  22.61  22.58  23.06  22.92   
21.92  21.45  22.04  22.80  21.82  23.39  23.51  23.39  22.82  23.05  23.20  22.55  23.23  23.31  23.43  23.39   
21.00  22.21  23.39  23.49  21.99  22.96  22.71  22.61  23.49  23.62  23.08  23.61  23.32  23.35  23.84  23.42   


0
21.28  21.18  22.18  22.78  22.32  22.71  22.47  23.02  22.07  22.52  22.27  22.25  22.49  22.96  23.16  23.45   
20.85  21.29  21.84  23.09  23.05  23.12  21.89  22.27  22.40  23.56  22.62  22.26  22.38  22.71  23.33  23.07   
21.35  21.82  21.92  23.03  22.46  23.18  23.10  23.29  22.62  23.26  23.09  22.45  23.23  22.82  23.16  22.79   
21.59  21.94  23.39  22.89  21.86  23.08  23.26  22.72  23.15  23.39  23.19  22.89  22.55  23.21  23.84  24.13   


0
21.56  20.72  21.63  22.40  22.29  23.83  22.22  23.22  22.38  22.16  22.35  23.03  22.58  22.81  23.27  22.64   
20.55  21.13  21.10  22.27  22.81  23.61  22.47  22.34  21.76  22.93  22.81  22.67  23.04  22.68  22.62  23.19   
22.03  21.17  21.42  23.11  21.64  22.32  22.55  23.06  22.49  23.13  23.28  22.85  23.20  23.66  23.41  23.36   
21.42  22.72  23.62  23.71  22.11  23.05  22.91  22.25  23.13  23.48  23.05  22.99  22.65  23.04  22.86  24.10   


0
21.59  21.61  21.79  22.78  21.61  22.94  22.03  22.91  22.62  22.30  22.60  22.94  22.25  22.71  22.05  23.14   
21.53  21.54  21.72  23.20  22.31  23.22  22.49  22.27  22.30  23.56  22.62  22.91  23.29  22.58  22.92  22.61   
21.49  21.45  21.92  23.25  21.50  22.56  22.89  23.79  22.92  23.68  23.51  22.99  22.76  23.44  23.16  22.64   
21.30  22.61  22.76  23.49  23.08  22.62  23.04  22.83  23.38  23.28  23.08  22.77  23.07  22.50  23.37  23.24   


0
22.03  20.59  22.30  22.89  22.54  23.15  22.12  22.79  22.61  22.50  22.59  23.27  22.24  22.70  22.32  23.44   
21.52  21.27  21.94  22.05  21.97  22.59  22.38  22.46  22.08  22.74  23.24  22.57  23.16  22.69  23.18  22.14   
21.06  21.31  21.55  22.68  22.45  23.28  22.88  23.47  22.60  23.25  22.67  22.76  22.52  22.93  23.15  23.08   
21.14  21.52  23.00  23.24  21.71  22.95  23.69  22.81  23.03  23.38  23.53  23.24  23.18  22.77  23.35  24.12   


0
21.87  21.44  21.89  22.64  21.82  23.26  22.22  23.11  22.60  22.16  22.80  23.03  22.34  22.81  22.86  23.58   
21.37  21.39  22.05  23.18  22.60  22.79  22.67  22.55  22.89  23.33  22.91  22.56  22.92  22.81  23.17  22.59   
21.61  20.92  21.66  22.78  21.80  23.16  22.55  23.16  22.80  23.03  23.17  22.31  22.97  23.29  23.41  23.21   
21.42  22.45  22.99  23.23  22.24  23.05  22.91  22.69  22.90  23.82  23.40  22.99  22.52  23.32  23.18  23.22   


0
21.44  20.89  22.83  22.54  22.20  22.94  23.25  22.69  22.29  21.97  22.49  22.60  22.25  23.22  22.61  23.14   
20.99  21.29  21.84  22.64  22.63  23.33  23.00  22.47  22.50  23.66  22.62  22.16  23.29  22.95  23.87  23.37   
21.49  21.70  22.27  23.14  21.02  23.39  23.20  23.19  23.33  23.16  22.68  23.09  23.11  23.07  22.47  22.64   
21.74  22.48  23.01  23.25  22.81  22.96  22.93  23.27  22.93  23.39  23.55  23.13  22.68  23.63  23.05  23.07   


0
22.50  21.46  22.05  22.06  22.08  22.71  21.80  23.14  22.73  22.30  22.82  22.02  22.49  22.71  23.16  22.98   
21.39  21.29  21.96  22.75  22.63  23.63  22.70  22.77  22.71  23.66  22.94  22.80  22.95  22.71  23.19  23.67   
21.63  21.45  22.51  22.58  20.70  23.50  23.00  23.39  22.82  22.74  23.09  22.88  22.99  22.94  23.16  23.09   
21.59  22.48  23.52  23.13  22.95  23.42  23.26  23.16  23.04  23.05  22.61  23.13  23.07  22.92  23.68  23.95   


0
21.41  21.30  22.15  23.12  22.17  23.26  22.45  22.89  22.93  21.83  22.58  22.80  22.82  22.43  23.14  23.58   
21.64  21.52  21.58  22.95  22.49  23.30  22.37  22.14  22.07  22.83  22.70  22.99  23.15  22.68  23.44  22.74   
21.33  21.29  22.25  22.78  22.59  23.16  22.76  23.66  22.59  23.45  22.66  22.53  22.51  22.67  22.86  23.36   
22.16  22.32  22.99  23.11  22.11  22.60  23.02  23.79  23.36  23.36  23.40  23.11  22.91  23.60  23.66  24.46   


0
22.19  21.17  21.65  22.53  22.30  23.04  22.68  23.68  22.94  22.72  22.81  22.93  21.76  22.82  22.32  23.28   
20.84  21.78  21.35  22.40  22.72  23.00  22.68  22.46  22.49  22.94  22.82  22.25  22.71  23.19  23.31  23.36   
21.76  21.69  22.14  23.01  21.81  22.86  22.67  23.47  23.12  23.14  23.08  22.33  23.33  23.06  23.01  22.93   
21.43  21.66  23.51  23.48  22.39  23.52  22.92  22.93  23.60  23.38  23.53  23.00  22.92  22.91  23.04  22.70   


0
22.31  21.00  21.88  22.87  22.86  23.13  21.99  22.99  22.59  22.26  22.01  22.79  22.92  22.54  22.29  23.26   
21.36  21.63  21.56  22.94  22.48  22.67  22.46  22.13  22.36  23.02  22.58  22.55  23.25  22.67  23.56  22.88   
21.74  21.03  22.00  22.54  22.10  22.94  22.65  23.15  23.09  23.75  23.06  23.06  23.07  22.54  23.39  23.35   
21.55  22.31  23.10  23.46  22.09  23.04  23.33  22.68  23.23  23.69  22.92  23.10  23.29  22.88  23.01  23.56   


0
21.08  21.41  22.13  22.25  21.91  23.35  22.20  22.86  22.90  22.25  22.77  22.89  22.44  22.66  22.70  23.09   
21.48  21.11  21.55  22.93  22.47  23.17  22.24  21.91  22.66  23.31  22.78  22.75  23.13  23.03  23.95  23.17   
21.72  21.52  21.27  22.64  21.45  22.61  23.15  22.84  22.98  23.00  23.25  22.83  22.83  22.65  23.38  23.49   
20.95  22.03  23.47  23.32  22.35  22.57  22.77  23.00  24.01  23.68  23.38  23.32  22.89  23.30  23.63  24.08   


0
21.73  21.02  22.30  22.89  22.30  22.93  21.90  22.79  22.72  22.28  22.48  22.36  22.71  23.08  22.46  23.13   
20.97  21.40  21.94  22.62  23.04  22.90  21.98  22.25  22.18  23.24  23.24  22.36  22.94  23.31  23.59  22.75   
21.20  21.18  22.26  23.01  21.33  23.07  22.98  23.47  22.71  22.93  22.25  23.08  23.33  22.81  23.42  23.52   
22.17  22.60  22.75  23.24  22.39  22.61  22.48  22.70  23.37  23.15  23.06  23.12  23.18  22.91  23.67  23.23   


0
22.01  21.14  22.27  22.38  22.04  22.90  22.32  22.88  22.48  22.15  22.12  23.13  22.21  22.54  22.85  23.26   
21.08  21.25  21.56  22.94  22.59  22.88  23.06  22.53  22.05  23.12  22.80  23.30  23.02  21.93  23.15  22.88   
21.88  21.28  21.88  22.66  20.98  22.62  22.96  23.15  22.78  23.01  22.95  23.38  23.19  22.91  22.57  22.45   
21.41  21.77  23.23  23.46  21.82  22.58  22.56  22.79  23.12  23.12  22.69  23.10  23.29  23.73  23.33  23.91   


0
21.40  21.28  22.40  22.75  22.28  22.90  22.10  22.99  22.48  22.37  22.45  22.67  22.80  22.54  22.85  22.94   
21.08  21.38  21.68  22.60  23.12  22.67  22.66  22.94  22.26  23.02  22.48  22.66  22.68  22.55  23.29  24.08   
21.88  21.53  22.00  23.10  22.10  22.73  23.17  23.05  22.78  23.43  22.95  22.95  22.96  23.15  23.39  22.90   
21.26  21.50  23.10  23.21  21.82  22.92  22.67  22.46  23.00  23.47  23.27  22.85  23.03  23.45  23.80  22.85   


0
22.15  21.84  21.87  22.37  22.50  22.54  22.42  23.20  23.01  21.92  22.55  22.43  22.32  23.43  23.11  22.93   
21.48  21.74  22.02  22.47  22.58  22.55  22.75  22.32  22.35  23.00  23.21  22.43  23.24  22.90  23.41  23.47   
21.58  21.77  22.11  22.20  21.77  23.45  23.26  23.74  22.77  22.58  22.94  22.40  22.94  23.14  23.11  22.29   
21.25  22.56  23.72  23.20  22.35  23.25  23.10  22.56  23.79  23.11  23.03  22.72  22.89  23.16  23.16  23.19   


0
22.16  21.14  22.40  22.38  22.16  23.02  22.66  22.65  22.26  22.59  22.23  22.90  22.57  23.31  22.29  23.26   
21.49  21.63  21.80  22.94  22.27  23.08  22.76  22.53  22.36  23.22  22.37  22.76  22.80  22.67  23.02  22.73   
21.88  21.53  21.52  22.88  21.78  23.46  23.17  23.45  23.09  22.59  22.85  22.41  22.96  22.16  22.85  22.90   
21.11  22.04  23.10  23.34  21.41  23.04  22.78  23.01  23.34  23.12  23.04  22.98  22.64  23.45  23.01  23.74   


0
21.41  21.15  22.29  22.28  22.87  23.26  22.00  23.11  22.93  22.38  22.35  23.14  22.70  23.32  23.41  22.96   
21.23  21.39  21.10  22.16  22.17  22.99  22.27  22.95  22.38  23.23  23.23  22.56  23.04  22.68  23.17  23.64   
21.75  21.29  22.01  22.67  21.64  23.16  23.28  23.56  23.31  23.97  22.76  22.96  23.08  22.67  23.27  23.21   
21.12  21.92  22.86  23.35  21.83  22.94  22.46  22.80  23.58  23.59  23.17  22.75  22.52  24.17  23.34  22.86   


0
21.54  20.98  21.74  22.61  22.15  23.57  22.42  22.86  22.79  23.12  22.55  23.00  21.96  23.43  23.11  22.93   
21.48  20.98  21.91  22.70  22.47  23.58  22.44  22.52  22.25  23.00  23.00  22.32  22.90  23.27  22.46  22.87   
21.58  20.76  22.11  23.09  21.77  23.03  22.95  23.44  22.87  22.90  23.04  22.94  22.94  22.77  22.56  23.63   
20.95  22.43  22.71  23.92  22.90  23.59  22.77  22.78  22.88  23.00  22.68  23.08  23.15  22.87  23.95  24.08   


0
21.54  21.27  22.39  22.74  22.03  23.12  22.09  22.75  22.90  22.03  22.22  22.89  21.73  22.40  22.00  23.40   
21.07  21.49  21.67  23.04  22.79  22.86  22.55  22.72  21.83  23.11  23.10  23.29  22.78  22.78  23.41  23.32   
21.30  21.77  21.39  22.31  21.45  22.72  23.05  22.94  23.18  23.00  22.94  22.72  23.06  22.77  22.84  22.59   
21.39  21.21  22.96  23.32  22.08  23.70  22.88  23.33  23.22  23.00  22.79  22.96  22.89  23.72  23.16  24.25   


0
21.72  21.30  22.42  22.76  22.06  23.14  22.11  22.67  22.16  22.05  22.58  23.26  22.46  22.68  22.17  23.27   
21.10  21.52  21.69  23.06  22.81  22.89  23.17  22.55  22.58  23.43  22.70  22.67  22.81  22.56  22.48  23.49   
21.33  21.80  21.42  22.33  21.48  22.74  23.18  23.26  23.00  22.92  22.97  22.42  23.20  22.42  22.72  22.01   
21.42  21.24  22.99  23.35  22.11  23.73  23.24  23.24  22.90  23.14  23.40  22.14  23.17  23.60  23.81  23.04   


0
21.56  21.15  22.42  23.24  22.06  22.68  22.33  22.67  22.16  22.05  22.58  23.26  22.70  22.81  22.72  22.96   
21.10  22.02  21.93  22.73  22.07  22.99  23.17  22.55  22.58  23.43  22.70  22.67  23.04  23.05  23.30  23.04   
21.33  21.67  21.89  23.11  22.12  22.95  23.18  23.26  23.00  22.92  22.97  22.42  23.08  23.17  23.95  22.01   
21.57  22.19  23.37  23.47  22.79  22.94  23.24  23.24  22.90  23.14  23.40  22.14  22.65  23.46  22.71  23.40   


0
22.19  21.45  22.17  22.41  22.42  22.58  22.90  22.68  22.39  22.06  22.48  22.70  22.71  22.82  22.73  22.97   
20.97  21.66  21.59  22.96  22.93  23.52  22.28  22.76  22.70  22.74  22.61  22.90  23.05  23.06  23.31  23.05   
21.20  21.69  21.79  22.68  21.81  23.07  23.29  23.47  22.91  23.14  22.98  22.76  23.10  23.18  23.96  22.03   
20.84  21.93  23.25  23.12  22.25  23.40  23.03  22.70  23.71  22.81  22.83  23.60  22.67  23.48  22.72  23.41   


0
22.21  21.90  22.58  23.40  21.62  22.26  22.26  23.04  22.75  22.09  22.39  22.61  22.62  22.59  22.90  22.99   
21.14  21.55  21.02  22.88  22.74  22.72  22.31  22.58  22.41  23.07  22.63  22.92  22.50  23.09  23.75  22.78   
21.37  21.59  22.05  23.26  21.99  23.30  23.01  23.40  22.83  22.85  23.11  22.78  23.35  23.08  22.35  23.10   
21.61  21.96  22.64  23.51  22.01  22.86  22.61  22.84  23.85  23.63  23.09  22.66  22.95  23.50  22.90  23.79   


0
22.36  21.62  21.41  22.92  22.09  22.61  22.37  23.26  22.86  22.31  22.17  22.84  22.74  23.23  23.04  23.46   
21.00  21.81  21.38  22.88  22.32  23.03  22.41  22.58  22.21  23.17  22.74  22.81  22.39  22.60  23.48  23.08   
20.94  21.33  22.52  22.60  21.20  23.30  22.90  23.70  23.04  23.06  22.59  23.21  23.01  23.20  22.90  23.40   
21.90  22.63  23.41  23.39  22.42  22.86  22.83  22.73  23.17  24.19  22.97  23.03  23.08  23.64  23.22  23.96   


0
22.63  21.30  22.15  22.28  22.17  23.26  21.66  23.33  22.38  21.94  22.58  23.03  22.70  22.94  22.03  22.33   
20.14  22.15  21.81  22.73  22.60  22.58  22.67  22.55  22.07  23.53  22.70  22.67  22.58  23.42  23.71  23.64   
21.33  21.55  22.37  22.78  21.96  23.16  23.07  23.36  23.00  23.55  23.38  23.07  22.97  23.17  23.41  22.91   
22.01  21.92  23.62  23.11  22.38  23.16  22.58  22.91  23.02  23.36  23.52  23.23  23.56  22.76  22.86  23.57   


0
21.40  21.14  21.62  22.87  21.81  23.02  22.10  23.32  22.92  22.26  22.56  22.90  22.33  22.54  23.12  22.94   
20.67  20.99  20.85  22.94  22.27  22.57  22.05  22.43  21.95  22.92  22.90  22.76  23.59  23.04  23.15  23.48   
21.60  21.03  21.76  22.54  21.46  23.15  22.96  23.65  22.99  22.91  23.16  22.73  22.84  23.15  23.26  22.90   
21.41  22.04  23.48  22.85  21.82  23.26  23.22  23.01  24.02  23.81  22.69  22.61  23.16  23.17  23.01  23.38   


0
21.74  20.89  21.92  22.66  22.78  23.40  22.58  22.80  22.84  22.52  22.05  22.94  22.72  22.96  22.47  23.45   
21.26  21.80  21.48  22.75  23.26  22.40  22.70  22.57  22.50  23.16  22.83  22.37  22.95  23.08  22.78  23.37   
21.49  21.70  21.56  22.58  21.82  22.97  23.20  23.49  23.13  23.99  23.30  22.99  23.34  23.07  23.16  23.68   
21.15  22.08  22.89  23.37  22.68  23.08  23.26  22.72  24.06  22.36  23.08  22.89  22.94  23.35  22.41  24.30   


0
21.72  21.86  21.89  22.76  22.29  23.14  22.11  23.11  23.37  22.49  22.24  23.14  22.94  22.94  22.86  22.80   
20.96  21.64  22.17  22.84  22.81  23.09  22.87  22.85  22.17  23.53  22.70  22.78  22.70  22.68  23.17  23.19   
21.47  21.42  22.13  22.56  21.00  24.20  22.87  23.16  23.41  22.82  23.17  22.75  23.32  23.17  23.54  22.91   
21.72  22.45  23.11  23.23  22.51  24.96  22.91  22.58  24.15  23.14  22.82  23.47  22.26  24.17  23.66  23.57   


0
21.88  21.31  21.91  22.65  23.46  23.04  23.01  23.34  22.50  22.61  22.81  22.58  22.95  23.08  22.87  24.06   
20.97  21.53  22.30  22.74  24.92  23.62  22.58  22.15  22.70  23.85  22.61  23.00  23.16  23.06  23.18  23.36   
21.76  21.18  22.03  23.35  23.39  24.21  23.09  23.17  23.12  22.83  23.08  22.97  22.75  23.30  23.96  22.78   
22.31  22.74  22.87  22.76  22.25  23.63  23.36  22.70  24.72  23.38  23.53  24.55  22.92  24.04  24.14  23.05   


0
21.60  21.48  22.19  22.92  25.88  22.38  22.82  22.82  22.53  23.40  22.83  22.72  23.09  23.36  23.17  22.36   
21.41  22.31  21.85  22.08  23.27  23.85  22.51  22.18  22.41  22.46  22.85  23.03  23.75  22.97  22.80  23.23   
21.93  21.46  22.17  23.26  21.68  23.40  23.01  22.80  23.55  22.85  22.90  23.64  23.01  23.57  23.31  23.40   
21.31  22.36  23.53  23.26  23.36  24.89  22.17  22.73  25.64  24.87  22.97  22.66  23.08  23.22  22.74  23.61   


0
22.03  21.45  22.56  22.77  22.30  23.04  22.35  23.23  22.50  22.17  22.26  23.04  22.12  22.82  23.01  23.44   
21.25  21.53  22.06  22.51  22.72  23.42  23.09  21.75  22.29  24.45  22.93  24.17  22.59  22.57  23.59  23.36   
21.48  22.31  22.03  23.23  22.76  24.62  22.46  22.57  24.64  26.65  24.01  22.76  22.87  23.30  23.28  23.23   
21.14  22.06  23.51  23.48  21.98  23.52  22.59  22.81  26.17  26.73  24.92  24.19  22.92  23.33  23.51  23.76   


0
22.45  20.84  22.39  22.86  21.91  24.03  22.31  22.53  22.79  23.88  22.22  23.23  22.56  22.91  22.70  23.24   
21.61  21.24  21.79  22.70  23.11  23.38  23.05  22.01  23.28  26.29  23.63  23.82  22.33  22.78  23.14  23.62   
21.86  21.65  22.34  23.09  21.93  24.17  22.84  22.94  25.30  25.18  25.09  25.28  24.32  23.26  22.84  22.89   
21.25  22.16  23.85  23.32  21.81  23.48  23.32  23.22  24.91  25.03  25.92  26.97  26.44  23.72  24.42  24.61   


0
21.88  21.88  22.43  23.49  22.42  23.61  22.24  23.01  23.49  23.81  23.80  24.63  22.48  23.08  23.01  22.81   
21.38  22.29  22.18  23.53  22.83  24.34  22.18  23.16  22.60  25.05  25.84  26.78  26.51  23.55  24.66  23.21   
21.62  21.81  21.67  23.01  21.17  23.28  23.50  23.57  23.32  25.42  26.63  26.99  27.95  24.28  23.01  23.82   
22.02  23.00  23.51  23.36  21.98  23.63  23.36  22.26  23.94  24.96  26.30  27.46  28.09  24.60  23.35  23.76   


0
21.44  21.32  22.44  22.54  22.55  23.62  22.69  23.69  25.01  25.76  26.08  27.73  25.29  23.73  23.30  22.82   
21.67  22.05  21.60  22.98  23.16  23.12  22.90  22.67  23.94  26.24  26.98  28.22  26.31  23.20  23.60  23.22   
22.06  21.57  22.27  22.69  22.46  23.39  23.41  23.29  23.43  25.64  26.55  27.41  25.51  23.31  23.29  23.54   
21.74  22.75  23.39  23.01  22.68  22.85  23.59  22.05  24.06  23.50  25.05  24.09  23.58  23.06  23.21  23.95   


0
22.35  21.46  22.18  22.54  22.20  23.28  22.58  24.89  26.19  26.81  28.50  26.86  23.78  23.60  22.75  22.82   
21.93  22.05  22.07  22.64  23.05  23.12  22.80  23.48  24.55  26.15  26.47  25.86  23.85  23.57  23.73  23.07   
21.63  21.32  21.92  22.92  21.82  23.81  22.89  22.79  23.23  23.99  24.33  23.84  23.34  22.94  23.29  23.68   
21.74  22.48  23.65  23.37  22.54  23.19  23.26  22.38  22.58  22.82  23.08  22.17  22.55  22.78  23.84  23.95   


0
20.96  21.45  22.69  23.13  22.65  23.04  24.11  26.18  26.39  27.32  25.64  24.85  23.18  23.21  22.46  23.28   
21.38  21.91  21.59  22.85  22.83  22.80  22.38  23.46  23.93  25.15  24.50  23.11  22.94  23.19  23.04  22.75   
21.48  21.05  21.55  23.01  21.65  23.80  22.36  22.87  23.01  22.62  23.29  22.54  22.75  22.93  23.42  23.82   
21.88  22.33  23.63  23.24  22.53  23.18  22.92  22.15  22.80  22.46  22.71  21.91  23.57  23.33  23.04  23.41   


0
21.91  21.76  22.32  22.56  21.86  23.75  24.47  25.88  25.56  25.34  23.49  23.29  23.79  23.87  23.17  22.21   
21.00  22.31  22.09  23.55  22.85  22.51  22.31  23.59  23.34  23.47  22.63  22.71  23.53  22.84  23.48  22.47   
21.51  21.46  22.05  23.04  21.84  22.88  22.59  22.80  22.53  22.96  22.38  22.89  23.47  23.45  23.03  22.50   
21.61  22.09  23.53  23.02  22.28  23.32  22.61  22.18  22.48  22.83  23.21  23.26  23.08  23.08  23.06  23.96   


0
21.56  21.72  21.89  23.24  22.64  23.83  23.55  25.63  24.23  23.04  21.91  23.14  23.29  22.81  22.30  23.11   
20.96  21.90  22.28  22.50  22.71  22.47  22.97  22.34  22.07  22.32  21.75  22.45  23.04  23.17  23.44  22.89   
21.61  21.80  21.66  23.77  21.64  22.22  22.55  22.76  22.59  22.18  22.86  22.85  23.43  22.55  23.54  23.36   
21.42  21.24  23.37  23.23  22.79  22.94  22.58  22.91  23.02  23.36  22.82  22.75  22.65  22.90  23.34  23.04   


0
21.72  20.72  21.89  23.00  22.52  23.14  23.44  23.77  23.26  22.05  22.91  23.14  22.82  23.20  22.86  22.80   
21.10  21.13  21.69  22.50  22.17  23.20  21.86  21.53  21.86  23.03  23.13  23.20  23.04  23.30  23.03  23.34   
21.33  21.80  21.89  23.33  21.64  22.43  22.66  22.76  23.10  23.13  22.55  23.18  23.32  23.29  23.27  23.36   
20.98  21.51  22.73  22.87  21.56  23.28  23.35  22.91  23.70  23.25  23.05  22.75  23.17  23.18  23.02  23.40   


0
21.91  21.19  22.32  22.56  21.51  22.49  21.93  22.26  22.09  22.97  22.61  22.95  22.38  22.21  22.48  22.84   
20.59  22.06  21.14  22.88  22.11  22.30  22.10  21.97  22.72  23.37  22.95  23.24  22.73  23.21  23.61  22.93   
21.37  21.46  22.76  22.82  21.52  22.99  22.80  22.90  23.14  23.06  22.80  23.11  23.12  23.33  23.71  23.40   
21.75  22.23  22.90  23.39  21.32  22.86  22.61  23.39  22.25  23.40  23.67  22.66  23.21  23.64  22.90  23.79   


0
21.38  21.55  22.39  22.49  21.56  21.97  22.09  22.64  23.01  22.14  23.10  22.55  22.56  22.79  22.84  22.77   
21.34  21.49  21.79  22.93  22.36  22.76  22.04  22.32  22.35  23.41  22.89  22.43  23.01  23.03  23.14  22.87   
22.56  21.02  22.11  23.09  21.93  22.93  23.05  23.44  22.87  23.53  23.04  23.47  22.60  23.02  22.70  23.04   
20.80  22.30  23.47  23.32  22.22  23.25  22.66  22.22  23.10  23.45  23.61  22.96  22.50  23.58  23.16  23.02   


0
20.33  21.86  21.50  23.00  21.82  23.37  22.67  23.00  22.82  22.49  22.58  23.14  21.15  22.81  22.03  23.11   
20.96  21.13  21.93  22.61  22.49  22.89  22.07  22.14  22.17  23.53  22.28  22.78  23.26  23.42  23.71  22.59   
21.75  21.55  22.37  22.89  21.00  23.26  22.76  22.96  23.41  23.45  23.17  22.64  23.32  23.17  23.27  23.06   
21.12  22.32  23.24  22.50  21.97  23.28  22.69  22.58  23.13  23.36  22.94  23.11  23.04  23.89  22.86  22.86   


0
22.19  20.59  22.56  22.17  22.19  23.50  22.35  22.90  22.61  21.95  22.92  22.58  22.36  22.70  22.18  22.81   
21.11  21.15  22.18  23.30  22.72  22.80  22.88  22.36  22.08  23.24  22.50  22.57  23.05  23.06  23.31  23.21   
21.20  20.93  21.91  23.23  21.97  23.69  22.88  23.17  23.12  23.25  23.39  22.87  23.21  23.18  23.42  23.23   
21.73  22.06  23.89  23.24  22.39  23.06  23.25  23.15  23.71  23.60  23.30  23.60  22.80  23.19  23.51  23.41   


0
22.19  21.88  22.17  22.65  21.95  22.81  21.90  23.01  22.39  22.39  22.48  22.81  22.48  22.70  22.73  23.28   
21.11  21.66  21.47  23.08  22.72  22.90  22.78  22.25  22.70  23.65  22.61  22.47  23.28  23.31  22.91  23.05   
21.90  21.43  22.14  22.35  22.29  23.07  23.19  23.37  22.91  23.56  22.77  22.65  23.21  23.42  23.15  23.23   
21.58  22.06  23.13  24.08  21.71  23.06  22.70  22.70  23.14  23.04  23.18  23.00  23.18  23.19  23.04  23.94   


0
20.94  21.85  22.14  22.63  21.93  22.79  21.88  23.21  23.02  22.26  22.34  22.79  22.09  22.67  22.85  22.94   
20.81  21.63  21.45  23.05  22.69  22.88  22.76  22.43  22.26  23.12  22.69  22.55  22.57  22.79  23.83  23.03   
21.88  21.41  22.12  22.32  22.26  23.04  23.17  23.35  22.68  22.91  23.37  22.62  23.07  23.28  23.12  22.60   
21.55  22.04  23.10  24.06  21.68  23.04  23.22  22.24  23.80  23.12  22.92  22.85  22.51  23.17  23.17  23.03   


0
21.89  21.75  22.18  22.66  22.32  22.82  22.58  23.25  23.06  22.30  22.38  22.83  21.89  22.45  23.30  22.67   
20.58  21.16  22.19  22.98  22.63  22.81  22.29  22.47  22.30  23.16  22.73  22.59  22.83  22.71  22.92  23.22   
21.35  21.70  21.92  22.92  21.18  23.39  23.41  23.39  22.72  22.95  23.40  22.66  23.11  22.94  23.29  22.94   
21.89  22.08  22.63  23.73  22.40  23.53  23.26  22.27  23.83  23.16  22.96  22.89  22.68  23.21  23.05  23.95   


0
21.89  21.32  21.92  22.78  22.55  23.05  22.03  22.80  23.17  22.63  22.49  22.60  21.89  22.45  23.30  22.67   
21.80  21.41  21.60  22.64  22.41  23.22  22.90  22.17  22.30  22.85  23.04  22.69  22.83  22.71  22.92  23.22   
21.49  21.45  22.04  23.03  21.82  23.39  23.20  23.79  22.82  23.16  23.09  22.88  23.11  22.94  23.29  22.94   
21.89  21.40  23.77  23.01  21.99  22.96  23.15  23.38  23.72  23.50  23.66  23.73  22.68  23.21  23.05  23.95   


0
22.20  21.46  22.18  22.30  22.32  22.71  22.36  23.14  22.84  22.74  22.71  23.28  22.61  22.84  22.61  23.76   
20.85  21.92  21.13  22.86  23.26  22.91  22.80  22.97  22.19  23.56  22.62  22.80  22.49  22.83  23.87  22.31   
21.35  21.45  22.51  22.69  21.50  23.18  23.00  23.49  23.23  23.47  22.99  23.20  22.88  22.94  23.43  22.64   
21.59  22.35  22.89  23.49  22.68  23.08  22.38  23.05  23.72  23.05  23.08  22.77  22.29  23.06  24.15  23.42   


0
22.12  21.24  22.49  22.71  22.36  22.63  22.51  22.84  22.44  22.33  22.75  23.09  22.53  23.15  23.09  22.75   
19.81  21.72  22.00  22.90  22.97  22.84  22.52  22.60  22.02  23.18  22.76  22.51  23.55  22.88  23.66  22.69   
21.98  21.37  22.08  22.95  22.06  22.80  23.13  23.41  23.16  23.50  22.50  22.59  23.50  22.99  23.22  23.76   
21.81  22.54  23.19  23.18  22.06  22.77  23.08  22.97  23.31  23.09  22.89  23.30  22.73  23.55  23.45  24.05   


0
21.22  21.54  21.99  22.84  22.14  22.88  21.96  22.85  22.67  22.01  21.98  22.88  22.54  22.90  23.24  23.54   
20.92  20.97  22.25  22.57  22.67  23.26  22.33  22.51  22.55  23.09  22.24  22.42  22.89  23.14  24.08  23.00   
22.41  21.76  21.86  22.52  21.12  23.12  23.14  23.23  23.17  22.99  22.83  22.82  22.70  23.25  23.37  23.18   
22.12  22.28  23.58  23.19  22.61  22.67  23.20  22.87  23.43  23.44  23.25  23.79  23.13  23.43  23.14  24.07   


0
22.05  21.75  22.18  23.15  22.66  22.94  22.36  23.36  23.17  22.52  22.49  22.83  22.01  23.22  22.75  23.29   
21.39  22.05  21.72  22.86  22.63  23.33  22.60  23.17  22.50  23.66  22.52  22.91  22.61  23.20  22.92  23.07   
21.77  21.95  22.04  23.58  21.82  23.50  23.51  23.19  23.84  22.84  23.61  22.88  22.99  22.94  23.70  23.39   
21.74  22.88  23.52  23.61  22.40  22.96  22.93  22.72  23.04  23.39  23.19  23.13  22.55  23.21  23.05  23.78   


0
22.35  21.18  22.83  22.54  22.55  23.05  22.69  23.02  22.73  22.84  22.27  22.94  22.84  22.96  22.89  23.61   
20.85  21.67  22.07  22.75  22.84  23.74  22.60  23.07  22.40  23.36  22.83  23.33  22.61  23.20  23.60  22.61   
22.34  21.45  21.80  23.14  21.98  23.70  23.20  23.69  23.13  23.37  23.30  23.20  23.34  23.19  22.88  23.68   
21.74  22.08  23.27  24.21  22.27  23.19  22.71  22.72  23.61  23.62  23.31  22.41  22.55  23.91  22.41  23.42   


0
21.41  21.58  22.02  22.52  22.64  23.48  23.11  22.89  22.71  22.16  22.58  23.03  22.23  23.20  22.86  23.11   
21.23  21.64  22.28  23.52  23.34  22.68  22.97  22.14  22.69  23.43  22.81  22.02  22.70  22.81  23.84  22.44   
22.17  21.92  22.01  22.78  21.96  22.64  22.97  23.76  22.69  23.55  22.86  22.64  22.85  22.42  22.86  23.06   
21.57  21.38  22.35  22.99  22.51  23.05  23.02  22.80  23.13  23.82  23.29  22.99  22.78  22.76  22.71  23.93   


0
22.02  21.15  22.42  22.88  22.17  22.68  22.45  23.11  22.82  22.16  22.58  22.69  23.29  22.81  22.72  23.43   
21.91  22.40  21.58  22.95  22.60  22.79  22.47  22.34  22.38  23.03  23.13  22.67  22.24  22.81  24.11  23.64   
21.47  21.92  21.66  23.66  21.80  23.37  23.70  23.16  23.10  23.34  23.07  22.53  23.20  23.54  23.13  22.61   
22.16  22.05  23.24  23.59  21.83  23.39  22.80  23.35  23.13  23.70  23.52  23.59  22.91  23.32  23.66  23.04   


0
21.54  21.70  22.26  22.13  22.15  22.66  21.64  22.97  22.57  22.14  22.33  23.00  22.67  23.04  22.84  22.62   
21.07  21.87  21.67  22.59  23.11  23.07  22.55  22.72  22.76  22.80  22.89  22.75  22.90  23.03  23.41  22.56   
21.30  21.02  21.75  22.75  21.45  23.24  23.77  23.14  22.57  23.11  23.56  22.72  23.18  23.26  23.38  22.44   
21.69  21.76  22.96  23.68  21.94  23.03  23.21  22.89  23.10  23.34  23.85  22.84  22.76  22.87  23.47  24.08   


0
21.08  21.13  22.13  22.74  22.15  22.89  22.75  23.09  22.57  22.47  22.66  22.09  22.20  22.91  22.97  22.93   
21.34  21.74  22.02  22.93  22.79  22.97  22.85  22.22  22.66  23.11  22.78  23.07  22.78  22.66  23.14  22.71   
21.44  22.15  21.75  22.98  21.29  23.03  23.36  23.14  23.18  23.21  22.73  22.72  23.41  23.14  22.70  22.89   
21.69  22.83  23.47  23.08  22.08  22.80  22.99  22.89  23.22  23.57  23.38  22.60  23.02  23.16  22.52  23.02   


0
21.88  21.73  22.17  22.29  22.19  23.15  22.46  22.23  22.50  22.39  22.14  22.58  22.24  22.57  22.60  23.13   
20.43  21.78  22.18  23.08  22.51  23.31  23.09  22.66  22.49  22.53  23.35  22.57  23.50  23.06  23.45  23.05   
22.04  21.56  22.03  23.35  22.29  22.54  22.77  23.37  22.81  22.93  23.18  23.40  23.10  23.18  23.69  23.23   
21.14  22.06  23.38  23.84  22.12  22.72  22.92  23.15  22.68  23.60  23.53  22.40  23.18  23.19  23.83  23.94   


0
21.87  21.30  22.29  22.52  22.76  22.91  22.00  23.33  22.93  22.49  22.24  23.03  22.58  23.20  22.58  22.48   
21.23  21.77  21.69  23.06  22.60  22.99  22.47  22.95  22.48  23.43  23.13  23.20  23.04  22.93  23.44  23.79   
21.75  21.55  22.49  22.78  22.75  23.05  23.07  23.76  23.00  23.13  22.86  22.85  23.20  23.41  22.59  23.51   
21.72  22.59  23.87  23.11  22.92  22.71  22.91  22.58  23.81  23.93  23.05  23.11  22.91  22.90  23.34  22.68   


0
21.56  21.15  22.15  22.40  22.76  22.91  22.45  23.55  22.82  22.60  22.80  23.03  22.11  22.55  23.00  23.27   
21.91  21.26  22.17  22.27  22.81  23.20  22.47  22.55  22.48  23.13  22.49  22.67  22.92  23.05  22.89  22.44   
21.47  21.55  22.13  22.89  20.19  22.43  23.49  23.46  23.10  23.24  22.97  22.42  23.55  23.29  23.54  22.91   
22.16  22.19  23.62  23.23  22.38  22.71  23.02  23.46  23.24  22.45  23.52  22.75  22.91  23.46  23.18  23.57   


0
21.85  20.57  21.75  22.26  22.28  22.56  22.21  23.10  22.70  22.37  22.12  22.44  22.33  22.54  22.43  22.94   
21.08  21.38  21.80  22.60  23.01  23.49  22.66  22.84  22.78  23.42  22.90  22.87  23.48  23.28  23.15  23.18   
21.74  21.66  21.17  22.99  22.10  23.35  22.85  22.75  23.60  22.80  22.64  22.95  23.65  23.65  22.85  22.75   
21.85  21.63  23.36  22.85  22.37  22.92  23.22  22.57  23.46  23.92  22.92  22.49  23.29  23.59  23.80  24.27   


0
22.32  21.44  22.42  22.52  22.87  22.91  22.11  22.55  22.49  22.38  22.69  23.26  21.75  23.20  23.00  22.48   
21.64  21.39  21.34  22.73  22.71  22.58  22.47  22.65  22.79  23.43  23.02  22.99  23.04  22.93  23.84  22.74   
21.61  21.55  22.25  22.89  21.64  23.26  23.18  22.56  23.10  23.24  23.07  23.28  23.08  23.04  22.31  23.06   
21.27  22.45  22.48  23.23  22.24  23.05  22.91  22.25  23.13  23.48  22.82  22.87  23.30  23.32  22.71  22.86   


0
22.65  21.61  22.05  23.39  22.78  23.40  22.25  23.02  22.84  22.74  22.49  22.48  22.01  23.48  22.75  22.82   
21.67  21.80  21.84  22.86  22.63  23.22  22.60  22.67  21.88  23.05  23.15  22.91  22.49  22.83  23.33  23.52   
22.06  21.45  21.56  23.14  21.82  23.50  22.89  22.99  22.82  23.16  22.99  22.55  22.99  23.07  23.43  22.94   
21.15  21.81  23.27  23.73  22.40  23.30  22.93  22.50  22.93  22.82  23.55  22.89  23.58  22.92  23.37  23.42   


0
21.59  21.32  21.53  23.15  21.96  23.17  22.36  22.91  22.73  22.41  22.60  22.25  22.25  22.84  22.75  23.61   
21.53  21.54  21.96  22.86  23.26  22.91  22.49  22.67  22.30  23.05  23.26  22.48  23.40  23.93  22.78  23.22   
21.49  21.45  21.92  23.14  21.82  23.18  22.68  23.19  23.03  23.37  22.99  23.09  22.53  22.82  23.84  23.83   
21.89  22.08  23.14  23.25  22.81  23.42  23.26  23.81  23.61  23.16  23.31  23.01  22.81  23.49  23.05  23.24   


0
21.54  22.26  22.26  22.98  22.03  23.00  22.64  22.86  22.35  22.36  21.66  22.43  22.79  23.30  22.97  22.30   
21.75  21.49  21.20  23.04  22.36  23.48  22.55  22.82  22.35  23.41  22.47  22.43  22.90  23.15  23.41  22.11   
21.58  21.14  22.11  23.09  21.61  23.34  23.15  23.04  22.77  23.74  22.53  23.15  22.83  22.89  22.84  23.63   
22.13  22.70  23.60  22.96  22.35  22.57  22.66  23.33  23.10  23.11  23.26  23.32  23.15  23.44  23.16  24.08   


0
22.01  22.13  22.66  22.38  21.93  23.02  22.77  22.88  22.48  22.15  22.67  22.56  22.80  22.93  22.85  22.63   
20.67  21.12  21.56  22.94  22.48  23.18  22.36  22.53  22.47  23.02  22.80  22.98  23.25  22.92  22.61  23.03   
22.02  21.79  21.88  22.88  22.10  23.56  22.96  23.25  23.09  23.33  22.85  23.06  23.30  23.65  22.57  22.00   
21.70  22.04  23.48  22.97  22.37  23.04  22.89  23.45  23.34  23.24  23.04  23.33  23.03  23.17  23.01  24.09   


0
21.58  20.02  22.69  22.77  22.42  23.15  22.68  23.34  22.94  22.83  21.59  22.70  22.24  23.21  22.60  23.28   
21.38  21.15  22.18  22.40  22.83  23.11  23.09  22.15  21.87  23.14  23.14  23.11  22.82  23.06  23.18  22.45   
21.34  21.69  22.62  22.90  22.29  23.48  23.09  22.97  23.12  23.04  23.39  22.54  22.98  22.81  23.01  22.93   
21.73  22.06  23.38  23.36  22.66  23.29  23.25  22.70  23.60  23.15  23.53  22.64  22.92  23.19  24.30  23.23   


0
22.03  21.02  22.30  22.65  22.77  22.70  22.46  23.34  22.61  22.28  22.59  23.04  21.88  23.34  21.76  23.59   
20.84  21.53  21.71  23.08  22.93  23.62  22.48  22.56  22.29  23.24  23.14  22.68  22.82  23.43  23.31  23.36   
22.46  21.18  22.03  22.57  21.65  23.28  23.40  23.47  22.71  23.46  22.87  22.87  22.98  22.81  23.42  23.08   
21.73  22.20  23.76  23.24  22.25  23.18  22.14  22.93  23.26  23.72  23.42  23.00  22.80  23.19  23.04  23.41   


0
22.03  21.45  22.17  22.29  22.65  23.15  22.90  22.68  21.95  22.61  22.70  22.70  22.59  22.95  22.60  23.28   
20.84  21.91  21.94  22.96  22.72  23.21  22.48  22.66  22.60  23.65  22.40  23.32  23.16  22.94  23.18  23.05   
21.48  22.06  21.43  23.23  21.81  23.48  23.50  23.27  23.01  23.14  22.98  23.08  23.21  22.93  23.28  23.82   
21.43  22.60  23.63  23.48  21.30  23.74  23.03  22.70  23.71  23.94  22.83  22.76  22.92  23.33  23.98  23.76   


0
22.03  21.45  22.17  22.53  21.95  22.93  22.90  23.34  22.72  22.50  22.14  22.93  22.48  23.46  22.73  23.28   
20.84  21.91  21.71  23.19  22.61  23.11  22.99  22.96  22.29  23.55  23.14  22.68  22.71  22.82  22.63  22.90   
21.48  22.06  22.14  22.79  21.65  23.28  23.09  23.57  22.81  23.25  23.18  23.19  23.10  22.93  22.87  22.63   
21.43  21.66  23.25  23.60  22.25  23.40  22.92  23.25  23.26  23.38  23.06  22.88  22.54  22.77  23.98  23.05   


0
22.01  21.85  22.14  22.51  21.93  22.90  22.88  23.32  22.92  22.59  22.67  22.67  22.57  23.31  22.57  22.63   
22.03  21.88  21.68  23.17  22.59  23.08  22.96  22.94  22.26  22.92  22.90  22.66  22.91  23.04  23.43  22.88   
21.88  22.04  22.12  22.77  21.62  23.25  23.06  23.55  23.30  23.22  23.26  22.95  22.96  23.15  22.98  22.60   
22.00  21.63  23.23  23.58  22.23  23.38  22.89  23.23  23.12  23.35  23.16  22.85  22.90  23.45  23.49  23.91   


0
21.87  21.01  21.63  22.88  22.64  22.91  22.22  23.44  22.93  22.60  22.69  22.69  22.58  23.32  22.03  22.17   
20.96  21.39  21.69  22.84  22.71  22.99  22.77  22.55  22.27  22.93  22.91  22.67  22.92  22.93  22.62  22.74   
21.89  21.29  22.01  22.67  22.43  23.26  23.39  23.76  23.31  23.24  23.28  22.96  22.97  22.92  23.00  22.61   
22.01  22.72  24.00  23.23  22.24  23.28  23.46  22.80  23.13  23.36  23.17  22.87  22.91  22.61  23.66  23.04   


0
21.88  21.31  22.69  22.89  22.30  22.93  22.12  22.79  22.28  22.50  22.37  23.04  22.36  22.82  22.04  22.18   
20.97  22.04  22.06  23.30  22.93  23.00  22.68  22.25  22.70  24.15  22.61  23.00  23.16  22.94  22.63  22.75   
22.18  21.81  22.38  22.24  21.65  22.96  22.98  23.07  23.12  23.25  23.08  22.11  22.63  22.93  23.01  22.63   
21.73  22.33  23.51  22.88  22.66  23.40  22.70  23.04  23.60  22.92  23.30  23.00  23.18  22.63  23.67  23.05   


0
