
0
22.55  21.06  22.06  23.62  22.06  23.37  22.67  22.89  22.48  22.27  22.35  22.81  23.06  23.23  22.63  22.88   
21.14  21.92  22.17  22.84  22.91  22.46  22.65  22.83  22.87  23.31  22.80  22.66  23.04  23.32  23.21  22.97   
21.52  21.95  22.50  22.78  22.21  22.94  23.06  23.94  23.49  23.02  23.05  22.74  22.86  23.07  23.18  23.43   
22.51  21.41  23.39  23.37  22.56  22.94  22.57  22.36  23.36  23.82  24.00  23.60  22.95  23.66  22.80  22.82   


0
22.38  22.04  22.56  23.60  22.05  23.36  22.65  22.87  22.69  22.14  23.00  22.68  22.58  22.83  22.48  23.34   
21.67  21.65  22.04  22.83  22.89  22.44  22.63  22.81  22.35  23.40  23.00  23.07  22.91  22.94  23.07  23.86   
21.36  21.56  22.01  22.76  22.19  22.92  23.05  23.93  23.18  23.11  22.73  23.05  23.54  22.81  23.17  22.37   
22.06  21.81  23.38  23.35  22.55  22.93  22.56  22.34  23.12  23.36  23.52  23.35  23.06  23.09  23.26  23.34   


0
21.33  21.35  22.45  22.78  22.65  22.80  22.11  22.55  22.70  22.16  23.01  22.69  22.59  22.84  22.49  22.57   
21.41  21.29  21.58  22.73  22.59  23.28  22.85  22.12  22.36  23.41  23.01  23.09  22.93  22.95  23.08  23.42   
21.52  21.32  22.26  23.11  20.93  23.66  22.95  23.64  23.19  23.12  22.74  23.06  23.56  22.82  22.50  22.84   
22.07  22.22  23.01  23.61  22.01  23.28  23.34  22.58  23.14  23.37  23.53  23.37  23.08  23.10  22.96  22.99   


0
21.35  21.37  22.60  23.04  21.97  23.17  22.25  23.13  22.73  22.29  22.71  23.17  22.03  23.12  22.52  22.59   
21.30  21.18  22.20  22.64  22.83  23.10  23.07  22.65  22.49  23.24  23.03  23.33  23.07  23.22  23.10  23.44   
21.12  21.22  22.28  23.25  22.71  23.17  23.19  22.86  22.91  23.25  23.29  22.76  22.19  23.21  22.53  22.86   
21.80  22.52  23.29  23.39  22.86  22.74  23.04  22.60  23.16  23.28  23.56  23.39  22.97  22.98  22.98  23.02   


0
21.62  21.48  22.82  23.24  22.17  22.79  22.43  23.21  22.47  22.58  23.11  23.13  22.34  23.47  22.48  22.87   
21.67  22.16  21.92  23.05  22.79  23.06  22.63  22.81  22.55  23.10  22.68  22.32  22.57  22.94  23.34  23.25   
21.64  21.18  21.89  22.54  22.83  23.24  23.36  23.23  23.18  22.90  23.04  22.94  23.20  23.18  23.44  22.97   
21.62  22.61  23.26  22.99  22.14  23.15  22.89  22.67  22.78  23.13  22.46  23.59  23.06  22.80  23.10  23.51   


0
21.94  21.49  22.06  23.14  22.18  23.49  21.89  23.22  23.14  23.14  22.13  22.92  22.71  22.71  22.91  23.98   
21.81  21.54  22.06  23.18  22.91  22.87  23.05  22.32  22.36  23.11  22.80  22.66  22.58  23.20  23.08  23.27   
21.23  21.32  21.90  22.67  21.73  23.14  22.75  23.24  23.19  23.64  23.67  22.52  22.86  23.68  23.05  22.69   
20.89  22.49  23.14  23.12  22.29  23.28  23.01  22.58  23.70  23.60  22.95  23.13  22.95  23.38  23.91  23.35   


0
22.28  21.53  22.36  23.42  22.68  23.07  21.92  23.04  22.74  22.74  22.83  22.27  23.22  23.14  22.81  23.70   
21.04  22.21  22.33  23.33  22.52  22.39  22.69  22.76  22.91  23.25  22.94  22.80  23.08  23.23  23.52  23.91   
22.40  21.98  22.18  22.93  21.61  23.49  23.41  23.68  23.43  22.95  23.20  22.99  23.25  23.96  23.22  23.17   
21.81  21.99  22.80  23.64  23.00  23.32  22.94  22.61  23.40  22.95  23.10  23.04  23.37  23.56  23.79  23.39   


0
21.16  21.76  22.04  23.00  22.52  23.02  22.32  22.76  22.69  22.47  22.78  22.56  22.34  23.60  22.76  22.87   
20.99  22.29  22.51  22.83  22.89  23.06  22.74  22.41  22.14  23.20  22.68  23.07  23.26  22.20  23.20  23.10   
21.22  21.30  22.25  22.76  21.39  23.03  22.94  22.93  22.56  22.90  23.35  23.37  23.20  22.93  22.90  22.82   
21.91  22.08  23.26  23.71  22.82  23.04  22.45  23.23  23.01  22.79  23.40  23.11  22.55  23.37  23.10  23.69   


0
22.41  22.07  22.33  23.15  22.08  23.04  22.12  23.12  22.83  22.28  22.36  22.47  22.72  23.24  23.06  23.21   
21.42  21.81  22.07  22.17  22.81  22.47  22.76  22.64  22.48  23.12  22.28  23.31  23.05  23.33  24.17  22.98   
22.09  21.33  22.15  23.34  21.74  23.37  23.17  23.15  22.89  23.66  23.38  22.97  22.88  23.45  23.20  23.74   
21.49  21.97  23.53  23.38  21.48  22.95  22.58  22.70  23.83  23.15  23.31  23.38  23.47  22.69  24.08  23.72   


0
22.24  20.92  22.32  22.41  22.18  23.26  22.44  23.11  22.70  22.27  22.68  22.92  22.24  22.84  22.49  23.51   
21.27  21.67  22.53  23.29  22.91  23.18  23.05  22.12  22.36  23.21  22.90  22.87  23.38  23.07  23.21  23.12   
22.78  21.95  21.67  22.89  21.89  23.66  23.16  23.34  23.19  22.81  23.26  23.06  22.98  22.94  22.77  23.14   
21.78  21.95  23.39  22.88  22.01  22.94  22.68  23.68  23.36  23.26  23.30  23.60  23.33  22.67  23.43  23.88   


0
22.53  22.32  22.17  22.28  22.40  22.79  22.99  23.87  22.58  22.36  22.45  23.48  22.82  23.09  22.62  23.18   
21.39  22.29  21.33  23.28  23.11  23.06  22.84  22.71  22.86  23.40  23.00  23.18  23.37  23.06  23.07  23.56   
21.50  21.81  21.77  23.21  22.35  23.24  23.36  23.53  23.58  23.32  23.56  21.97  22.73  23.42  23.85  23.27   
21.32  22.21  23.00  22.99  22.68  23.04  22.78  22.79  23.01  23.81  23.17  23.47  22.80  23.79  23.26  23.51   


0
21.46  21.18  22.29  22.87  22.51  23.46  22.42  23.42  22.46  22.46  22.33  23.01  22.21  22.95  22.75  22.70   
21.38  21.89  22.15  22.70  23.09  23.46  22.72  22.50  22.75  23.39  23.30  22.85  22.33  23.17  23.32  23.09   
21.35  21.67  21.52  22.64  22.02  22.81  23.03  23.22  22.65  23.51  22.62  22.50  23.30  22.79  23.84  24.00   
21.46  22.06  23.24  22.62  22.81  23.03  22.88  23.76  23.34  23.91  23.74  23.34  23.05  22.79  23.57  22.61   


0
21.79  21.49  22.19  22.90  22.18  22.92  22.44  23.11  22.70  22.27  22.24  23.03  22.36  23.35  23.60  23.35   
21.68  21.79  22.41  23.07  22.59  23.59  22.65  22.73  22.36  23.01  22.80  22.77  23.27  23.20  22.94  22.97   
21.52  21.32  22.26  22.89  21.41  23.14  22.85  23.34  22.98  22.59  23.36  23.49  22.98  22.70  22.91  22.24   
21.92  21.82  23.01  23.49  22.56  23.39  23.01  23.57  23.02  23.48  23.18  22.89  22.95  22.67  23.75  24.23   


0
22.57  21.66  21.82  22.80  22.44  22.71  22.36  22.91  22.73  22.73  23.37  23.51  23.32  22.48  22.52  22.12   
21.97  21.95  21.85  23.20  23.35  23.92  22.57  22.55  22.07  23.44  22.72  22.68  23.29  22.73  23.92  22.54   
21.54  21.34  22.40  23.13  22.07  23.38  22.77  23.17  23.21  23.56  22.98  22.55  23.35  22.97  22.53  22.86   
22.53  22.38  23.04  23.51  22.58  23.64  22.71  23.15  23.61  23.17  22.97  22.79  23.49  23.27  22.67  23.73   


0
22.08  21.62  22.04  22.64  22.40  23.02  22.32  23.32  23.02  22.80  22.45  23.02  22.23  22.70  22.34  22.40   
21.94  21.65  21.81  22.94  22.47  23.27  22.43  22.71  22.76  23.60  22.47  22.75  23.03  22.44  24.01  23.40   
21.50  21.56  22.36  22.99  21.55  22.82  23.36  23.23  22.77  23.32  23.25  22.62  23.54  23.05  22.90  23.57   
21.62  21.94  23.64  22.99  22.55  22.93  23.11  23.12  23.46  23.36  23.40  22.63  22.42  23.37  22.63  22.80   


0
22.07  21.04  22.81  22.51  22.62  23.58  21.97  23.08  22.35  22.13  22.55  23.58  22.21  22.56  22.61  23.01   
21.52  21.51  21.79  23.27  22.78  22.95  22.72  22.50  23.06  22.88  22.98  22.85  22.67  22.56  22.78  23.39   
22.47  21.54  21.52  22.97  22.02  22.81  22.93  23.52  22.65  23.72  22.62  22.50  22.72  23.04  22.48  23.11   
21.01  21.93  23.75  23.22  22.26  22.92  22.77  22.88  23.11  23.00  22.92  22.98  22.92  22.51  23.41  23.15   


0
21.94  21.06  22.32  22.90  22.18  22.92  22.78  23.00  23.36  21.94  22.24  22.58  22.59  23.10  23.46  22.72   
21.14  20.90  22.64  22.73  22.48  23.49  22.35  22.32  22.98  23.62  23.11  22.87  23.49  23.44  22.81  23.27   
21.80  21.70  22.02  23.22  22.36  23.25  22.95  23.24  22.78  22.91  23.26  22.74  23.09  22.94  22.91  23.14   
20.89  22.22  23.27  23.12  22.29  23.17  23.12  23.13  23.14  23.48  23.42  23.25  23.59  23.24  23.12  23.70   


0
21.94  20.92  21.93  22.29  22.53  23.37  22.00  22.66  22.48  22.16  22.13  22.92  22.59  23.61  22.77  22.57   
21.14  21.54  22.17  22.95  22.69  23.18  22.75  22.22  21.95  23.01  23.11  22.98  22.93  23.07  23.35  22.81   
21.94  21.82  22.61  23.44  21.25  23.77  22.85  23.44  23.49  23.43  23.36  22.63  23.09  23.31  23.32  23.14   
21.63  22.36  23.14  23.37  22.42  23.17  22.68  23.02  23.82  23.60  23.06  23.01  22.82  23.10  22.80  24.06   


0
21.53  21.54  22.63  23.19  22.70  22.97  22.49  23.16  22.64  22.32  22.40  23.08  22.05  23.02  22.82  23.56   
21.73  21.46  21.87  23.00  22.21  22.82  22.50  22.57  22.92  23.36  22.53  23.03  22.63  22.63  23.26  23.47   
21.85  21.87  21.95  22.72  21.46  23.19  23.32  23.19  23.44  23.48  23.72  22.68  23.03  23.12  22.82  23.48   
21.68  22.01  23.70  23.54  22.61  22.76  22.95  22.96  23.64  23.31  23.00  22.69  23.13  23.15  23.17  23.22   


0
22.27  21.51  22.60  23.04  22.44  22.94  22.25  23.80  22.95  22.29  22.82  23.06  22.97  23.63  22.80  22.91   
21.30  22.07  21.85  23.20  22.93  23.00  22.67  22.35  23.00  23.64  22.93  22.90  22.50  22.85  24.05  23.44   
22.10  21.59  22.64  22.80  22.23  23.17  23.70  23.47  23.21  23.67  23.29  22.87  23.00  23.09  23.62  23.61   
21.51  22.12  24.18  23.87  22.45  23.19  25.21  24.14  24.63  23.96  23.44  22.67  22.84  23.27  23.93  23.20   


0
21.49  21.07  22.20  22.79  22.78  23.27  22.90  23.45  22.93  22.39  22.14  23.50  22.37  23.11  22.78  23.68   
21.15  21.81  22.07  23.08  23.55  26.43  22.76  24.04  22.78  23.02  23.23  23.42  23.28  23.58  23.77  23.73   
22.51  20.70  22.86  23.12  22.22  27.34  24.41  24.05  23.71  23.45  23.58  23.40  23.22  23.32  22.92  22.85   
21.20  21.83  23.15  23.38  22.44  27.72  25.52  24.23  25.40  24.06  24.13  23.26  23.99  23.39  23.45  23.36   


0
22.27  21.37  22.21  22.80  27.89  24.08  22.58  23.35  23.49  22.95  22.82  22.83  22.50  22.87  23.35  22.59   
21.03  22.20  22.08  23.65  27.38  26.25  22.47  23.95  22.80  23.64  23.45  22.79  22.95  22.98  23.10  23.44   
22.52  21.59  22.28  23.02  29.28  28.45  23.60  24.36  24.23  23.98  24.72  23.94  23.58  23.34  23.35  22.71   
21.95  22.25  23.55  23.75  27.87  30.19  24.13  25.00  26.41  26.20  25.64  25.29  26.53  23.83  23.62  23.02   


0
21.81  21.51  22.99  23.04  27.11  24.64  22.47  23.24  22.84  22.29  22.38  23.06  22.50  23.51  22.38  23.53   
21.97  22.32  22.20  23.54  29.59  26.84  22.67  23.25  23.10  24.64  25.02  23.75  23.18  22.98  23.65  22.99   
22.10  21.47  22.64  23.69  32.20  27.36  25.04  25.64  25.54  25.94  25.63  27.41  23.70  23.58  23.48  22.71   
21.95  22.12  23.67  24.11  26.31  27.30  26.39  26.29  27.51  27.51  27.56  27.38  27.64  23.27  23.62  23.73   


0
21.37  21.67  22.49  23.42  27.79  25.55  23.15  23.26  23.18  23.40  22.50  23.18  23.34  23.01  23.22  23.39   
21.17  22.21  21.86  24.12  29.80  27.45  23.99  24.17  24.74  25.84  25.03  24.92  22.85  22.87  23.52  23.15   
22.26  22.36  21.94  24.36  28.40  27.77  25.56  25.85  24.65  25.95  26.04  28.65  24.96  22.86  23.63  22.73   
21.37  22.67  23.94  25.66  27.50  28.39  24.47  25.55  25.65  25.21  24.73  29.21  28.02  24.26  23.63  24.27   


0
22.27  21.80  23.25  23.52  28.11  27.20  23.36  24.13  24.47  24.04  23.26  23.29  22.62  23.38  22.80  23.22   
21.30  22.45  22.08  23.43  28.69  27.73  25.55  24.45  25.13  25.73  24.50  25.33  25.09  22.85  23.92  23.14   
21.82  22.10  22.28  25.00  27.94  28.55  25.54  26.03  25.93  27.05  25.93  26.89  28.41  24.56  23.07  23.76   
22.10  22.52  23.80  24.47  28.13  28.48  25.54  25.86  27.07  28.70  26.32  27.95  28.26  24.81  23.46  23.37   


0
22.27  21.80  23.25  23.16  27.89  27.75  26.08  25.65  25.86  26.49  25.75  24.53  26.56  24.39  23.21  22.75   
21.30  22.45  22.08  23.88  26.67  27.93  27.01  24.55  25.93  27.69  27.47  25.33  29.13  26.48  24.18  22.99   
21.82  22.10  22.28  23.58  28.24  28.75  27.65  26.03  26.43  28.35  26.63  26.16  27.86  24.92  22.94  22.41   
22.10  22.52  23.55  23.63  24.60  27.40  28.50  26.08  26.19  25.86  25.52  26.68  24.89  23.83  23.14  23.73   


0
22.43  22.09  22.23  23.17  27.90  27.76  26.09  25.66  26.41  27.66  27.46  25.99  28.14  27.63  23.78  22.61   
21.85  22.09  22.21  23.89  26.68  27.94  27.02  24.56  25.35  26.73  26.67  27.00  27.31  24.70  23.25  23.46   
21.42  21.98  22.30  23.59  28.25  28.76  27.66  26.04  26.64  26.66  26.54  26.80  25.42  23.60  23.22  23.47   
21.96  21.99  23.56  23.64  24.61  27.42  28.51  26.09  24.19  24.09  23.57  24.00  23.24  23.70  23.31  23.74   


0
21.94  21.77  22.45  23.38  27.09  27.61  27.86  25.63  26.37  27.62  27.43  25.96  28.11  27.60  23.46  23.51   
21.68  22.05  22.53  23.63  26.75  28.20  28.04  26.97  25.31  26.69  26.64  26.96  27.27  23.56  23.21  23.27   
21.38  21.06  22.85  23.33  23.31  27.23  28.22  27.84  26.60  26.62  26.51  26.76  25.38  23.31  23.32  22.99   
21.33  21.95  23.52  23.73  22.15  23.17  24.76  24.55  24.16  24.05  23.53  23.96  23.20  23.80  22.48  23.17   


0
22.13  21.81  22.23  23.29  26.12  28.30  28.21  28.64  27.04  27.13  27.36  28.29  27.58  24.41  23.50  23.55   
21.31  21.71  22.21  23.89  23.89  25.76  27.02  27.11  26.94  27.31  27.28  26.17  24.77  23.60  23.25  23.31   
21.70  21.36  21.94  23.04  22.08  23.91  24.54  24.96  24.44  23.89  23.20  23.10  23.13  23.35  23.36  23.02   
22.40  22.53  23.43  24.00  22.73  23.66  23.05  23.50  23.40  23.52  22.75  23.04  22.73  23.84  22.52  23.21   


0
22.29  21.40  22.50  22.58  23.16  25.68  26.31  26.96  26.31  26.20  24.81  24.22  22.88  22.51  22.68  23.25   
20.78  21.08  21.75  22.55  23.17  23.23  22.80  23.28  24.15  24.87  23.16  23.24  22.86  23.00  23.26  23.47   
21.99  22.37  22.31  23.49  21.94  24.02  23.11  23.59  23.24  23.48  23.21  23.00  23.72  22.99  23.10  22.89   
21.97  21.87  23.32  23.05  22.07  22.65  22.84  23.07  23.75  23.65  23.11  23.29  22.74  23.57  22.21  23.22   


0
21.83  21.53  22.09  22.57  22.45  23.07  22.37  23.37  23.72  23.94  22.83  23.18  22.75  22.62  22.11  23.70   
21.58  22.09  21.74  22.99  22.94  23.11  22.58  22.46  22.29  22.84  22.52  23.12  23.19  22.99  23.66  22.85   
21.56  21.48  21.82  23.48  21.61  23.29  22.78  23.58  23.02  23.26  22.78  22.99  22.78  23.23  23.22  23.47   
21.37  21.72  23.43  22.80  21.78  23.32  23.38  23.39  23.17  23.52  23.22  22.44  23.37  23.28  23.94  23.21   


0
22.43  21.67  22.61  23.17  22.45  22.96  22.70  23.81  23.07  22.74  22.50  23.07  22.98  23.52  22.53  23.55   
21.17  21.96  21.98  22.88  22.73  23.11  22.79  23.27  22.71  23.35  23.15  22.91  23.19  22.74  23.79  22.55   
22.40  22.23  22.06  23.15  22.56  23.39  22.89  23.28  23.02  23.16  23.09  23.31  22.78  23.35  23.49  23.02   
21.81  22.53  23.69  23.16  22.73  23.43  23.38  23.06  23.17  23.41  22.98  22.92  22.47  23.28  23.94  23.92   


0
22.57  21.94  21.95  23.52  22.44  23.40  22.58  23.58  23.06  22.62  23.04  22.60  22.38  23.25  23.07  23.69   
21.30  22.58  22.43  23.54  23.14  23.10  23.17  22.55  22.38  23.44  23.35  23.33  23.29  23.22  23.37  24.04   
21.82  22.10  22.05  23.02  21.43  23.90  23.29  24.06  23.52  23.35  23.49  22.76  23.23  23.09  23.62  23.31   
22.24  22.12  23.93  23.39  22.99  23.53  22.93  23.26  23.73  23.28  23.21  23.87  23.10  23.97  23.77  23.55   


0
22.10  21.93  22.72  21.94  22.43  23.16  23.12  23.56  22.83  23.26  22.80  23.16  23.19  23.24  23.34  23.36   
21.28  21.68  21.95  22.85  22.71  23.60  22.46  22.74  23.09  23.43  22.81  23.31  23.28  22.96  24.04  23.73   
22.65  22.21  21.92  23.34  21.90  23.47  23.07  23.65  23.51  23.55  23.07  22.75  23.34  23.45  23.74  24.34   
21.35  22.51  23.66  23.62  23.11  23.41  23.25  23.91  23.72  23.38  23.19  23.14  23.09  23.54  23.60  23.89   


0
22.55  21.49  22.71  22.90  22.76  22.92  22.44  23.11  23.03  22.27  22.13  23.15  23.06  22.97  22.63  23.35   
21.81  21.92  21.58  23.52  22.91  23.49  23.05  22.73  22.57  23.41  22.59  23.19  22.81  23.32  23.48  23.42   
21.38  21.19  22.26  23.22  21.89  23.46  23.47  23.54  23.39  23.02  22.85  23.49  22.98  23.07  22.91  23.43   
22.80  22.89  23.27  23.49  23.24  22.83  23.12  22.69  23.70  23.37  23.18  23.25  22.95  23.24  23.12  23.88   


0
22.70  21.63  22.32  22.41  22.41  23.15  22.56  23.33  22.37  22.60  22.79  23.38  22.71  23.23  22.77  23.66   
21.41  21.92  21.94  23.07  23.33  23.28  23.05  22.63  22.36  23.31  23.11  23.09  23.04  23.56  23.48  23.27   
22.36  20.94  21.90  23.00  22.05  23.35  23.37  23.44  23.39  23.12  22.95  22.31  23.09  23.31  22.91  23.29   
22.07  22.22  23.52  23.61  22.56  22.94  23.12  23.57  23.82  23.37  22.83  22.76  22.95  23.52  23.43  23.35   


0
21.96  21.80  22.47  23.04  22.44  22.83  22.36  23.02  23.38  23.06  22.93  23.29  22.38  22.74  23.35  23.22   
20.89  21.82  21.85  22.75  22.83  23.21  22.67  21.74  23.00  23.44  22.72  22.79  23.29  22.98  22.97  23.44   
21.96  21.72  22.40  22.80  21.43  23.17  23.60  23.66  22.80  23.56  23.08  22.44  23.12  22.84  23.21  22.56   
22.24  22.12  23.29  23.75  22.31  23.87  23.04  23.15  23.50  23.39  23.44  22.79  23.10  24.11  23.30  23.37   


0
22.58  22.09  22.87  23.05  22.33  23.64  22.81  23.26  22.85  22.30  22.39  22.61  22.04  22.11  22.11  22.45   
20.63  21.20  22.09  22.54  22.52  23.42  22.69  22.56  22.60  22.74  22.83  22.70  22.62  23.11  23.52  23.46   
21.84  21.73  22.42  23.15  21.45  23.18  23.30  23.38  23.12  23.05  23.50  22.56  22.78  22.86  23.22  23.62   
21.81  21.59  23.69  23.04  22.60  23.32  22.83  23.28  23.63  23.07  22.87  22.56  23.76  23.00  23.15  24.45   


0
21.94  21.06  22.45  22.05  22.88  22.92  22.56  23.00  22.48  22.49  22.35  23.15  22.59  23.10  23.05  23.20   
21.14  21.79  21.82  22.73  22.48  23.08  22.14  22.22  22.67  23.21  22.59  22.77  22.93  23.32  23.89  23.57   
22.22  21.82  21.90  23.00  22.05  23.25  23.16  23.74  22.57  23.12  23.16  22.74  23.09  23.56  23.46  23.58   
21.92  22.49  23.65  23.49  21.60  23.17  23.34  22.91  23.70  23.14  23.30  23.25  22.95  22.82  22.80  22.99   


0
21.93  20.76  22.43  22.76  22.17  23.25  22.54  23.54  22.69  22.03  22.45  23.36  22.46  22.96  23.04  22.08   
21.26  22.29  21.69  22.83  23.00  23.37  22.84  22.92  22.76  23.60  22.57  22.75  22.91  22.57  23.07  22.80   
22.07  21.43  22.13  22.76  22.19  22.92  23.15  23.53  22.87  23.00  23.15  22.73  22.39  22.81  22.35  22.82   
22.06  21.81  23.64  22.87  22.27  23.04  23.00  22.90  23.12  23.47  23.05  22.87  22.80  23.93  23.58  24.40   


0
21.95  21.07  22.98  22.67  22.54  22.93  23.01  23.23  23.04  22.28  22.92  23.39  22.49  22.86  22.65  22.74   
21.96  21.81  21.95  23.08  22.92  23.30  22.66  23.04  22.58  23.33  23.23  22.89  23.39  23.21  23.50  23.13   
21.81  21.20  22.39  23.12  21.26  23.68  23.38  23.25  23.20  23.24  23.07  22.64  22.64  23.20  22.65  22.70   
21.79  21.83  22.90  22.89  22.30  22.84  22.58  22.70  23.60  23.27  22.72  23.85  22.83  22.97  24.08  23.54   


0
22.72  21.37  21.56  23.28  22.32  23.29  22.80  23.13  23.06  23.17  22.38  22.83  22.50  22.61  23.07  22.91   
21.03  22.07  22.08  22.75  22.08  23.00  22.67  22.75  22.69  22.83  23.03  23.22  22.61  21.99  23.24  23.44   
21.26  21.47  22.28  23.25  22.39  22.86  23.39  23.66  22.80  23.25  23.70  22.55  23.12  23.34  23.35  23.46   
22.39  22.38  23.04  23.87  22.86  22.85  23.15  23.37  23.50  23.17  22.50  22.67  22.58  23.27  23.14  23.73   


0
22.41  21.64  22.85  22.30  22.66  23.27  22.68  22.79  23.04  22.83  22.80  22.59  21.77  22.98  23.06  22.89   
21.69  22.19  21.95  22.51  23.13  23.19  22.66  22.64  22.27  23.33  22.92  22.99  23.05  22.72  23.50  23.73   
21.53  21.58  22.15  22.57  22.22  23.26  23.38  23.35  23.20  23.24  23.38  22.64  23.11  22.58  23.06  23.00   
21.05  21.97  23.41  23.74  21.89  23.86  23.14  22.81  23.26  23.50  22.96  23.50  23.09  23.25  22.81  23.72   


0
21.49  21.22  22.07  23.27  23.01  22.70  22.68  22.90  22.83  22.28  22.80  22.82  22.96  22.73  22.92  23.21   
21.01  22.31  22.07  23.75  23.34  23.40  22.26  22.74  22.27  23.33  22.81  23.31  22.94  22.72  22.95  22.52   
21.53  21.71  21.56  23.23  22.85  23.47  23.38  23.25  23.40  23.13  23.38  23.18  23.45  23.20  23.20  22.85   
21.94  21.83  23.15  23.50  22.44  23.29  23.14  23.14  23.26  23.50  23.19  22.54  22.83  23.25  22.97  23.89   


0
22.16  21.27  23.03  23.08  22.48  23.21  22.28  22.95  22.66  22.99  22.74  22.64  22.30  22.91  22.84  23.42   
21.34  22.11  22.00  22.90  22.54  23.45  22.00  22.49  23.04  23.27  22.97  22.83  22.88  23.01  23.95  23.48   
21.86  21.13  21.97  22.84  22.59  23.52  23.02  23.20  22.84  23.70  23.01  23.02  23.16  23.01  23.38  23.20   
21.69  22.42  23.71  22.82  22.08  22.89  22.85  23.41  23.08  23.20  22.89  22.83  23.52  23.44  23.97  23.77   


0
22.28  21.53  22.36  22.45  22.33  23.07  22.70  23.48  22.74  22.08  22.28  23.18  22.39  23.14  22.39  23.86   
20.63  21.45  22.21  22.20  22.94  22.91  22.48  22.76  22.40  23.45  23.36  23.34  22.62  23.48  23.52  23.46   
21.70  22.11  22.18  22.93  21.45  23.08  23.41  22.98  23.02  23.47  23.30  23.10  23.25  22.73  23.36  22.73   
22.84  22.80  23.31  22.68  21.78  22.86  23.38  22.84  23.06  23.63  23.45  23.04  22.34  22.85  22.68  22.85   


0
21.81  21.37  22.47  22.80  21.62  22.60  22.47  22.91  23.28  22.29  22.60  23.29  22.26  22.61  22.52  23.06   
21.70  21.95  22.32  22.64  22.61  23.21  22.77  22.35  22.28  22.93  23.35  23.00  23.07  23.22  23.65  23.14   
22.10  22.10  21.81  23.25  21.59  23.27  22.98  23.47  23.01  22.83  23.08  23.30  23.00  22.97  23.21  23.01   
22.10  22.65  23.67  23.63  21.63  23.30  23.15  23.04  23.73  22.82  23.09  23.39  22.71  23.27  23.93  22.66   


0
21.83  21.39  21.31  22.69  22.22  22.61  22.93  23.70  23.07  22.19  22.72  23.30  22.28  22.88  22.67  22.76   
21.72  22.34  21.39  22.65  22.52  23.63  22.38  22.66  22.60  23.35  23.26  23.23  23.08  22.87  22.84  22.85   
22.26  21.36  21.11  22.81  21.29  23.49  22.99  23.38  22.71  23.58  22.26  23.53  23.02  23.10  23.36  23.02   
20.78  22.80  23.18  23.40  22.19  23.54  23.27  22.73  24.30  23.97  23.34  22.80  22.98  22.57  23.63  23.21   


0
21.81  21.80  22.47  22.68  22.44  23.06  22.58  23.47  22.95  22.62  22.71  23.40  21.91  23.38  22.38  23.22   
21.57  20.93  22.55  23.54  23.25  23.21  22.67  22.75  22.80  23.64  23.14  22.90  23.18  22.73  23.24  24.04   
21.40  21.59  22.28  22.69  22.07  23.06  23.70  23.47  23.01  23.04  22.87  22.76  22.31  22.97  23.21  23.31   
21.21  22.52  23.04  23.39  22.31  23.19  22.93  23.37  23.27  23.96  22.74  22.79  22.71  23.41  23.77  23.55   


0
21.17  21.63  22.06  22.78  22.41  23.15  22.56  23.11  23.36  22.49  22.79  23.15  22.95  22.97  23.05  22.41   
21.14  21.79  22.06  22.84  22.48  23.08  22.65  21.92  22.46  23.21  23.01  22.34  23.27  23.69  23.62  22.51   
22.36  21.32  22.02  22.67  22.21  23.56  22.64  23.24  23.70  23.33  23.36  22.63  23.21  23.19  23.05  22.69   
22.22  22.22  23.52  23.24  22.69  23.28  23.12  23.35  23.48  23.94  23.42  23.48  23.46  23.52  23.43  22.99   


0
21.17  21.63  22.84  23.14  21.83  23.26  22.00  23.22  22.48  22.27  22.68  22.92  22.59  22.84  23.05  23.51   
21.14  21.79  22.17  22.39  23.12  23.69  22.24  22.42  22.46  23.11  23.01  23.19  22.93  23.07  23.62  23.87   
22.36  21.32  22.02  23.11  22.05  23.98  22.64  23.34  22.78  23.33  23.67  22.95  22.86  23.31  22.64  22.99   
22.22  22.22  23.39  22.88  22.01  22.94  23.45  22.80  23.02  23.60  22.71  23.37  22.43  24.09  23.28  24.23   


0
22.41  22.07  22.85  23.15  21.84  23.27  22.01  23.23  23.15  22.50  22.69  22.93  22.01  23.62  22.92  23.99   
21.28  22.19  22.19  22.40  23.13  23.71  22.26  22.44  22.68  23.53  23.34  23.21  22.83  22.96  23.50  23.28   
21.81  21.96  22.03  23.12  22.06  23.99  22.65  23.35  23.61  23.45  23.17  22.75  23.57  22.96  22.92  23.00   
21.20  22.51  23.41  22.89  22.03  22.95  23.46  22.81  23.15  23.84  23.54  23.38  22.57  22.69  22.97  23.54   


0
22.12  22.22  21.82  23.04  22.21  23.17  22.02  23.13  23.17  22.51  22.71  22.94  22.03  23.00  23.35  23.22   
21.30  22.20  21.73  23.09  23.35  22.69  22.67  22.45  22.69  23.54  23.35  23.22  22.84  22.85  23.37  22.84   
21.68  21.09  21.81  23.47  22.55  23.27  22.98  23.37  23.62  23.46  23.18  22.76  23.58  22.60  23.07  22.86   
22.10  22.52  23.29  23.39  22.72  22.96  22.93  23.48  23.16  23.85  23.56  23.39  22.58  22.84  22.67  23.02   


0
21.95  21.36  21.81  23.03  22.78  23.27  22.23  22.90  23.15  22.50  22.47  22.93  23.55  22.98  23.34  23.21   
21.69  21.43  22.07  22.97  22.49  22.68  22.76  22.44  21.96  23.12  23.13  23.21  23.05  22.84  23.36  22.83   
21.39  22.33  21.80  22.90  22.38  23.37  23.07  23.35  23.10  23.97  22.55  22.75  23.11  22.58  23.06  22.85   
21.49  22.37  23.03  23.38  22.16  23.18  23.35  23.03  23.37  23.61  23.31  23.02  22.96  22.83  22.65  23.01   


0
21.94  21.49  22.19  22.41  22.30  23.03  23.00  23.22  22.48  22.16  22.79  23.26  22.59  22.84  23.19  22.41   
21.14  22.17  21.94  22.95  22.69  23.18  22.45  22.93  22.98  23.11  23.43  22.66  23.04  23.44  22.94  23.57   
21.38  21.82  21.43  23.22  22.84  23.56  22.64  22.84  23.19  22.38  22.95  23.17  22.63  23.31  23.73  23.29   
22.51  22.49  24.03  23.24  22.15  23.05  23.23  23.02  23.02  23.60  23.77  23.37  22.17  22.96  23.75  24.06   


0
21.20  22.08  22.34  22.44  22.32  22.83  22.47  23.02  23.28  22.18  22.71  23.29  23.21  23.25  22.80  23.53   
21.57  21.82  21.96  23.09  22.93  23.51  22.67  23.05  22.49  23.24  23.14  22.15  23.29  22.23  23.37  23.44   
21.82  21.22  22.40  22.80  22.71  23.38  23.19  23.27  22.80  23.25  22.87  22.66  23.81  23.34  23.21  23.46   
21.95  22.25  22.78  23.03  22.58  23.42  23.37  23.04  23.16  23.62  23.56  23.15  23.23  23.27  23.30  23.55   


0
21.35  21.37  22.08  23.04  22.32  22.83  22.25  23.02  22.62  22.73  22.60  22.60  22.50  23.12  23.76  23.06   
21.03  21.44  22.20  22.64  22.83  23.10  23.07  22.45  21.87  23.54  22.50  22.58  22.50  22.98  22.97  22.84   
21.82  21.85  21.93  23.36  22.23  23.38  22.88  22.86  22.70  23.04  23.18  22.87  22.54  22.47  22.94  23.01   
21.80  22.25  23.80  23.39  22.31  23.42  22.49  23.26  23.27  23.28  23.32  22.91  23.36  22.98  23.14  23.37   


0
21.96  21.23  22.60  23.16  21.97  22.48  22.47  23.13  22.95  22.40  22.38  23.29  23.09  23.00  22.80  24.00   
21.16  21.06  21.85  22.86  22.72  23.10  22.67  22.35  22.38  23.44  22.72  22.68  22.95  23.34  23.37  23.74   
21.96  21.09  22.40  23.25  21.91  23.06  23.19  23.56  23.21  23.35  22.87  22.55  23.00  23.34  23.21  23.16   
21.21  22.52  23.55  23.27  21.77  23.42  23.48  22.71  23.95  23.39  23.56  23.15  23.49  22.70  23.62  24.08   


0
22.13  22.09  22.49  22.09  22.57  23.18  22.26  22.92  23.07  23.07  22.05  22.38  21.92  23.01  22.53  22.92   
20.90  21.96  21.62  22.99  22.63  23.01  22.79  22.76  22.60  23.05  22.94  22.70  22.28  22.37  23.79  22.70   
22.12  21.61  22.42  23.04  21.45  23.60  23.30  23.28  23.53  23.68  23.20  22.78  22.67  22.36  23.08  22.73   
21.81  22.13  23.31  23.52  22.87  22.86  23.60  22.95  23.51  23.07  22.98  22.80  22.98  23.70  23.63  24.27   


0
22.45  21.97  22.11  23.43  22.46  22.74  22.83  23.60  23.19  22.43  22.95  23.08  22.29  23.15  22.68  22.62   
21.19  22.48  21.99  23.00  23.06  23.33  22.60  22.47  22.51  23.26  22.95  23.03  23.09  22.63  23.26  23.77   
22.13  21.37  21.95  23.16  22.26  23.19  23.11  23.29  23.34  23.27  23.31  22.46  23.49  22.75  23.10  23.04   
21.97  22.54  23.32  23.89  21.93  23.10  22.95  23.40  23.53  23.42  23.00  23.29  22.74  23.43  23.64  24.11   


0
21.67  20.53  22.74  22.93  22.80  23.07  22.26  23.26  22.63  22.74  22.39  23.18  22.16  23.01  22.95  22.45   
21.58  21.20  21.62  22.88  22.41  23.32  22.79  22.26  22.29  23.05  22.94  23.02  22.96  22.99  23.25  22.70   
22.12  21.61  22.65  23.04  21.45  23.39  22.89  23.28  23.12  23.58  23.09  22.67  22.90  23.35  23.36  23.32   
21.52  22.93  23.69  23.52  22.05  22.86  23.27  22.95  23.74  23.18  23.45  22.92  23.11  23.14  22.68  24.62   


0
21.67  21.67  22.36  22.81  22.22  22.96  22.26  23.15  22.52  22.85  22.28  22.96  22.39  22.62  22.53  22.61   
21.04  22.97  22.21  22.76  22.94  22.91  22.38  23.07  22.09  23.45  22.73  22.91  22.85  22.74  22.98  23.00   
21.56  21.10  22.18  23.15  22.56  23.60  22.99  23.08  23.02  22.95  22.99  22.78  23.25  23.23  23.08  23.02   
21.96  22.40  23.94  23.04  22.60  22.98  23.27  23.17  23.51  23.63  23.69  23.28  23.63  23.70  23.31  22.50   


0
22.41  22.21  21.94  23.15  22.66  22.93  21.90  23.01  22.61  22.28  23.03  23.16  22.37  23.11  22.65  22.42   
21.01  22.06  21.71  22.85  22.71  22.99  23.06  22.94  22.58  23.12  22.60  22.89  23.28  22.59  23.09  23.88   
21.53  20.95  22.51  22.57  22.85  23.37  22.97  23.55  23.40  23.34  22.55  22.21  23.22  23.20  22.51  23.15   
21.94  22.24  23.28  23.14  21.89  23.52  22.92  23.03  23.26  23.38  23.19  22.90  23.35  22.83  22.81  23.72   


0
21.98  22.52  22.61  23.42  22.92  23.87  24.14  23.26  22.85  22.30  22.72  22.61  22.28  23.39  22.95  23.39   
21.45  21.71  22.21  23.67  22.52  22.49  22.69  22.36  22.81  23.15  23.47  23.55  23.08  22.62  22.71  23.15   
22.40  21.73  22.30  23.81  21.61  23.39  23.30  23.18  22.41  23.78  22.88  23.10  22.90  23.10  23.90  23.62   
22.25  22.67  22.80  23.28  22.73  23.09  22.83  23.06  22.72  23.52  23.57  23.28  22.47  23.42  22.84  24.09   


0
22.12  22.22  24.53  24.48  26.66  26.32  24.01  23.69  23.28  24.36  22.49  23.51  22.50  24.01  23.07  23.22   
21.57  22.20  22.43  24.33  25.23  25.85  25.45  23.25  22.69  23.34  23.24  23.11  23.41  23.10  23.78  23.14   
22.66  22.22  22.76  23.13  22.39  24.00  24.12  24.16  23.21  23.35  23.29  22.87  23.12  23.46  23.35  23.46   
21.95  22.25  23.55  23.63  22.04  23.19  23.48  22.93  23.50  23.51  22.74  22.91  23.49  23.12  22.98  24.08   


0
22.55  24.15  27.02  25.75  26.19  26.85  25.51  24.43  23.03  23.25  23.01  23.15  22.95  23.23  22.35  22.41   
22.75  23.55  26.32  25.30  25.62  26.02  25.62  23.93  22.77  23.41  23.01  22.66  23.04  22.70  23.89  23.42   
22.22  22.45  24.36  26.16  25.18  25.92  25.42  24.53  23.09  23.85  23.16  22.74  23.09  23.44  22.77  23.29   
21.92  22.22  23.77  24.80  23.24  23.73  24.76  23.89  23.82  23.26  23.42  23.25  23.08  23.10  23.12  24.41   


0
21.84  21.97  23.79  25.68  26.47  26.67  27.06  27.92  28.10  26.94  25.45  24.10  22.76  23.02  22.82  22.78   
22.00  21.59  23.74  26.99  26.80  27.07  26.55  26.63  26.36  27.03  24.63  23.14  24.22  23.25  24.34  23.17   
22.41  21.49  25.11  27.59  27.96  27.78  26.58  26.15  26.26  25.04  23.93  23.54  23.26  23.61  23.64  23.19   
22.12  22.95  26.07  27.88  27.64  27.21  26.42  25.99  25.77  23.99  23.46  24.01  23.25  23.01  23.17  23.93   


0
22.27  21.51  22.47  22.92  22.44  23.06  25.21  26.08  25.01  25.00  24.78  26.75  24.14  23.38  23.35  22.59   
21.70  22.07  22.67  23.65  23.04  25.75  25.84  26.51  26.73  27.69  27.07  26.78  23.86  23.22  23.24  22.84   
22.38  21.22  22.76  24.34  24.89  26.15  27.25  27.96  28.29  28.25  27.43  26.58  24.61  23.21  23.21  23.61   
22.24  22.12  23.67  24.94  25.53  27.51  28.39  27.56  28.27  29.13  27.56  25.64  23.62  23.55  23.30  24.61   


0
22.72  21.37  22.21  22.80  22.67  23.63  22.80  22.91  22.62  22.62  22.82  23.85  22.50  23.12  22.80  23.22   
20.89  21.57  21.73  23.32  23.25  23.31  23.27  23.35  23.41  23.44  23.56  25.33  24.08  22.98  22.97  22.99   
22.10  21.85  22.17  23.02  21.43  23.59  24.01  25.35  24.83  24.71  24.41  25.22  25.85  23.21  23.35  22.86   
