0
21.92  21.20  22.98  22.69  22.34  23.08  22.39  22.94  23.20  22.65  22.85  22.85  21.80  23.25  23.05  22.85   
21.15  22.20  22.57  23.11  22.76  22.52  22.62  22.49  22.12  23.28  22.43  22.72  22.52  23.10  22.81  23.09   
21.94  21.72  22.42  22.94  21.21  23.73  23.33  23.41  23.26  23.60  23.53  22.80  23.25  22.72  22.91  23.71   
21.77  21.83  23.29  23.52  21.88  23.33  22.96  23.18  23.18  23.30  23.45  23.52  22.83  22.81  23.86  23.98   


0
22.21  21.19  22.19  22.56  22.33  23.64  22.37  22.93  22.64  22.53  22.94  22.50  22.38  22.59  23.04  22.84   
21.41  21.55  21.73  22.42  22.64  22.93  22.81  22.48  22.10  23.17  22.95  22.38  22.85  23.09  22.80  23.08   
21.51  21.96  22.52  22.93  21.52  22.99  22.80  23.20  23.35  23.06  23.42  23.21  23.58  22.71  22.90  23.70   
22.19  21.96  23.15  23.39  22.82  23.43  23.16  23.06  23.62  23.97  23.32  23.03  23.34  22.79  23.85  23.96   


0
22.06  21.90  21.93  22.31  22.21  22.84  22.26  22.93  23.08  22.42  22.50  23.29  22.50  23.23  22.90  23.62   
20.86  21.17  21.62  22.99  22.74  23.03  22.41  22.48  22.41  23.17  23.27  23.35  23.07  22.60  23.34  22.47   
21.37  21.96  21.93  22.82  21.99  23.51  23.32  23.20  22.94  23.27  22.48  22.57  23.12  23.45  23.31  22.65   
21.75  22.63  23.66  23.39  22.01  22.75  23.27  22.84  23.39  23.86  23.44  23.38  22.69  23.36  23.22  22.90   


0
21.60  21.62  21.80  22.68  22.09  22.38  22.93  23.26  22.53  22.42  22.94  23.18  22.38  22.98  22.90  23.78   
21.68  21.81  22.09  22.54  22.96  23.34  22.91  22.48  22.10  23.27  23.27  23.03  23.19  22.72  23.07  22.63   
21.37  21.71  21.46  23.37  20.87  23.20  23.22  23.80  22.53  22.96  23.00  23.11  23.12  23.45  23.17  23.25   
21.46  21.96  23.53  23.14  22.01  23.20  23.05  22.73  23.05  23.17  23.79  22.78  23.08  22.93  22.74  23.96   


0
21.46  21.35  22.47  23.65  22.22  23.08  22.61  23.05  22.65  22.54  22.96  23.08  22.63  22.99  23.05  24.10   
21.01  22.33  21.75  23.23  22.86  23.04  22.62  22.80  22.63  23.58  22.75  23.25  22.97  23.10  23.22  23.69   
22.22  22.35  21.83  23.16  22.01  23.10  23.12  23.51  22.54  23.50  22.91  22.90  23.71  23.22  23.05  23.86   
21.18  22.24  23.04  23.88  22.29  23.44  22.96  22.52  23.29  22.62  23.34  22.80  22.83  22.81  23.55  23.62   


0
22.08  21.36  22.09  22.82  22.47  23.20  22.73  23.28  22.88  22.77  22.42  23.55  22.88  23.00  22.51  23.33   
21.57  21.33  21.88  23.47  22.98  22.95  22.63  22.61  22.75  23.19  22.87  23.05  22.99  22.99  23.64  23.41   
22.37  21.61  22.31  23.28  21.38  23.22  23.03  23.62  23.06  23.30  23.03  23.02  23.72  23.11  23.19  23.42   
21.04  22.52  23.30  22.93  22.58  23.45  22.97  23.30  23.30  23.31  23.81  22.81  23.10  23.67  23.40  23.64   


0
21.95  22.08  22.75  22.35  22.60  23.33  23.08  22.63  22.56  22.57  22.32  23.10  22.42  23.40  23.07  23.66   
21.45  21.72  21.89  23.25  23.20  22.65  22.75  22.32  22.35  23.20  23.20  22.74  23.68  22.76  24.19  23.27   
22.94  21.87  22.32  22.63  22.03  23.44  22.84  23.74  22.77  23.21  23.14  22.71  23.50  23.12  23.48  22.99   
22.38  21.72  23.82  23.18  22.32  23.01  23.20  22.66  23.20  23.44  23.01  23.18  22.86  23.25  22.62  24.18   


0
20.98  21.18  22.44  22.66  22.66  23.05  22.47  22.69  22.07  22.41  22.38  23.17  22.49  22.96  22.61  22.51   
21.67  22.18  21.96  22.41  23.16  22.91  22.60  22.87  22.50  22.95  22.52  22.80  22.72  22.46  23.46  23.37   
22.06  21.57  22.39  23.69  22.62  23.18  23.51  23.39  23.54  23.68  23.09  22.66  22.88  22.94  23.70  23.09   
21.89  21.54  23.52  23.61  22.68  23.30  23.37  22.83  24.29  23.50  23.55  23.25  22.94  23.63  23.37  23.07   


0
21.31  21.77  22.60  22.57  22.92  23.53  22.50  22.94  22.32  22.21  22.63  22.62  23.34  23.12  22.36  23.63   
21.15  22.20  21.63  22.78  22.44  22.84  22.42  22.39  22.12  23.18  22.75  22.40  23.09  22.73  23.22  23.39   
21.24  21.60  22.42  23.05  22.01  23.10  23.33  23.51  22.85  22.76  23.12  22.80  23.25  23.58  23.05  23.41   
22.50  22.10  23.67  23.76  22.43  22.99  23.07  22.96  23.29  23.30  23.80  22.68  23.35  22.38  23.07  24.33   


0
22.08  21.93  22.09  22.82  22.93  22.52  22.62  22.62  22.88  22.55  22.97  23.09  22.76  22.49  22.09  23.33   
21.16  21.58  21.40  22.79  22.66  23.57  22.43  22.51  22.75  23.09  22.98  23.48  22.64  22.74  23.90  23.41   
21.95  21.48  22.43  22.95  21.38  23.32  22.82  23.72  23.27  23.51  23.23  22.70  23.15  22.86  22.78  22.68   
21.63  22.38  23.56  23.89  22.17  23.00  22.53  22.75  23.30  23.31  23.46  22.57  23.10  23.24  23.72  23.99   


0
21.91  22.18  22.71  22.43  22.79  22.84  22.37  22.59  22.31  22.20  22.94  23.18  22.62  23.36  22.48  23.31   
20.86  21.55  22.32  22.99  22.96  22.93  22.41  22.68  22.62  23.57  22.74  23.13  23.19  22.72  23.34  23.38   
21.93  21.59  22.17  23.04  22.15  23.09  23.01  23.30  23.14  22.96  23.42  22.68  23.12  22.96  22.07  23.70   
21.75  21.96  23.41  23.63  22.14  23.20  23.27  23.06  23.28  23.52  23.79  22.78  23.34  23.50  23.06  23.08   


0
22.03  20.88  22.30  22.29  22.77  23.15  22.57  22.79  22.28  22.61  22.70  22.58  22.36  22.82  22.73  23.13   
21.38  21.40  22.06  23.30  22.93  22.59  22.78  22.86  22.70  23.35  22.72  23.32  23.28  23.19  23.18  23.51   
21.90  21.69  22.26  22.79  21.33  23.28  22.57  23.77  23.22  23.46  22.87  23.30  22.87  23.67  23.01  23.08   
20.69  22.20  23.25  23.24  22.80  23.18  23.14  23.15  23.82  24.06  23.77  23.24  23.18  22.91  22.88  23.76   


0
21.93  21.36  22.22  22.10  22.24  23.09  21.84  22.95  23.10  22.66  22.97  22.52  22.29  23.26  22.92  22.86   
21.03  21.45  21.76  22.67  23.30  23.36  22.83  22.61  22.34  22.99  23.29  22.73  22.53  23.24  22.82  22.65   
21.81  21.86  21.72  23.06  21.38  22.80  23.24  23.32  23.37  23.19  22.92  22.70  23.38  22.86  22.65  22.98   
21.48  22.12  22.92  23.17  22.44  22.43  22.97  23.63  23.76  23.08  23.11  23.41  23.49  23.10  23.40  22.93   


0
22.19  21.31  21.65  23.01  22.07  22.58  22.12  23.01  22.94  22.06  22.03  22.81  22.83  23.08  23.01  23.91   
21.11  21.15  21.47  22.96  23.04  22.90  22.28  22.36  22.70  23.45  22.93  22.36  23.05  22.94  22.77  23.21   
21.62  21.43  22.14  23.23  21.81  23.38  22.98  24.17  23.22  23.14  23.18  22.87  23.33  22.93  23.15  22.78   
21.58  21.52  23.76  23.36  22.80  22.50  23.25  23.15  23.14  23.60  23.30  23.12  22.92  22.63  22.40  23.05   


0
22.38  21.77  22.21  22.45  22.22  23.31  22.72  22.94  22.87  22.76  22.51  22.85  21.80  22.99  22.49  23.48   
21.28  21.44  21.86  23.34  22.76  23.04  22.22  23.20  22.74  22.88  23.07  23.47  23.31  22.86  23.08  23.09   
21.52  21.09  21.83  22.61  22.17  22.90  23.02  23.41  23.05  23.08  23.43  23.12  22.90  23.34  22.36  22.96   
21.18  21.97  23.16  23.52  22.56  23.33  22.63  22.85  23.18  23.75  22.51  23.04  23.48  23.37  22.76  23.27   


0
22.36  21.62  22.45  22.92  22.56  22.84  22.15  22.70  22.53  21.98  22.50  23.07  22.50  23.10  22.62  23.15   
21.27  21.68  21.62  22.76  22.96  23.03  22.71  22.58  22.62  23.47  22.63  23.03  23.07  23.21  23.75  23.23   
21.51  22.71  22.41  23.48  21.68  23.51  23.32  23.00  22.73  23.48  22.80  22.57  22.66  22.96  22.76  22.20   
21.02  22.09  23.66  23.99  21.60  23.20  23.16  23.17  22.71  22.60  22.50  23.26  23.08  23.22  23.85  23.61   


0
22.25  21.51  23.01  23.08  22.60  23.22  22.30  23.07  22.45  22.35  22.43  22.65  22.42  23.01  22.80  23.50   
21.31  20.96  22.13  22.91  22.89  22.96  22.14  22.72  22.55  23.41  22.88  22.85  22.66  22.88  23.11  23.57   
21.83  22.00  22.21  23.08  21.39  23.13  22.94  24.03  23.38  23.73  23.25  23.04  23.16  23.12  23.21  23.14   
22.38  22.67  23.44  23.54  22.32  23.46  23.09  23.10  23.43  23.55  23.71  23.06  22.86  23.40  24.05  23.65   


0
20.54  21.35  22.21  23.05  22.34  22.96  22.61  23.27  22.54  22.43  22.51  22.62  22.87  23.12  23.05  23.16   
21.28  22.20  21.75  23.00  22.54  22.94  22.52  22.90  22.53  23.48  22.43  23.36  23.09  22.49  23.35  23.24   
21.94  21.22  22.42  23.27  21.53  23.10  23.12  23.41  23.15  23.29  22.70  23.12  23.02  23.34  23.05  23.41   
21.91  22.51  23.29  23.28  21.47  23.10  23.72  23.40  23.41  23.75  23.10  23.52  23.09  23.65  23.71  23.62   


0
22.51  21.19  22.45  23.16  22.21  23.52  22.26  22.82  22.53  22.75  22.94  22.72  22.26  23.10  23.17  22.36   
21.00  22.19  22.32  22.65  23.38  23.13  22.81  22.28  22.62  23.17  22.85  22.49  22.73  23.09  23.48  23.68   
21.65  21.84  21.46  23.04  21.52  22.99  23.42  23.30  23.65  23.17  22.90  22.78  23.01  23.08  22.62  23.70   
21.61  23.03  23.03  23.26  22.42  22.86  23.27  23.17  22.82  23.40  23.56  22.54  22.95  23.08  23.06  24.14   


0
21.59  21.18  21.66  22.91  22.43  22.48  22.14  23.25  22.51  22.74  22.49  22.60  22.13  22.71  23.44  22.98   
21.67  21.54  22.19  22.98  22.73  23.12  22.70  22.47  22.71  23.26  22.73  22.80  22.83  22.46  23.46  23.82   
21.49  21.45  22.39  23.14  21.66  23.39  23.20  23.19  22.72  23.78  23.20  22.55  23.11  23.31  22.88  22.94   
21.00  22.88  22.89  23.49  22.13  23.53  22.49  23.16  23.83  23.39  23.19  23.37  22.94  23.06  22.89  23.24   


0
21.79  21.80  22.23  22.96  21.78  22.99  22.74  23.19  23.11  22.68  22.65  23.10  22.54  23.27  22.80  23.81   
21.04  22.10  22.01  22.69  22.78  23.17  22.65  22.01  22.35  23.41  22.88  22.74  23.00  23.49  23.92  23.72   
22.80  21.75  22.09  23.08  21.71  23.23  22.84  23.44  23.38  23.21  23.35  22.06  23.39  23.49  22.80  23.29   
22.23  23.07  23.32  22.94  22.32  23.35  23.31  22.88  23.20  23.44  23.71  23.30  22.99  23.40  23.26  23.47   


0
22.54  21.64  21.96  22.94  22.70  23.09  22.06  23.28  23.10  22.77  22.42  23.21  23.23  23.00  23.06  23.18   
21.43  22.34  21.88  22.90  22.66  23.36  22.83  22.41  23.06  23.19  22.87  22.94  22.76  22.99  23.90  23.71   
21.11  21.74  21.48  23.17  22.18  22.91  23.24  23.12  23.47  22.67  23.03  23.77  23.03  22.98  22.78  23.72   
21.48  22.38  22.92  22.81  21.76  22.89  22.64  23.19  23.76  24.22  23.46  23.29  23.23  24.09  23.72  24.17   


0
22.06  21.33  22.71  22.80  22.56  22.72  22.48  23.48  22.31  22.42  22.61  22.95  22.74  22.59  23.31  23.31   
21.54  21.43  22.09  22.99  23.06  23.24  22.61  22.68  22.52  23.57  22.63  22.92  23.07  23.33  23.34  23.83   
21.79  21.59  22.52  23.37  22.31  22.99  23.01  23.90  23.24  23.48  23.31  23.32  23.24  23.45  22.62  23.55   
21.75  22.63  23.28  23.63  22.82  24.44  24.91  24.48  23.51  23.74  26.09  23.15  23.34  24.20  23.06  23.43   


0
22.06  21.33  22.71  22.80  23.49  23.64  22.37  22.93  22.53  22.20  22.72  22.72  23.21  23.62  22.34  23.62   
21.54  21.43  22.09  22.99  24.53  26.28  22.81  23.39  22.93  23.57  22.85  23.13  22.96  23.33  23.61  23.68   
21.79  21.59  22.52  22.93  23.26  27.98  24.76  25.28  23.75  23.69  25.56  23.86  23.58  23.57  23.31  23.55   
21.75  22.63  23.28  23.26  24.03  28.39  24.37  25.67  25.08  23.97  25.52  27.14  22.69  23.92  23.69  23.79   


0
21.91  21.90  22.58  22.56  23.49  23.64  22.37  22.93  22.53  23.19  23.05  23.18  22.85  23.36  23.31  24.40   
20.59  21.81  21.73  23.10  24.53  26.28  22.81  23.39  22.93  24.07  23.06  23.24  23.07  23.09  23.61  23.83   
22.07  21.59  22.41  22.93  23.26  27.98  24.76  25.28  24.26  24.73  23.72  25.24  23.35  23.08  23.58  22.65   
21.16  22.49  23.53  23.26  24.03  28.39  24.37  25.67  26.75  26.53  24.60  28.06  23.47  23.36  23.85  25.02   


0
22.67  22.18  22.71  22.80  27.01  25.66  22.71  23.15  22.75  23.19  23.05  23.18  22.85  23.36  23.31  23.62   
21.14  21.94  22.09  23.55  26.49  25.78  23.51  23.69  23.24  24.07  23.06  23.24  23.07  23.09  23.61  23.23   
22.21  21.96  21.81  24.25  30.68  25.67  24.96  25.18  24.26  24.73  23.72  25.24  23.35  23.08  22.62  23.40   
22.05  22.23  24.16  26.23  30.38  25.66  25.87  26.52  26.75  26.53  24.60  28.06  23.47  23.36  23.69  23.79   


0
21.65  21.53  23.15  22.73  25.93  26.15  22.42  23.42  23.78  23.34  22.77  23.12  23.26  22.38  22.95  23.67   
21.05  22.24  22.61  23.38  27.35  25.92  24.16  24.24  24.20  25.71  23.53  23.08  23.58  23.38  23.52  23.28   
22.26  21.89  22.93  25.28  31.88  25.10  26.43  26.60  26.41  26.01  23.98  23.16  23.63  23.38  22.67  23.45   
22.25  23.21  24.21  26.63  26.98  26.04  25.71  26.14  27.34  28.54  25.00  26.61  23.90  23.55  23.74  23.84   


0
22.20  22.17  22.31  24.10  28.10  23.62  22.80  23.58  24.91  24.26  22.82  23.17  22.72  23.09  23.02  23.76   
22.47  21.92  22.43  25.10  27.80  24.14  24.00  24.87  25.35  25.46  23.78  23.01  23.97  22.95  24.00  23.52   
22.20  21.70  23.68  27.36  24.65  25.86  24.85  24.58  25.35  27.47  24.63  24.16  23.57  23.80  23.02  23.68   
21.59  23.41  25.28  27.15  25.48  26.42  25.97  25.22  24.96  29.66  28.44  26.44  24.09  23.77  23.68  24.30   


0
22.83  21.77  21.95  24.01  29.33  23.08  23.38  24.04  24.93  24.28  23.18  22.85  22.63  23.50  22.63  23.79   
21.56  22.20  22.69  26.45  28.73  24.47  24.81  24.30  23.86  25.58  25.67  24.63  24.22  23.22  23.62  23.69   
21.80  22.48  22.89  27.38  28.63  26.39  25.89  26.27  24.67  24.43  28.25  27.64  26.09  23.09  23.86  24.30   
21.91  22.64  25.55  28.10  27.21  26.11  26.63  27.17  26.65  26.21  29.57  28.41  26.02  23.65  23.86  24.68   


0
22.05  22.17  22.31  23.51  28.21  25.65  24.35  24.68  24.80  23.93  24.79  27.73  24.01  24.11  23.44  23.61   
21.12  22.55  21.96  24.99  29.30  28.34  25.57  25.65  25.05  24.76  25.24  26.48  27.94  24.18  23.60  23.82   
21.63  21.95  22.75  25.54  28.45  27.97  25.76  26.92  27.43  26.25  24.02  27.21  27.41  24.17  23.57  24.13   
22.62  22.48  24.28  27.04  29.24  27.83  26.61  27.56  29.01  27.72  25.85  28.16  25.36  23.49  23.68  24.66   


0
22.68  21.91  22.98  23.53  29.00  27.33  25.56  26.00  26.42  25.57  25.24  24.55  26.11  24.89  23.46  23.16   
21.56  22.58  22.69  24.24  27.32  28.46  25.11  26.07  27.85  27.24  25.47  25.68  28.51  24.20  23.62  22.94   
22.36  21.72  22.89  24.81  29.66  29.18  26.29  27.04  29.11  27.69  25.97  28.26  28.53  23.83  23.32  24.15   
22.06  22.64  24.18  25.19  28.37  28.18  28.21  26.64  26.98  26.77  27.24  27.38  24.37  23.65  24.49  24.68   


0
21.63  21.64  22.87  24.50  29.01  27.78  25.47  27.61  28.94  27.06  25.90  28.74  28.27  24.90  23.48  23.02   
21.57  22.09  21.52  24.14  27.43  29.05  26.19  25.98  27.76  26.96  26.30  28.36  27.44  23.60  24.04  23.26   
21.81  21.86  22.43  24.38  28.34  28.79  28.98  27.92  26.78  26.39  27.57  27.04  25.77  24.45  23.60  23.72   
21.93  22.65  23.68  24.37  25.65  27.65  28.33  27.07  26.11  26.12  25.66  24.24  23.49  24.09  23.40  23.10   


0
22.10  20.66  22.62  24.39  28.04  28.55  26.87  27.20  27.29  27.38  27.29  27.89  26.71  23.27  23.07  24.12   
21.31  22.60  22.48  24.49  27.65  28.48  28.89  27.35  26.99  28.04  27.23  26.53  24.35  23.13  23.65  23.42   
22.25  21.75  22.44  23.52  26.69  27.72  27.81  27.64  25.60  25.69  25.09  23.14  23.50  23.12  23.75  23.59   
21.35  21.59  23.57  23.90  22.86  23.80  23.75  24.19  23.43  23.67  23.83  23.66  22.60  23.11  23.89  24.53   


0
22.06  21.62  22.45  25.89  27.45  28.73  28.00  28.44  27.15  26.51  25.34  24.20  22.74  23.36  22.20  23.46   
20.86  21.81  21.97  23.78  25.47  26.77  25.68  24.39  25.36  25.07  23.48  22.81  22.96  23.21  23.07  23.68   
21.51  21.71  22.29  23.04  21.36  23.82  24.04  23.70  23.04  23.38  23.21  22.89  22.77  23.08  23.31  22.35   
21.75  22.63  23.41  23.39  22.42  22.98  23.05  23.83  23.17  23.86  23.32  23.15  23.08  23.08  23.69  23.26   


0
21.92  21.77  22.85  23.65  23.27  24.55  23.82  23.71  24.61  23.31  22.63  23.76  22.87  22.99  23.05  23.48   
21.15  21.44  21.51  22.78  22.86  23.04  22.62  22.70  22.84  23.38  23.28  22.93  23.09  23.10  23.08  22.79   
21.24  21.47  21.94  23.16  21.69  23.00  23.33  23.71  23.46  23.50  23.12  22.80  23.37  23.34  22.77  23.26   
21.32  22.10  23.42  23.76  22.16  22.87  23.18  23.07  23.29  23.41  23.57  22.92  23.09  23.23  24.02  23.45   


0
23.13  21.06  22.60  23.29  22.57  23.53  22.61  22.83  22.98  22.54  22.29  23.08  22.39  22.86  22.63  23.48   
21.01  21.82  22.34  23.34  22.76  23.25  22.62  22.90  22.84  23.79  22.86  22.93  22.86  22.73  23.62  23.84   
21.52  21.98  22.06  23.05  22.01  23.21  23.33  23.31  22.95  23.70  23.02  23.12  23.02  22.97  23.32  22.96   
22.21  22.10  23.92  22.92  22.84  22.99  23.40  23.40  23.86  23.53  23.10  23.16  23.35  23.37  22.76  22.73   


0
21.75  21.48  22.71  22.92  22.33  22.38  22.48  22.59  23.08  22.64  22.83  23.07  22.50  23.10  22.90  22.84   
21.68  21.94  22.09  23.10  22.64  23.24  22.51  22.38  22.72  23.57  22.85  23.24  22.62  22.84  23.20  22.63   
21.93  22.09  21.93  23.59  21.20  23.51  23.01  23.40  23.14  23.06  23.00  22.89  23.58  23.45  22.76  22.95   
21.16  22.36  23.91  23.14  22.96  23.32  23.71  23.39  23.28  23.52  23.21  22.91  22.95  23.78  22.90  24.32   


0
21.59  21.04  22.70  23.39  22.32  23.51  22.47  22.91  22.18  22.52  22.38  22.94  22.84  22.45  23.44  22.98   
21.39  21.41  22.31  23.54  22.52  22.71  22.90  22.87  22.09  23.26  22.62  23.12  23.18  22.58  22.65  22.76   
21.92  21.70  22.51  23.36  21.50  22.87  22.68  23.59  23.13  23.58  23.40  22.12  22.88  23.68  23.29  23.24   
21.15  22.88  23.27  23.49  21.99  23.30  23.48  22.94  23.72  23.28  23.43  23.37  23.20  23.49  22.89  23.95   


0
21.73  21.45  22.04  22.77  22.54  22.58  22.35  22.90  23.05  22.83  22.26  22.81  22.24  22.82  22.73  22.81   
20.97  22.16  22.06  22.85  22.72  23.31  22.18  22.86  22.70  23.55  22.82  22.90  22.48  23.06  23.04  22.60   
22.32  22.31  22.14  22.90  21.33  23.48  23.60  23.17  22.60  23.35  22.77  22.87  23.21  22.69  23.01  23.37   
21.14  22.33  23.25  23.12  22.12  23.18  22.70  23.04  23.48  23.72  22.95  23.00  23.44  23.05  23.51  23.94   


0
22.35  22.03  21.79  23.27  22.43  22.82  22.47  23.14  22.07  22.41  22.49  22.94  22.49  22.96  22.33  22.67   
21.53  21.67  21.72  22.86  23.16  22.81  22.90  22.06  22.19  23.16  23.04  22.59  22.95  22.09  22.92  23.67   
21.49  21.57  21.68  22.80  21.66  23.08  23.51  23.19  23.03  22.95  22.99  22.66  22.88  23.31  23.02  22.79   
21.45  22.21  23.52  23.25  22.13  23.08  23.26  23.38  23.49  23.05  22.84  23.13  23.71  23.49  23.84  23.42   


0
22.20  21.46  21.92  21.81  22.20  22.59  22.58  22.91  22.62  22.41  22.49  22.94  22.25  23.35  22.61  23.29   
20.99  21.67  22.07  23.20  21.99  23.12  22.19  23.28  22.61  23.56  23.26  22.91  23.40  22.09  23.60  22.92   
21.77  21.32  22.16  22.92  22.30  23.29  23.00  23.29  23.43  22.95  23.40  22.77  22.76  23.07  23.02  23.09   
21.74  22.21  23.27  23.49  22.54  23.53  22.49  23.05  23.72  23.28  23.78  22.53  22.94  23.06  23.52  24.13   


0
21.77  21.63  22.21  22.33  22.81  22.62  22.27  23.27  22.43  22.76  22.63  22.74  22.39  23.25  23.19  23.01   
21.56  21.95  21.75  22.78  22.76  22.84  22.42  22.80  22.43  23.48  22.54  22.72  23.54  22.24  23.89  22.64   
20.81  21.60  21.94  22.83  21.37  22.79  23.23  23.81  23.76  23.18  22.91  22.47  22.90  23.22  23.45  23.56   
22.06  21.70  22.78  23.28  22.16  22.99  22.96  23.18  22.95  23.30  22.98  23.52  23.22  23.65  22.76  23.27   


0
21.32  21.93  22.48  22.70  22.35  23.09  22.40  23.39  22.77  22.00  22.53  23.21  22.41  23.13  22.37  22.70   
20.62  21.45  21.76  23.24  22.34  23.16  22.73  22.00  22.85  23.39  22.77  22.84  23.44  23.11  23.09  22.65   
21.53  21.23  22.78  23.50  21.54  23.74  23.34  23.52  23.17  23.09  23.75  23.13  23.49  23.35  23.47  22.53   
21.63  21.98  23.56  23.29  22.85  23.23  23.30  22.97  23.76  22.86  22.88  23.17  23.23  23.67  23.40  22.75   


0
21.30  21.33  21.93  22.68  22.56  22.95  22.15  23.04  22.86  22.53  22.61  23.07  22.26  22.85  22.34  22.36   
21.14  21.94  21.62  22.88  23.27  23.13  22.91  22.18  22.00  23.27  22.85  22.92  22.73  22.60  23.34  22.47   
21.79  21.21  22.29  23.15  22.47  23.82  22.90  23.10  23.24  22.75  22.59  22.89  22.89  22.59  22.62  22.50   
21.46  22.36  22.52  23.39  21.87  23.54  22.61  22.95  23.05  23.52  23.09  23.74  22.30  22.93  23.22  23.43   


0
22.36  20.76  21.80  23.16  22.91  22.49  22.71  23.04  22.64  22.09  22.28  22.72  22.26  22.98  22.90  23.31   
21.00  21.81  21.85  22.76  22.96  23.44  22.91  22.68  22.21  23.47  22.74  23.13  22.96  22.23  23.61  23.38   
21.93  21.33  22.29  22.71  21.68  23.09  23.73  23.20  23.35  23.06  22.80  23.11  23.24  23.33  22.62  23.55   
21.31  21.82  23.03  22.90  22.55  23.09  22.72  22.73  22.82  23.40  23.79  23.03  22.95  23.22  23.38  23.96   


0
21.27  21.88  22.43  22.29  22.88  23.61  22.01  22.46  22.83  22.39  22.59  23.27  22.24  22.82  23.15  23.13   
20.29  21.78  21.71  23.19  23.35  23.11  22.88  22.05  22.29  23.24  23.24  22.90  22.59  22.57  23.59  22.75   
21.90  21.18  22.03  22.68  21.49  22.96  23.19  23.27  22.91  22.72  23.08  22.87  23.90  22.81  23.42  22.78   
21.43  23.00  23.00  23.60  22.66  22.84  22.92  23.36  23.26  23.49  23.53  22.76  22.54  23.05  23.83  22.52   


0
21.92  20.92  21.68  23.05  22.34  23.08  22.39  23.16  22.54  22.21  22.51  22.51  22.75  23.25  22.49  22.69   
20.47  21.82  21.86  22.78  22.65  23.56  22.92  22.19  22.12  22.98  23.18  22.93  22.97  22.73  24.03  22.94   
21.66  21.47  22.06  22.61  21.85  23.31  23.54  23.11  23.15  23.60  22.91  23.44  23.25  23.22  23.45  23.41   
21.47  22.37  23.04  23.16  22.56  22.99  23.40  22.85  23.63  23.75  23.10  22.68  22.57  23.79  23.86  23.62   


0
21.91  21.90  22.32  23.04  22.33  22.95  22.71  23.26  23.08  22.53  22.72  22.72  22.38  23.10  22.48  23.31   
20.59  21.94  21.50  22.88  22.43  23.34  22.71  22.89  22.83  23.47  23.06  22.71  23.07  23.33  23.88  23.53   
21.51  22.09  21.81  22.93  21.52  22.99  23.11  23.50  22.83  23.06  23.00  22.78  24.04  23.45  23.03  23.70   
22.19  21.96  23.53  23.39  22.14  23.20  23.05  22.84  23.39  23.74  23.32  23.38  24.11  23.08  22.90  23.26   


0
21.91  21.90  22.71  22.80  22.79  22.84  22.26  23.15  23.18  22.42  22.94  23.29  22.85  23.10  22.62  22.52   
20.59  21.94  21.73  22.76  23.06  23.34  22.61  22.89  22.52  22.66  23.16  23.13  22.96  22.97  23.34  23.23   
21.51  22.09  21.93  23.48  21.52  23.51  23.22  23.10  23.24  23.06  23.83  22.68  23.35  22.59  23.17  23.25   
22.19  22.63  23.41  22.90  22.01  23.43  22.83  22.95  23.62  23.52  23.56  22.91  23.21  23.64  23.54  23.79   


0
22.06  21.90  22.71  22.80  22.79  22.84  22.26  23.15  22.31  22.86  22.94  22.50  22.38  23.36  22.90  23.78   
21.14  21.30  21.73  22.76  23.06  23.34  22.61  22.89  22.52  23.27  23.16  23.24  22.85  22.72  22.66  23.68   
21.79  21.21  21.93  23.48  21.52  23.51  23.22  23.10  23.35  23.80  23.11  22.89  23.47  23.08  22.62  23.25   
21.75  22.63  23.41  22.90  22.01  23.43  22.83  23.17  23.05  23.52  22.97  23.26  23.21  23.78  22.42  23.43   


0
22.19  21.17  22.17  22.53  22.88  22.81  22.46  23.12  22.28  22.83  22.92  22.47  22.36  23.59  22.32  22.97   
20.84  21.78  21.94  23.08  22.61  22.80  22.88  22.46  22.49  23.24  23.14  23.22  22.82  22.20  23.18  22.14   
21.20  21.81  22.38  23.35  22.45  23.28  22.77  23.47  23.32  23.77  23.08  22.87  23.44  23.30  23.15  22.93   
21.58  22.60  22.87  23.72  22.12  23.29  22.81  23.15  23.03  23.49  22.95  23.24  22.41  22.63  23.19  23.59   


0
22.51  21.76  21.67  22.80  22.68  23.29  22.60  23.37  22.86  22.97  22.83  22.95  22.50  23.62  22.34  22.99   
21.41  21.81  22.09  22.88  22.96  22.93  23.31  22.48  22.21  23.57  22.74  22.81  22.96  22.23  23.20  22.17   
21.65  21.33  22.17  22.93  21.52  23.09  23.01  23.30  22.83  22.75  22.80  22.68  23.35  23.33  23.17  22.95   
22.63  21.69  22.77  23.87  22.28  23.09  23.38  23.17  23.17  23.29  22.97  23.38  22.43  22.65  23.22  23.61   


0
22.10  21.94  22.10  22.59  22.71  23.33  22.30  23.07  22.67  22.24  22.54  22.99  22.89  23.14  22.66  22.56   
21.58  21.85  21.89  23.25  23.42  23.27  23.05  22.82  22.97  23.31  22.99  22.31  23.11  22.51  23.78  22.82   
21.97  21.25  22.56  23.41  22.03  23.23  22.52  23.44  23.69  23.31  23.45  23.14  22.81  23.36  22.93  22.84   
21.35  21.59  23.95  23.30  22.86  23.58  23.42  23.21  23.32  23.78  23.59  23.18  23.63  23.40  23.42  24.53   


0
22.07  22.20  22.21  23.17  22.11  23.08  22.05  22.94  22.10  22.21  22.51  22.97  23.57  22.86  22.49  23.63   
21.15  21.95  21.39  22.32  22.86  22.84  23.02  23.10  22.63  23.79  22.86  22.72  22.97  22.98  23.35  23.39   
21.94  21.22  22.89  22.94  22.17  23.10  23.12  23.21  23.15  23.29  23.53  22.80  23.37  22.97  23.86  23.11   
21.91  22.64  23.16  23.52  22.56  23.33  23.18  23.18  23.52  23.53  23.57  22.56  22.83  22.95  23.71  23.45   


0
21.77  21.20  22.60  22.93  22.57  23.08  22.83  23.16  21.99  22.43  22.96  22.51  22.39  22.86  22.36  22.53   
21.15  21.19  21.98  23.79  23.07  22.63  22.22  22.19  22.53  23.38  22.86  22.72  22.75  22.98  23.22  23.54   
21.52  21.47  21.83  22.61  22.48  23.42  23.23  23.31  22.85  23.08  23.02  23.12  23.60  22.97  23.18  23.41   
21.18  22.24  23.04  23.04  22.16  23.33  22.96  23.51  23.52  23.19  23.57  23.04  22.31  23.09  23.71  23.45   


0
22.03  21.02  21.91  23.25  22.42  22.93  21.90  23.12  22.50  22.28  22.70  23.16  22.71  23.21  22.46  22.97   
21.52  21.66  21.59  23.19  22.19  22.80  22.58  22.66  22.29  23.14  23.24  23.11  22.59  22.57  24.39  23.21   
21.76  22.06  21.55  22.46  22.13  23.48  22.98  23.37  23.22  23.04  23.18  22.87  23.10  23.42  23.15  23.82   
22.02  22.06  23.63  23.48  22.25  23.40  22.92  22.81  23.60  23.26  23.18  23.72  23.83  23.19  23.51  23.23   


0
23.22  21.85  22.14  23.59  22.86  23.36  22.21  22.99  22.59  22.37  22.89  22.90  23.27  23.18  22.15  22.63   
20.95  21.76  22.04  22.83  23.43  22.57  23.06  22.84  22.78  23.62  22.69  22.87  23.02  23.41  23.97  23.63   
22.16  21.79  22.47  22.88  21.94  23.56  23.27  23.35  22.89  23.33  23.06  23.27  23.07  23.65  23.94  23.35   
21.55  22.44  23.10  22.61  22.37  22.70  23.11  23.34  23.57  23.35  22.92  23.10  23.03  23.03  23.49  23.74   


0
22.22  22.06  22.60  23.17  22.92  23.65  22.83  23.27  22.65  22.43  23.07  23.19  22.39  22.99  22.49  22.69   
21.15  22.20  21.39  22.66  22.86  22.84  22.42  22.39  22.32  23.79  23.07  23.25  23.09  23.35  23.35  23.39   
22.36  21.85  21.94  22.50  22.17  22.90  23.02  23.51  23.36  23.50  22.81  23.23  23.02  23.46  23.05  24.15   
21.32  21.97  23.42  23.40  22.16  23.55  23.07  22.85  23.63  23.75  23.80  23.40  23.61  23.93  23.23  23.09   


0
21.92  21.77  22.73  22.69  22.34  23.31  22.61  22.94  23.09  22.65  22.07  22.97  22.63  23.37  23.19  23.16   
21.83  21.82  21.75  23.57  22.76  23.66  22.82  23.10  22.63  23.48  23.28  23.15  22.97  22.86  23.35  23.99   
22.36  21.47  22.06  22.83  21.85  23.10  22.92  23.21  23.46  23.39  22.81  23.12  23.02  22.60  23.18  22.96   
21.77  22.51  23.29  23.52  22.43  23.44  23.07  23.18  23.86  23.07  23.80  23.28  22.70  23.79  23.23  23.45   


0
22.22  21.77  22.08  22.69  22.57  23.08  22.50  22.94  22.32  22.65  22.40  23.53  22.51  23.12  22.77  23.16   
22.10  21.31  22.10  23.23  22.97  23.35  22.62  22.70  22.22  23.48  23.39  22.93  22.75  22.86  23.08  22.94   
21.94  22.10  22.06  22.72  22.48  23.31  23.02  23.31  23.36  23.08  23.22  22.47  23.48  23.34  23.59  23.56   
21.91  22.24  23.55  23.76  22.29  23.33  23.18  23.51  23.75  23.64  22.87  23.52  22.96  23.37  22.60  24.15   


0
22.22  21.91  22.60  22.69  22.46  23.08  22.05  23.05  22.87  22.87  22.96  22.62  22.63  22.86  23.05  22.53   
21.15  21.57  22.34  23.45  23.07  22.84  23.22  22.29  22.53  23.28  23.18  22.61  22.29  23.10  23.35  22.79   
21.52  21.85  22.30  22.83  21.69  23.10  23.33  23.21  23.36  23.70  23.12  22.90  22.79  22.85  23.45  23.71   
20.73  21.97  23.16  23.28  22.29  23.21  22.85  23.40  23.41  23.53  23.57  22.92  23.48  23.37  23.23  22.91   


0
22.06  21.48  22.06  22.43  22.56  23.41  22.48  23.37  22.86  22.64  22.06  23.18  22.38  22.72  22.76  23.46   
20.73  21.68  22.09  22.76  22.74  23.24  22.81  22.58  22.00  23.37  22.95  22.71  23.19  23.09  23.20  22.78   
21.51  21.59  21.81  22.71  21.84  23.40  23.42  23.00  23.24  23.06  22.80  23.21  23.12  23.08  23.31  22.95   
22.34  21.41  23.53  23.63  22.96  23.88  23.16  23.39  23.51  23.86  23.44  23.26  23.98  23.22  23.54  23.61   


0
21.45  21.48  22.45  22.80  22.91  23.41  22.04  23.37  22.64  22.31  22.83  23.07  22.74  23.36  22.62  23.31   
21.81  21.55  22.32  23.22  21.79  22.93  22.71  22.78  22.93  23.27  23.27  23.03  22.96  23.09  23.34  23.23   
21.93  21.84  22.41  22.93  21.99  23.72  23.22  23.90  22.53  23.59  23.11  22.89  22.77  22.83  22.76  23.40   
21.16  21.96  23.15  23.02  21.87  23.32  23.38  22.51  23.85  23.17  22.85  22.42  23.21  23.36  22.90  23.61   


0
22.83  21.63  22.08  23.05  22.69  22.73  22.94  23.49  22.76  22.65  22.29  22.51  22.87  23.25  23.33  22.53   
21.56  21.82  21.98  23.11  22.54  22.73  22.72  22.60  22.53  23.28  22.86  22.61  23.31  22.61  24.16  23.24   
22.36  21.85  21.83  22.94  21.69  23.21  23.64  23.81  23.15  23.60  23.32  23.23  23.25  23.58  23.45  23.11   
21.62  22.24  23.04  23.28  21.47  23.44  23.07  22.96  23.29  23.53  23.57  22.68  22.83  23.79  24.33  23.80   


0
22.69  21.64  23.00  22.70  22.59  23.09  22.17  23.06  22.88  22.44  22.86  22.52  22.29  23.38  22.78  23.64   
21.30  21.07  21.99  23.01  22.77  23.05  22.83  22.51  22.75  23.39  22.98  22.73  22.87  23.11  22.82  23.71   
22.65  21.74  22.08  23.39  22.18  23.12  22.82  23.42  22.86  23.09  23.23  23.24  23.03  23.35  23.47  22.98   
21.34  22.38  22.67  23.41  22.31  23.90  22.97  23.08  24.32  24.22  23.81  23.05  23.36  23.38  23.24  24.34   


0
22.22  22.20  22.73  23.29  22.81  22.96  22.50  22.94  22.98  22.43  22.18  23.31  22.75  22.86  23.05  22.69   
21.56  21.57  21.15  22.43  22.54  23.25  22.82  22.49  22.94  23.18  22.86  22.83  22.97  22.73  22.81  23.39   
22.50  21.85  22.06  23.49  22.01  22.90  23.02  23.41  23.05  23.08  23.32  22.80  23.25  23.58  23.18  23.41   
22.21  21.56  23.16  23.52  22.29  23.44  22.63  23.29  23.86  23.98  23.45  23.04  22.44  23.23  23.71  23.80   


0
22.21  22.18  22.19  22.43  22.33  22.49  22.48  22.93  22.75  22.75  22.72  22.95  22.26  23.10  24.00  23.15   
21.14  21.30  21.26  22.65  23.06  22.82  23.11  22.68  22.52  23.07  22.74  23.24  22.73  22.35  23.20  22.78   
22.07  21.96  21.93  23.04  21.99  23.61  22.80  23.50  23.14  23.17  23.00  22.89  22.89  22.71  23.44  23.99   
21.61  22.09  24.04  23.75  22.01  23.09  22.28  23.50  23.28  23.40  23.79  23.50  22.82  23.22  23.06  23.08   


0
21.77  21.35  22.08  22.08  22.34  23.42  22.50  23.38  23.20  22.54  22.96  22.51  22.51  22.99  22.91  22.85   
21.42  21.69  22.45  22.78  22.33  23.56  22.82  22.70  22.84  23.28  22.75  23.57  23.31  22.86  23.35  22.94   
22.22  21.72  21.71  22.83  22.64  23.10  23.12  23.71  23.26  23.39  23.22  22.36  22.79  23.09  23.32  23.56   
21.77  22.64  23.42  23.16  22.16  23.44  23.51  23.51  23.63  23.53  23.45  22.92  22.70  23.23  22.91  23.98   


0
21.47  21.22  22.22  22.82  22.24  23.32  22.51  23.06  22.99  22.22  22.86  23.09  22.41  23.13  22.92  23.02   
21.30  21.83  21.99  22.79  22.98  23.26  22.63  22.71  22.44  24.00  22.98  22.94  22.99  23.48  22.82  23.26   
21.25  20.98  22.43  22.84  21.54  23.43  22.93  23.82  23.06  23.72  23.13  22.81  23.03  23.11  23.19  23.28   
22.37  22.52  23.18  23.41  22.44  23.00  23.30  23.41  23.64  23.65  23.70  23.17  22.97  23.24  23.40  24.34   


0
