
0
22.28  21.68  21.60  22.86  22.62  23.01  22.21  22.66  22.59  22.70  22.12  22.56  22.09  22.65  23.38  23.21   
21.06  21.75  22.03  23.28  22.81  23.30  22.67  22.85  22.68  22.93  23.12  22.55  22.80  23.15  23.40  24.04   
22.13  21.27  21.64  22.55  21.58  23.15  23.17  23.36  23.30  22.81  22.75  22.30  23.18  23.02  22.55  23.02   
21.08  21.61  23.60  23.57  22.21  23.26  22.56  23.12  23.23  23.24  23.50  23.69  23.40  22.85  23.76  23.32   


0
21.55  21.44  22.42  22.90  22.31  22.82  22.36  22.69  23.06  22.30  22.71  23.39  22.60  23.20  23.14  22.47   
21.24  22.16  21.60  23.32  22.53  23.33  22.30  22.28  22.82  23.06  22.84  22.48  22.26  22.70  23.30  22.88   
21.47  20.80  22.62  23.14  21.62  23.40  23.00  23.10  23.04  23.37  22.89  23.10  23.22  23.79  22.72  23.20   
21.71  22.46  23.25  22.88  23.33  23.19  22.93  22.94  22.81  23.27  23.07  23.00  23.05  23.18  23.32  23.71   


0
21.07  21.84  21.88  22.63  22.29  23.25  22.23  23.11  23.04  22.60  23.02  22.80  22.69  23.05  22.97  23.07   
21.35  21.38  22.40  23.18  22.71  22.79  22.28  22.66  22.69  23.34  22.50  22.99  23.15  22.92  23.14  23.00   
21.72  21.28  21.89  22.89  21.59  23.58  23.19  23.67  22.70  22.72  22.77  23.07  23.20  23.65  23.24  23.48   
21.98  22.57  23.10  23.10  22.36  23.28  22.80  23.57  23.01  23.36  23.51  23.22  23.67  23.15  23.45  23.33   


0
22.12  21.68  21.60  22.86  22.86  22.90  22.21  22.54  22.81  22.59  22.56  22.44  22.21  23.29  23.10  22.90   
20.66  22.00  22.27  22.49  23.12  22.88  22.67  22.34  22.06  22.93  22.91  22.66  22.91  22.91  23.27  22.84   
21.57  21.02  22.23  23.10  21.74  23.36  23.28  23.66  22.90  23.23  23.17  22.84  23.07  22.52  23.64  23.16   
21.67  22.15  23.09  23.09  22.21  23.60  23.34  23.12  22.77  23.24  22.68  22.85  22.62  23.28  23.44  23.32   


0
21.26  21.17  22.18  22.79  22.44  22.38  21.93  23.15  22.64  22.31  22.84  23.41  22.61  22.70  22.87  23.42   
21.39  21.29  21.85  23.10  22.75  23.04  23.12  22.59  22.73  23.28  22.32  23.03  22.96  22.83  23.18  23.34   
22.18  21.70  22.16  22.93  21.47  22.99  23.02  23.51  23.25  22.97  22.80  23.11  23.23  23.56  23.55  24.11   
21.87  22.74  22.25  23.26  21.98  23.09  23.06  23.39  23.05  23.40  23.32  22.78  22.93  22.76  23.33  24.25   


0
21.86  20.87  22.42  22.54  22.78  22.82  22.47  23.36  22.85  23.18  22.38  23.05  22.01  23.20  23.14  23.57   
20.97  21.28  22.19  22.98  22.63  23.23  22.41  22.68  22.72  23.16  22.63  23.13  22.72  22.94  23.30  23.63   
21.47  21.56  22.15  23.25  21.14  23.40  23.52  23.30  23.14  23.16  22.79  23.10  23.34  23.06  23.00  23.80   
21.27  21.92  23.13  23.72  22.65  22.73  23.37  22.61  23.26  23.27  23.66  23.00  23.18  23.03  23.32  23.53   


0
21.23  21.99  22.15  23.25  22.42  22.58  22.46  23.24  23.27  22.29  22.59  22.81  22.35  22.81  22.99  22.45   
20.68  22.28  21.82  22.62  22.51  23.22  22.70  22.67  22.09  23.25  22.51  23.11  23.61  22.81  23.97  23.32   
22.72  21.17  22.38  22.79  21.92  22.97  23.30  23.19  22.82  22.62  23.30  22.98  22.51  23.29  23.39  23.34   
21.70  22.58  23.11  23.71  21.96  23.06  23.14  22.93  23.14  23.37  23.18  23.35  23.04  23.02  23.31  23.87   


0
21.23  21.99  22.15  23.25  22.30  23.04  22.24  23.01  23.05  22.51  22.92  22.93  22.59  23.19  22.29  22.93   
20.68  22.28  21.82  22.62  22.83  22.91  22.70  22.47  22.50  23.05  22.93  23.22  23.05  22.93  23.16  23.02   
22.72  21.17  22.38  22.79  20.96  22.76  22.37  22.68  23.13  22.94  23.19  22.33  22.98  23.17  22.85  23.04   
21.70  22.58  23.11  23.71  21.96  22.95  22.92  23.48  23.82  23.15  23.29  22.99  22.91  23.16  23.46  22.99   


0
22.49  21.04  22.19  22.44  22.34  23.08  22.27  23.05  23.09  22.54  22.96  23.08  22.39  22.59  23.16  23.12   
20.99  22.19  22.33  23.45  22.87  22.95  22.73  22.50  22.54  23.09  23.08  22.29  23.20  22.72  22.51  22.90   
22.34  21.59  22.29  22.83  21.00  22.80  22.40  22.72  23.16  22.98  23.33  23.55  22.78  22.71  23.43  22.63   
21.00  22.08  23.66  23.39  22.00  22.99  22.96  23.51  23.86  23.18  23.21  22.55  22.30  23.48  23.34  23.03   


0
22.18  21.73  21.92  23.03  22.44  22.95  22.71  23.48  22.64  22.53  22.61  23.06  22.38  22.58  23.15  23.11   
21.12  21.67  21.97  22.54  22.75  23.14  22.82  23.00  22.73  23.28  23.06  22.28  23.19  22.71  22.50  22.89   
21.48  21.45  21.81  23.04  22.58  23.20  23.53  24.01  23.15  23.49  23.32  23.54  22.77  22.70  23.42  22.62   
22.16  22.07  22.88  23.26  22.39  23.31  22.84  22.84  23.50  23.74  23.20  22.53  22.28  23.47  23.33  23.01   


0
21.39  21.00  22.80  22.76  22.18  22.81  22.79  22.90  22.72  22.29  22.70  22.93  22.23  23.06  22.99  24.02   
21.50  21.77  21.59  22.62  22.51  23.32  22.59  22.67  22.60  23.56  23.04  23.33  22.82  23.30  23.43  23.17   
21.31  21.30  21.66  22.68  21.61  23.49  23.20  23.39  23.23  23.36  23.30  22.65  22.86  23.17  22.98  22.59   
22.28  22.72  23.49  23.23  22.64  23.06  22.81  23.37  23.37  23.49  23.06  23.59  23.17  23.30  22.67  24.40   


0
22.57  22.09  22.37  22.85  22.03  23.46  22.20  23.53  22.69  22.69  21.66  23.46  22.43  23.03  22.81  23.36   
21.73  21.86  21.55  23.15  22.26  23.18  22.15  22.53  22.57  22.71  23.11  22.54  23.01  23.51  23.25  23.13   
22.26  21.13  22.46  22.53  21.57  23.14  23.37  22.95  23.39  23.11  22.84  22.62  23.17  23.25  23.76  23.30   
21.51  22.41  23.33  23.43  22.19  22.68  22.22  22.89  23.44  23.56  23.02  23.19  23.26  23.41  22.95  23.66   


0
22.14  20.84  22.53  22.39  22.40  22.45  22.23  22.78  22.93  22.71  22.58  22.80  22.69  23.31  23.25  23.23   
21.08  21.89  22.16  22.72  23.14  22.79  22.68  22.05  22.80  22.94  23.13  22.99  22.92  23.41  23.55  23.46   
22.43  21.03  22.36  23.55  22.07  23.69  23.19  23.17  23.52  23.03  22.77  23.40  23.77  23.89  22.97  22.88   
21.98  22.17  22.97  23.46  21.95  23.28  23.02  23.35  23.35  23.36  22.93  23.82  23.15  24.00  22.98  24.39   


0
21.53  21.55  22.79  23.47  22.75  23.37  22.56  23.00  22.82  22.93  22.58  23.03  22.46  23.18  22.56  22.76   
21.75  22.39  22.05  22.38  23.24  23.62  22.68  22.56  22.49  23.44  22.60  23.10  23.04  22.67  23.28  23.46   
21.87  21.16  22.60  22.78  21.43  23.06  23.08  23.47  22.70  23.24  22.45  22.75  22.96  23.16  23.24  23.18   
21.83  22.17  22.85  23.22  22.22  22.94  22.91  23.46  23.69  23.82  23.05  23.22  23.02  24.70  23.93  23.33   


0
21.81  21.67  21.98  22.36  22.26  22.89  22.31  23.09  22.69  22.14  22.66  22.66  22.79  23.03  22.95  22.73   
21.19  21.35  21.19  23.04  22.48  23.18  23.06  22.53  22.57  23.01  23.21  22.33  23.01  23.02  23.12  22.98   
22.12  21.38  22.46  22.42  21.57  23.14  23.26  23.35  22.99  23.22  23.16  23.05  23.06  23.01  23.22  23.75   
21.95  23.21  23.20  22.59  22.19  23.02  22.88  23.33  23.22  23.11  23.14  23.19  23.39  23.41  22.79  23.66   


0
21.25  21.44  22.42  22.78  22.54  22.48  22.81  23.58  23.72  22.30  23.04  22.59  22.72  23.33  23.00  23.57   
20.56  21.40  22.07  22.98  22.53  22.72  22.61  22.58  22.41  23.16  22.63  23.45  22.95  23.19  23.44  23.03   
21.47  21.56  22.15  22.81  22.25  23.29  23.62  23.20  23.14  23.69  23.31  23.31  22.29  23.30  23.54  23.20   
22.44  22.06  23.13  23.48  22.52  23.19  22.71  22.83  23.26  23.16  23.66  23.24  22.92  22.75  23.16  23.53   


0
22.04  21.61  22.97  22.32  22.10  23.08  22.50  22.83  22.43  22.98  22.41  23.08  22.39  22.46  23.71  23.43   
21.54  21.56  22.68  22.77  22.87  23.26  22.63  23.21  22.54  23.29  22.86  22.83  23.08  23.09  24.00  23.21   
22.34  21.59  22.18  23.05  22.12  23.22  23.24  23.72  22.96  23.29  23.54  23.55  23.48  23.94  22.61  23.23   
21.88  22.08  23.40  23.63  21.59  23.21  23.29  23.18  23.63  23.52  23.45  22.79  23.33  23.76  23.50  23.03   


0
21.23  22.13  22.02  23.13  22.42  22.81  22.01  23.57  22.72  22.18  22.81  22.93  22.35  23.19  22.57  22.93   
21.23  22.28  21.59  21.94  22.83  22.91  22.59  22.77  23.02  23.25  23.25  22.58  23.05  22.93  23.43  23.62   
21.31  22.30  22.49  23.24  21.12  23.49  22.99  23.49  22.72  22.94  23.40  22.98  23.32  22.92  23.26  23.04   
21.99  22.45  22.86  23.23  21.96  23.06  23.03  22.60  23.25  24.05  23.06  22.63  23.55  23.30  23.78  24.23   


0
21.69  21.71  22.28  22.16  21.71  23.04  22.46  23.57  22.94  22.51  22.48  22.93  22.23  23.06  22.85  23.55   
21.09  22.02  22.41  22.74  22.83  23.22  22.80  22.27  22.71  23.56  23.04  23.33  23.27  23.30  23.56  23.47   
21.46  21.42  22.85  22.90  21.61  22.87  23.09  23.88  23.53  23.67  23.09  22.87  23.44  23.90  23.53  23.64   
21.26  22.05  23.37  23.59  22.37  23.40  22.70  22.93  23.37  23.49  23.29  23.11  22.78  23.30  23.31  24.40   


0
22.33  21.45  23.08  22.06  22.09  23.06  22.26  23.04  22.75  22.64  22.61  22.84  22.97  23.34  23.43  23.27   
21.66  21.92  21.85  23.10  22.75  23.55  22.62  22.80  21.91  22.97  23.27  23.25  23.41  22.71  24.26  23.64   
21.90  21.70  22.40  22.93  21.63  23.52  23.43  23.41  23.35  23.59  22.80  22.68  23.81  22.82  23.28  23.66   
22.31  22.61  23.39  24.22  22.53  23.20  23.28  23.39  23.50  24.08  23.55  23.14  22.80  23.47  23.96  24.43   


0
22.15  21.14  22.67  23.01  22.88  23.27  22.68  22.90  23.16  22.62  23.14  23.04  22.23  23.06  23.13  23.24   
21.09  22.02  22.18  22.85  22.73  23.12  22.90  22.57  22.71  23.76  23.14  23.11  23.39  23.05  23.56  23.62   
22.16  21.17  22.14  23.46  21.77  23.18  23.30  23.19  23.53  23.57  23.50  22.55  23.55  23.41  23.39  23.49   
21.55  22.18  23.11  23.11  22.50  23.06  23.03  23.80  23.59  23.37  23.29  23.23  22.78  23.87  23.31  24.58   


0
22.30  21.28  22.67  22.76  22.07  23.50  23.02  22.90  22.50  22.73  22.81  23.15  22.47  22.94  23.13  23.86   
21.50  21.77  21.82  22.51  23.25  23.42  22.90  22.67  22.60  23.56  23.04  23.01  22.93  23.18  23.16  23.62   
22.02  21.67  22.02  23.35  22.56  23.49  23.51  23.59  23.13  23.26  22.88  23.09  22.98  23.04  23.53  23.64   
22.43  22.05  23.75  23.71  23.18  23.63  24.99  23.48  23.71  23.94  23.76  22.63  23.04  23.30  23.62  24.75   


0
22.04  21.18  22.45  22.92  23.27  24.10  22.83  23.71  22.87  22.21  22.85  23.19  22.86  22.59  23.16  23.12   
21.13  21.68  21.51  22.43  24.34  27.09  23.43  22.61  22.74  23.59  23.18  23.04  22.63  23.21  23.33  22.60   
21.92  22.09  21.58  23.05  22.44  27.60  24.57  24.02  23.57  23.50  22.61  22.80  23.48  23.33  23.43  23.23   
22.18  22.49  23.66  23.87  23.49  26.77  24.70  24.28  23.74  24.09  23.33  22.91  22.82  23.20  23.03  23.74   


0
21.86  20.58  22.29  23.50  27.88  25.09  23.03  23.69  22.74  22.41  22.82  23.17  22.36  23.59  22.86  24.50   
20.97  21.66  22.07  23.54  27.00  25.27  23.21  22.88  22.82  23.87  23.16  23.55  23.29  23.56  23.71  23.48   
22.59  21.44  22.15  23.80  28.71  25.56  23.93  25.28  23.55  23.79  23.41  25.86  23.34  23.18  23.54  23.95   
21.42  22.73  23.25  24.44  30.10  26.75  23.81  25.33  24.96  24.29  23.66  27.01  24.59  24.44  22.84  24.59   


0
22.31  21.86  22.68  23.86  27.66  23.85  22.92  24.35  23.50  22.63  23.81  23.96  22.13  22.69  23.41  23.41   
21.92  21.66  22.78  25.21  29.21  23.44  23.41  24.68  22.82  23.57  23.47  27.21  23.74  22.57  23.71  23.33   
21.89  21.56  22.39  26.72  31.50  23.40  24.86  25.48  25.16  25.03  23.51  27.73  24.82  23.43  23.54  23.35   
22.44  22.46  23.63  25.74  28.58  25.87  25.33  25.87  26.07  26.30  26.53  27.35  27.84  23.74  23.95  23.89   


0
21.57  21.31  22.96  23.51  27.11  24.20  23.04  23.81  23.62  22.97  24.58  24.54  22.97  22.96  23.01  23.42   
21.79  22.18  22.55  26.44  26.80  23.86  24.32  24.10  24.57  26.56  25.36  28.03  23.41  23.93  23.32  23.80   
22.32  22.20  23.11  26.09  26.46  25.27  25.98  25.78  25.07  28.08  27.56  27.84  25.18  24.17  22.87  23.36   
22.31  22.47  25.27  27.04  24.94  25.44  26.52  27.47  25.75  28.39  28.67  27.94  25.36  23.89  23.01  24.60   


0
21.55  21.15  22.94  25.04  24.96  26.75  27.25  26.30  26.82  27.96  26.72  25.53  22.84  23.59  23.55  23.72   
21.92  21.78  23.82  24.99  25.67  26.97  28.10  26.93  25.96  28.48  28.59  28.23  24.08  23.19  23.98  23.63   
22.17  22.19  24.84  27.25  25.84  26.77  28.27  27.80  26.85  28.37  28.14  28.24  24.37  22.93  23.13  23.80   
22.88  23.13  24.51  28.18  27.16  26.86  26.72  26.51  27.39  28.05  27.09  25.96  23.95  23.18  23.63  24.06   


0
22.44  22.12  25.85  27.81  25.51  26.07  26.27  26.81  27.11  28.04  27.54  28.36  23.63  23.18  23.39  23.38   
22.29  22.26  24.72  28.24  27.38  26.65  25.56  25.64  27.52  28.46  28.07  27.69  24.17  23.29  23.14  23.61   
21.87  22.41  23.42  26.48  27.94  27.25  26.55  26.52  27.22  26.84  26.03  24.68  23.43  23.28  23.79  23.62   
22.13  22.84  23.48  24.06  24.64  24.40  23.57  23.68  24.03  24.27  23.51  22.98  23.28  23.29  23.77  23.86   


0
22.14  21.98  23.82  28.04  28.18  28.48  25.84  26.38  27.85  28.25  27.85  26.94  23.87  22.80  23.25  23.38   
20.94  22.14  21.81  25.74  26.67  28.03  26.82  26.13  25.94  26.43  24.49  23.21  23.38  23.29  23.55  23.16   
21.30  21.91  21.89  23.22  23.18  23.37  23.70  23.77  23.32  23.87  23.08  23.18  23.31  23.52  22.97  23.03   
22.56  22.84  23.73  23.70  23.17  22.94  23.68  22.69  23.13  23.25  23.51  23.34  23.67  24.00  23.77  24.21   


0
21.83  22.12  23.05  24.31  26.18  27.83  26.48  26.49  26.06  25.20  23.46  23.14  22.34  23.69  23.53  22.76   
22.16  22.01  22.16  23.85  23.14  23.82  22.98  23.16  22.90  23.54  23.24  23.42  23.26  23.16  23.28  23.76   
22.29  21.54  22.01  23.22  22.55  23.48  23.29  23.37  23.01  23.24  23.08  23.40  23.77  23.28  23.24  23.33   
23.00  22.57  22.97  23.10  22.36  23.73  23.68  23.35  23.47  23.70  23.86  22.98  22.77  23.72  24.40  23.86   


0
22.33  21.17  22.31  22.79  22.32  22.83  23.37  23.81  23.73  22.42  22.84  23.06  22.73  23.22  23.43  22.95   
21.52  22.18  21.85  23.78  22.86  23.55  22.82  22.69  22.83  23.58  22.96  23.35  23.30  22.95  23.32  24.09   
21.76  21.83  21.81  23.48  21.63  22.99  23.43  23.71  22.94  23.80  23.32  22.35  23.69  23.32  23.28  23.07   
21.72  22.21  24.02  23.86  21.98  23.20  23.28  22.95  23.96  24.30  23.32  22.53  23.71  23.33  23.17  23.37   


0
22.01  21.58  22.42  22.78  22.78  22.59  22.47  23.14  23.17  22.96  23.26  22.94  23.19  23.33  23.55  23.41   
21.51  21.78  21.95  22.86  22.84  23.64  22.91  22.68  23.13  23.27  22.73  23.23  22.72  22.82  23.57  23.48   
22.17  21.44  22.98  22.92  21.62  23.19  23.52  23.70  22.93  23.69  23.31  23.10  23.68  23.06  23.40  23.80   
22.59  21.65  23.51  23.00  22.38  23.53  23.26  23.49  23.61  23.50  23.77  23.00  23.31  23.74  24.73  24.77   


0
22.01  21.58  22.42  22.78  22.66  23.62  22.58  23.03  22.74  22.41  22.71  23.28  22.24  22.56  23.00  23.57   
21.51  21.78  21.95  22.86  22.21  22.72  23.01  22.68  22.82  23.97  23.26  23.02  23.97  23.56  23.57  22.42   
22.17  21.44  22.98  22.92  22.73  23.19  23.52  23.50  23.24  23.58  23.51  22.99  23.45  23.55  23.27  23.35   
22.59  21.65  23.51  23.00  22.24  23.41  23.26  22.94  23.26  24.29  23.07  22.76  23.44  23.60  23.00  23.53   


0
22.63  21.31  23.08  22.67  22.67  23.63  22.60  23.04  22.75  22.42  22.72  22.84  23.08  23.22  22.73  22.95   
21.52  21.80  22.55  22.99  22.22  22.73  23.02  22.69  22.83  23.28  22.85  22.60  23.07  22.95  23.45  23.64   
22.18  21.32  22.64  22.82  22.74  23.20  23.53  23.51  23.25  22.97  23.32  22.46  23.35  23.32  23.28  22.77   
22.16  22.21  23.14  23.50  22.26  23.43  23.28  22.95  23.28  23.51  23.20  23.61  22.93  23.89  23.49  23.19   


0
22.76  21.57  22.54  23.13  22.65  23.38  22.35  23.79  22.72  22.40  22.70  22.81  23.06  23.19  22.71  22.93   
21.36  22.40  22.18  22.96  22.62  23.53  22.59  22.67  22.81  23.25  22.83  22.58  23.05  22.93  23.43  23.77   
21.17  21.67  22.26  23.13  21.92  22.87  23.72  23.69  23.53  22.94  23.30  22.44  23.32  23.29  23.26  22.74   
21.84  21.91  23.49  23.59  21.96  23.63  22.70  23.04  23.25  23.49  23.18  23.59  22.91  23.87  23.46  23.34   


0
21.85  21.00  22.41  22.76  22.88  23.04  22.24  23.24  22.94  23.16  22.70  22.47  22.47  22.94  22.99  23.24   
20.95  21.64  21.59  22.62  23.15  22.81  22.49  22.97  22.91  22.95  22.72  23.11  23.50  23.05  23.43  23.77   
22.16  21.17  21.78  23.35  21.29  23.49  23.20  23.39  22.92  23.57  22.88  22.65  22.86  23.29  22.98  22.74   
20.66  22.72  22.99  23.11  21.96  23.63  23.03  23.04  23.02  23.37  23.64  22.99  22.65  23.30  22.99  23.34   


0
21.68  21.55  22.27  22.87  22.64  23.14  22.34  23.22  22.71  22.27  23.24  23.14  22.58  23.43  22.84  22.60   
21.48  21.63  21.69  23.18  23.14  22.69  22.58  22.86  22.28  23.24  22.50  23.31  23.04  23.04  23.01  22.40   
21.30  21.16  22.13  23.55  21.91  23.27  23.39  23.17  23.01  22.72  23.18  22.75  23.43  22.78  23.11  23.62   
21.54  22.30  23.23  23.34  22.22  23.50  23.79  23.24  23.13  22.91  23.63  23.34  23.02  23.86  22.82  23.69   


0
22.49  21.18  22.32  22.80  22.34  23.08  22.27  23.16  22.98  22.43  22.18  22.73  22.51  22.85  23.30  22.65   
21.13  22.19  21.62  23.00  22.44  23.05  22.43  22.50  22.33  22.89  22.76  23.68  23.31  23.09  23.73  23.21   
21.92  21.33  21.94  23.16  21.64  23.53  22.61  23.32  22.55  23.19  22.61  23.34  23.71  23.20  23.43  23.23   
21.29  22.35  22.90  23.99  22.54  23.10  22.96  23.62  22.49  23.41  23.10  23.27  22.82  23.06  23.19  24.26   


0
21.87  21.73  22.31  22.79  23.02  22.83  22.82  23.15  22.86  22.97  22.39  22.72  22.61  23.09  23.01  23.42   
20.71  21.54  21.37  22.42  22.64  23.35  22.62  22.39  22.32  23.68  22.96  22.92  22.84  23.20  23.04  23.19   
21.76  21.45  22.16  23.15  21.95  23.52  23.12  23.61  22.94  23.38  23.32  22.57  22.77  23.32  22.73  23.21   
21.87  22.21  24.40  23.98  22.39  23.43  23.17  23.17  23.16  23.29  23.90  23.50  23.96  23.33  23.80  23.19   


0
20.94  21.30  22.16  22.78  21.84  23.05  22.69  23.36  22.63  22.52  22.60  23.17  22.24  22.95  22.72  23.10   
21.65  21.40  22.19  22.75  22.84  23.23  22.61  22.48  22.72  23.37  22.84  22.81  23.06  23.07  23.57  23.18   
22.03  21.56  21.80  23.47  21.78  23.50  23.42  23.60  22.73  23.16  23.10  23.31  22.87  23.43  23.13  23.35   
21.27  21.52  23.89  23.48  21.56  23.41  23.59  23.05  23.49  23.39  23.07  23.36  22.40  23.60  23.16  23.71   


0
22.73  21.54  22.65  22.74  22.97  22.90  22.10  23.32  22.26  22.04  22.90  22.67  22.92  23.17  22.82  23.37   
20.79  21.49  22.15  23.05  22.81  23.19  22.47  22.34  22.68  23.03  22.27  22.45  23.14  22.41  23.67  22.54   
21.85  21.40  22.00  22.66  22.38  23.26  22.65  23.46  22.69  23.34  22.86  22.52  23.99  23.27  23.23  23.61   
22.26  21.48  23.72  23.81  22.34  23.04  23.12  22.68  23.11  23.80  23.85  23.09  23.40  23.56  22.96  23.85   


0
21.97  21.82  22.26  22.50  22.74  23.01  22.32  22.99  22.59  22.04  22.67  22.79  22.56  23.04  22.55  23.21   
21.47  21.75  22.27  23.16  22.59  23.19  23.07  22.44  22.79  23.33  23.12  22.88  22.91  22.91  23.54  23.59   
21.85  21.40  22.11  22.99  21.90  23.26  23.28  23.26  23.10  23.44  22.96  22.74  23.41  22.15  23.10  23.16   
21.82  22.02  22.96  23.21  22.34  23.49  22.67  23.56  23.57  23.35  23.15  23.57  23.14  23.42  22.81  23.32   


0
21.39  21.57  22.02  22.40  22.65  23.27  22.35  23.12  22.61  22.29  22.48  22.58  22.71  23.06  22.71  22.14   
21.63  21.39  21.70  22.74  22.94  23.42  22.90  22.57  22.60  23.46  23.04  22.58  22.93  22.44  23.16  23.32   
22.02  21.93  22.96  22.79  21.29  22.45  23.20  23.39  22.72  23.05  22.78  22.98  23.32  22.67  23.39  22.74   
21.99  21.91  23.75  23.35  21.55  22.95  23.03  22.82  23.37  23.49  23.53  22.87  23.55  23.59  23.15  23.70   


0
22.18  21.45  22.57  22.91  22.44  23.18  22.60  23.15  22.53  22.64  23.06  22.61  22.49  22.70  22.73  23.11   
21.12  21.92  21.61  23.22  22.96  23.35  22.62  22.80  22.42  23.18  23.38  23.25  23.41  22.46  23.72  23.80   
21.62  22.08  21.93  23.81  22.43  23.31  23.02  23.61  23.25  23.38  23.32  23.11  23.00  23.19  23.01  23.81   
22.16  23.14  23.14  23.26  22.53  23.09  22.84  23.28  23.84  23.29  22.73  23.61  22.93  23.47  23.17  24.25   


0
21.87  21.45  22.57  22.91  22.32  22.72  22.26  23.15  22.86  22.97  21.84  22.49  22.73  23.47  23.01  22.95   
21.66  21.92  22.08  22.76  22.75  23.45  22.62  22.80  22.42  23.28  22.53  23.14  23.30  23.20  23.45  23.19   
20.92  21.70  22.16  23.37  21.63  23.10  23.74  23.11  23.46  22.86  23.73  22.24  22.65  23.81  23.28  22.92   
21.28  21.80  23.01  23.86  22.12  23.09  23.38  22.95  23.16  23.51  22.61  23.02  22.41  23.89  23.17  23.01   


0
22.45  21.42  22.80  23.37  22.65  23.50  22.79  22.79  22.61  22.62  22.81  23.27  22.59  22.55  22.43  23.86   
21.09  21.52  21.47  22.62  23.47  22.81  22.49  21.96  22.50  23.36  23.25  23.11  23.61  23.54  23.56  22.56   
21.46  21.55  22.26  23.02  22.40  23.07  23.30  23.69  23.43  23.26  23.30  22.98  23.09  23.41  23.12  23.04   
21.40  22.31  23.11  23.59  22.10  23.85  22.92  22.82  23.37  23.83  23.06  23.35  22.78  22.31  22.35  23.34   


0
22.49  21.75  22.19  23.04  22.45  22.73  22.16  22.83  22.65  22.10  22.85  22.73  22.39  23.36  22.75  22.96   
20.58  22.06  21.74  22.77  23.08  23.36  22.93  21.79  22.64  23.19  22.97  22.62  22.86  23.58  24.14  23.66   
22.06  21.46  21.23  23.38  21.64  23.32  23.13  23.52  23.06  22.98  23.02  22.69  23.13  23.08  22.75  23.08   
21.44  21.95  23.28  23.39  22.27  22.87  22.52  22.30  22.83  23.64  22.98  23.03  23.46  22.77  22.71  23.74   


0
21.11  21.73  22.31  22.55  22.09  23.06  22.04  23.26  22.42  21.87  21.95  22.84  22.49  22.83  23.29  23.27   
21.52  22.05  22.32  23.10  22.22  23.24  22.62  22.49  22.42  23.18  22.96  23.03  23.07  22.83  23.04  23.49   
21.90  22.20  22.52  22.82  21.79  23.41  23.02  23.51  23.15  23.49  23.32  22.79  22.89  23.19  23.55  23.21   
21.58  21.67  23.90  23.38  22.53  23.31  23.28  22.84  23.50  23.40  22.97  23.26  22.80  23.89  23.65  23.90   


0
21.90  21.76  22.07  23.42  22.47  22.97  22.62  23.06  22.77  22.89  22.64  22.52  22.52  22.47  22.34  22.98   
21.01  22.08  21.87  22.79  22.78  23.68  22.54  22.62  22.65  23.30  22.67  22.95  22.76  22.86  23.34  23.22   
22.21  21.22  22.07  23.18  21.82  23.54  23.77  23.24  22.97  23.51  23.55  22.70  23.83  23.09  23.44  22.94   
22.04  22.77  23.67  23.64  22.28  23.23  23.52  23.85  23.53  23.08  23.69  23.64  23.47  23.21  23.51  23.57   


0
22.16  22.00  22.55  22.05  22.78  22.13  22.25  23.25  22.74  22.63  22.38  23.17  22.36  23.46  23.14  22.15   
20.69  21.53  21.84  23.20  23.27  23.23  22.71  22.58  22.62  22.86  22.94  23.13  23.06  23.56  23.84  23.03   
21.75  21.81  22.15  22.92  21.30  23.19  23.31  23.60  23.14  22.64  23.51  22.99  23.34  22.81  23.00  23.50   
22.44  23.13  23.25  23.48  22.24  23.30  22.82  23.16  23.26  23.61  23.31  23.12  23.05  22.75  23.32  23.89   


0
22.01  21.72  22.42  22.90  22.43  23.51  22.36  23.14  23.28  22.19  22.71  22.71  22.01  23.20  22.17  23.10   
20.97  22.16  21.84  22.64  22.21  23.03  23.01  22.38  22.20  23.16  23.05  23.23  23.17  23.19  23.71  22.88   
22.73  21.56  22.62  23.03  22.10  22.98  23.11  23.00  23.44  23.27  23.31  22.77  23.22  23.18  23.68  22.75   
22.00  22.19  23.25  23.72  21.56  23.41  23.37  23.38  23.38  23.95  23.19  23.12  23.31  23.18  22.84  23.53   


0
21.87  21.88  22.57  22.91  22.09  22.95  22.04  23.04  22.75  22.31  22.39  23.18  22.73  22.83  22.87  23.27   
21.39  21.92  21.49  22.65  22.54  22.93  22.92  22.59  23.04  23.58  22.64  22.92  23.07  23.57  23.45  23.34   
21.76  21.57  22.28  22.82  21.79  23.10  23.22  23.21  22.74  23.70  23.22  22.89  22.89  23.07  22.87  23.07   
21.72  22.74  23.52  24.10  22.26  23.88  22.84  23.50  23.28  23.06  22.97  23.14  23.58  23.89  22.86  24.25   


0
21.71  21.72  22.03  22.66  22.54  23.39  22.47  23.14  22.96  22.52  22.71  23.17  22.48  23.59  22.30  22.78   
21.65  22.29  21.84  23.43  23.16  23.33  22.20  22.98  22.10  23.47  22.52  23.23  23.29  23.07  24.38  23.03   
22.03  21.69  22.03  23.58  21.78  23.71  22.90  22.90  23.04  23.16  23.10  22.67  22.41  23.06  23.27  23.80   
21.86  21.79  23.00  23.84  22.38  22.85  23.26  23.27  23.38  23.95  23.19  23.24  22.79  22.89  24.26  24.41   


0
21.95  21.09  21.97  22.71  22.37  22.64  22.19  23.19  23.33  22.68  22.54  22.76  22.54  22.63  22.38  23.03   
20.77  21.72  21.42  22.35  22.89  22.96  22.85  22.72  22.97  23.20  23.30  23.49  23.00  22.88  23.92  23.42   
21.97  21.12  22.21  23.41  21.39  23.13  23.56  23.44  23.79  23.10  22.83  23.04  23.27  23.36  23.07  23.14   
21.50  21.86  23.32  23.54  21.91  23.13  23.09  23.32  23.54  23.67  23.13  23.30  22.99  23.82  23.73  24.35   


0
21.85  22.13  22.28  22.76  22.42  23.61  22.46  23.57  22.72  22.51  22.92  23.38  22.35  22.29  22.99  22.93   
21.09  21.90  22.29  23.30  22.73  23.42  22.39  22.87  22.60  23.56  22.62  23.01  22.48  22.93  23.43  23.02   
21.74  22.05  21.78  23.13  21.45  22.97  23.09  23.29  23.53  23.05  23.40  23.09  23.32  23.17  23.26  23.19   
21.26  22.05  22.99  23.95  22.23  23.29  22.92  23.15  23.02  23.60  23.06  23.23  23.17  23.59  23.62  24.05   


0
21.69  21.99  22.15  23.13  22.65  23.27  21.90  22.68  23.05  22.84  22.70  22.93  22.11  23.45  23.13  23.55   
21.90  21.64  21.82  22.85  22.94  23.22  22.09  22.57  22.71  23.25  22.83  23.11  23.16  23.18  23.56  22.87   
21.60  21.93  22.26  22.79  21.12  23.39  23.51  23.88  22.30  23.15  23.30  22.76  22.86  23.90  23.39  22.29   
22.28  22.31  23.24  23.23  21.69  23.18  22.92  23.04  23.37  23.60  23.53  22.99  23.17  23.87  23.78  22.99   


0
22.01  21.44  22.55  22.66  22.66  22.36  22.47  23.25  22.85  22.63  21.94  22.71  22.72  23.33  22.44  23.25   
21.24  21.66  21.48  23.20  23.27  23.23  22.51  22.68  22.93  22.86  23.37  23.02  22.60  22.94  23.71  23.33   
21.33  21.94  21.91  23.69  22.41  23.61  22.79  23.40  23.04  23.37  23.31  23.63  23.10  23.55  22.04  23.35   
22.15  22.73  23.25  23.12  22.24  23.19  22.49  23.71  23.15  23.39  23.31  23.00  23.05  23.74  23.16  23.18   


0
22.01  21.44  22.55  22.66  22.66  23.05  22.58  23.03  22.63  22.19  22.27  22.94  22.72  22.82  22.86  22.78   
21.24  21.66  21.48  23.20  23.27  22.92  22.51  22.78  22.20  22.76  22.84  23.13  22.95  22.94  23.84  23.78   
21.33  21.94  21.91  23.69  21.62  22.77  22.79  23.90  23.65  23.69  23.20  22.99  23.57  23.18  22.45  23.35   
22.15  22.73  23.25  23.12  22.52  23.30  22.93  23.60  23.38  23.39  23.31  23.12  23.05  23.03  22.36  23.53   


0
22.30  21.42  22.15  22.76  22.07  23.04  22.57  23.01  22.61  22.18  22.26  22.93  22.71  22.55  22.71  21.98   
21.09  22.15  21.94  22.96  23.04  22.91  22.49  22.77  22.19  22.75  22.83  22.79  22.93  22.56  23.02  22.41   
21.60  21.80  22.02  23.46  21.61  22.76  22.78  23.88  23.64  23.67  22.78  22.98  23.09  23.54  22.85  23.49   
22.28  22.18  23.49  23.47  22.50  23.29  22.92  23.59  23.37  23.37  23.76  22.51  22.26  23.30  23.46  23.52   


0
21.87  21.59  22.18  23.03  22.67  23.06  22.71  22.82  22.97  21.87  23.17  22.95  22.73  22.58  22.73  22.01   
21.52  21.54  21.61  22.88  22.75  23.45  22.62  22.80  22.73  23.18  23.06  22.82  22.96  22.58  23.04  22.44   
22.04  22.08  22.28  23.04  21.79  23.20  22.60  23.21  23.25  22.75  22.80  23.00  23.12  23.56  22.87  23.51   
21.87  22.07  24.02  23.62  22.67  23.20  23.17  23.17  23.73  23.63  23.78  22.53  22.28  23.33  23.49  23.55   


0
21.57  21.88  22.31  22.91  22.67  23.18  22.49  23.48  22.97  22.09  23.06  22.38  22.38  22.58  22.73  22.48   
21.12  21.67  21.73  22.88  22.43  23.04  22.32  22.59  22.53  23.28  22.75  22.50  23.53  22.71  23.45  23.04   
21.76  21.32  22.40  23.04  22.11  23.52  23.74  23.41  23.05  23.38  23.01  23.22  23.46  22.95  23.28  22.92   
21.87  22.21  23.27  23.02  21.85  23.31  23.38  23.06  23.28  23.17  23.08  23.02  22.80  23.75  23.33  23.37   


0
21.40  21.58  22.03  22.78  22.66  22.59  22.92  23.14  22.85  22.96  22.60  22.14  22.48  22.69  22.58  22.78   
21.65  21.53  21.60  22.75  22.10  23.13  22.61  22.18  22.10  23.27  23.26  22.70  23.06  23.07  23.44  23.78   
22.45  21.44  21.68  23.03  21.78  23.50  23.11  23.00  23.34  23.06  22.79  22.67  23.34  23.30  22.72  22.75   
21.56  22.60  22.74  23.72  22.24  23.19  23.37  23.38  23.95  23.73  23.19  22.88  23.44  22.89  23.79  23.71   


0
22.78  21.88  22.05  22.79  22.09  22.83  22.15  23.15  22.64  23.08  22.39  22.95  22.85  23.47  22.32  23.27   
20.98  21.67  21.73  23.10  22.96  22.42  22.11  23.20  22.42  23.18  23.38  22.39  22.73  23.20  23.04  23.49   
21.48  22.08  21.93  23.26  21.95  23.41  23.12  23.41  22.94  23.38  23.42  22.79  23.35  22.82  23.55  23.36   
21.87  22.21  23.14  23.50  22.12  23.43  23.06  22.84  23.28  23.51  23.32  23.14  23.19  23.05  23.49  23.37   


0
22.18  21.45  22.70  23.15  22.21  23.52  22.15  23.04  22.86  22.75  22.50  22.95  22.73  22.83  22.46  23.11   
21.93  22.05  21.85  23.22  23.07  23.55  22.82  23.10  22.53  23.38  23.27  23.14  23.53  22.95  23.86  23.19   
21.90  21.45  22.52  22.93  21.79  22.99  22.81  23.61  23.05  23.91  22.80  22.68  23.23  23.32  23.42  22.92   
21.72  23.14  23.39  23.86  22.53  22.75  22.95  22.95  23.62  23.63  23.08  23.50  22.93  23.47  24.28  24.08   


0
22.28  21.40  22.39  22.86  22.51  23.01  22.55  22.66  23.14  22.48  23.01  23.13  22.68  22.78  22.82  23.37   
21.34  21.75  22.15  23.16  22.59  23.09  22.77  22.54  22.58  23.63  23.33  22.88  22.91  23.03  22.59  22.69   
22.13  21.27  22.23  23.43  20.94  22.94  23.69  23.66  23.71  23.34  23.48  23.38  23.07  23.02  23.37  23.02   
21.82  22.69  23.34  23.09  22.48  23.04  23.01  22.90  23.68  23.46  23.74  22.97  23.40  23.98  23.76  23.85   


0
22.33  21.59  22.31  23.03  22.21  23.29  22.82  23.15  23.08  22.31  22.84  23.29  22.14  23.09  22.87  23.58   
20.84  21.67  22.20  22.88  23.17  23.24  22.82  22.80  22.32  23.58  23.06  23.46  22.96  23.69  22.91  23.04   
21.90  21.83  22.16  23.15  22.11  23.41  23.12  23.21  23.35  23.59  23.11  22.57  23.12  23.68  23.28  23.21   
20.84  22.21  23.01  23.02  22.39  23.54  23.49  23.28  23.05  23.63  23.90  23.26  23.58  23.61  23.33  23.37   


0
21.51  21.82  22.39  22.74  22.16  23.24  22.77  22.99  23.14  22.92  22.12  22.67  22.21  23.42  22.13  22.90   
21.47  21.87  22.03  22.94  23.34  22.78  22.57  22.85  22.27  22.82  22.70  23.20  22.80  23.15  23.67  23.89   
21.71  21.77  21.88  22.77  21.10  23.47  23.38  23.76  23.20  23.34  22.75  23.28  23.30  22.90  22.82  24.06   
21.52  22.02  23.34  23.57  22.21  23.49  23.01  23.67  23.57  23.01  23.39  22.97  23.53  23.70  23.60  23.67   


0
22.18  22.30  22.83  23.39  21.97  22.83  22.60  23.48  22.75  22.20  22.95  23.52  22.61  23.09  22.87  23.11   
20.84  22.05  21.73  22.88  22.75  22.93  23.12  22.80  22.73  23.08  23.06  23.03  23.19  22.95  22.77  23.64   
22.18  21.70  22.64  23.15  21.95  23.41  23.33  23.51  23.15  23.49  23.42  23.65  23.46  23.07  23.42  23.51   
22.31  22.74  23.52  23.62  22.12  23.54  23.06  23.39  23.50  23.51  22.97  22.78  22.93  23.19  23.49  23.90   


0
22.45  21.85  22.93  23.01  23.00  23.15  22.24  22.79  22.61  22.73  22.81  23.27  22.47  22.81  22.85  23.08   
21.77  21.77  22.76  22.40  22.73  23.73  22.49  22.47  22.81  23.56  22.72  22.90  23.16  22.56  23.70  23.47   
21.60  21.17  22.38  23.79  21.45  23.39  22.99  23.39  23.02  22.94  23.50  22.98  23.09  23.41  22.85  23.04   
21.84  22.45  23.37  23.47  23.05  23.40  22.92  23.26  22.91  23.37  23.41  22.87  23.30  23.45  23.31  24.05   
