0
22.05  21.05  22.33  22.69  22.47  22.86  22.40  23.29  22.99  22.78  22.53  23.32  23.11  22.86  22.62  23.29   
21.68  21.70  22.23  22.90  23.30  23.37  22.85  22.82  22.45  22.80  23.40  23.16  22.76  22.73  23.75  23.37   
21.79  21.60  22.31  23.06  21.50  23.33  22.94  23.24  22.97  23.51  23.04  23.03  22.56  23.34  22.76  23.24   
21.31  21.83  23.54  23.52  22.83  23.11  23.52  22.98  23.53  23.31  23.23  22.92  22.57  23.50  23.67  22.86   


0
21.87  21.88  22.05  22.55  22.21  23.29  22.26  23.26  22.97  22.97  23.17  23.18  22.26  23.73  22.87  23.73   
21.39  21.80  21.85  22.88  22.43  23.35  22.22  22.59  22.53  22.87  22.96  22.82  22.84  22.83  23.04  23.19   
21.90  21.07  22.05  22.49  20.67  23.52  23.02  23.61  23.05  23.07  22.70  22.79  23.92  22.95  22.60  23.21   
22.31  22.07  23.39  23.74  22.26  22.75  23.49  22.95  23.73  23.97  23.32  23.26  23.06  22.90  23.17  23.37   


0
22.37  21.35  22.22  22.59  22.71  22.87  23.08  23.52  22.79  22.46  22.54  22.53  22.41  23.00  23.19  23.62   
21.15  21.84  21.89  22.91  22.89  22.87  22.56  22.93  22.25  23.62  22.47  23.28  23.11  22.62  23.49  23.68   
21.80  21.61  22.20  23.19  21.51  22.93  23.05  23.55  23.08  23.42  22.74  22.93  22.69  23.60  23.59  23.40   
22.06  21.84  23.43  22.81  22.57  23.24  22.87  23.43  23.54  24.00  23.35  22.81  22.97  23.65  23.68  23.23   


0
21.87  21.88  22.57  22.67  23.02  23.29  22.37  23.37  22.31  21.76  22.95  23.06  22.73  23.09  23.15  23.58   
21.12  21.42  21.61  22.31  22.64  22.83  22.52  22.90  22.42  23.88  23.27  22.92  23.30  22.95  23.32  23.19   
22.18  21.57  22.52  23.37  21.95  24.03  23.53  23.31  23.56  24.22  23.11  22.79  23.46  23.81  23.28  23.51   
22.60  21.94  23.27  23.26  22.26  25.11  23.60  22.84  23.96  24.75  24.25  23.02  23.83  23.61  22.86  24.08   


0
22.19  22.03  22.32  23.16  25.10  23.08  22.50  23.38  22.87  22.43  22.41  23.19  22.98  23.48  23.16  24.37   
21.40  22.06  21.62  23.00  26.20  24.08  22.83  23.41  22.74  24.00  23.18  22.83  23.20  23.21  23.06  23.36   
21.49  21.33  22.53  23.82  24.17  26.40  23.75  23.62  23.67  23.81  23.64  23.77  23.71  23.45  23.16  23.52   
22.32  22.08  23.40  23.63  23.08  27.86  23.40  22.96  23.97  26.21  25.07  24.93  26.25  24.32  23.34  23.56   


0
22.48  21.73  22.83  24.23  27.67  23.29  22.93  23.15  22.75  22.86  22.84  23.41  22.85  23.60  23.15  24.05   
21.79  21.80  22.55  23.67  27.41  24.67  23.02  23.10  23.25  23.58  23.59  25.36  23.87  22.83  23.59  23.80   
21.62  21.70  22.40  23.26  28.12  26.89  23.43  25.00  24.27  25.15  24.96  26.60  26.97  23.93  23.69  23.66   
21.43  22.61  23.27  23.74  25.87  28.28  23.38  24.37  24.86  25.53  25.52  26.21  25.61  26.66  24.28  24.08   


0
22.01  21.72  22.03  23.14  27.21  23.85  23.47  23.80  23.72  23.18  24.68  24.30  22.60  23.46  23.83  24.03   
21.78  22.42  21.48  23.65  27.10  25.67  23.31  23.89  23.54  24.37  26.06  26.07  26.41  23.43  24.38  23.18   
21.61  21.56  22.51  23.47  28.86  26.67  23.93  24.79  24.46  24.93  25.95  25.02  27.62  25.25  23.40  23.65   
22.30  22.86  23.76  24.08  26.51  25.87  24.25  24.36  24.06  24.74  26.98  27.35  26.60  25.97  23.32  24.24   


0
22.48  22.16  22.57  23.15  23.95  23.29  23.59  25.67  24.92  25.56  25.66  26.43  23.32  22.83  23.84  23.27   
22.20  21.80  22.55  23.89  24.02  23.86  23.12  24.30  25.07  27.05  27.09  26.91  26.21  24.30  24.13  23.49   
22.88  21.70  22.40  23.70  23.06  24.24  24.36  25.29  25.37  27.08  27.56  27.63  26.75  24.05  23.14  23.07   
22.02  22.88  23.77  25.52  23.48  25.33  25.23  25.45  25.19  26.86  28.34  28.05  27.11  24.45  23.65  23.90   


0
22.63  22.72  23.73  24.82  25.43  25.44  24.47  25.99  27.36  27.45  27.15  27.09  23.44  23.73  22.73  23.42   
21.25  21.92  24.07  25.67  26.29  26.08  24.61  25.87  26.96  28.30  28.00  27.32  24.54  23.08  23.04  22.59   
21.20  22.20  24.73  24.79  26.16  26.08  25.48  26.36  27.74  28.08  27.95  25.66  23.92  22.70  23.42  23.36   
21.58  22.21  24.15  25.05  25.21  25.66  24.37  25.35  26.63  26.42  25.63  23.97  23.45  23.19  23.96  23.72   


0
22.63  22.72  26.01  26.46  24.75  25.77  28.00  29.17  27.99  27.87  26.73  24.87  22.97  23.98  23.43  23.42   
21.25  21.92  25.21  26.22  25.68  26.18  26.76  26.94  26.67  26.56  24.74  23.25  23.30  23.08  23.04  23.64   
21.20  21.95  24.16  25.88  25.70  25.57  25.48  25.68  25.07  24.11  23.94  22.57  22.77  23.93  23.01  23.51   
21.58  22.21  23.39  24.33  23.61  23.77  23.17  23.17  24.07  23.29  23.55  23.50  23.96  23.89  23.80  24.25   


0
22.78  24.25  26.01  26.46  24.75  25.77  28.00  29.17  24.92  23.08  22.61  23.18  22.61  22.96  22.60  23.27   
21.93  23.93  25.21  26.22  25.68  26.18  26.76  24.00  23.25  23.68  22.85  22.71  22.39  22.83  23.32  22.59   
21.76  21.95  24.16  25.88  25.70  25.57  25.48  23.71  23.05  23.49  23.01  22.57  23.46  22.82  22.73  23.51   
21.58  22.21  23.39  24.33  23.61  23.77  23.17  23.17  22.94  23.17  23.08  23.02  22.93  23.47  23.33  23.19   


0
22.20  23.44  24.90  26.84  26.13  26.46  26.33  26.66  24.94  23.10  22.64  23.20  22.64  22.86  22.62  22.51   
21.41  22.33  22.23  24.14  24.14  24.90  24.64  24.02  23.27  23.71  22.88  22.74  22.53  23.23  23.61  23.52   
21.79  21.60  21.95  22.73  21.50  23.54  23.25  23.73  23.07  23.51  23.04  22.60  22.56  22.60  23.17  22.64   
21.60  22.10  23.42  23.16  22.28  23.11  23.19  23.20  22.96  23.20  23.11  23.04  22.83  23.50  22.88  24.10   


0
22.16  21.44  22.16  22.78  22.31  23.17  23.36  23.36  22.96  22.19  22.82  22.71  22.36  22.82  22.58  22.47   
21.37  22.42  21.60  22.98  23.37  22.82  22.91  22.58  22.82  23.06  22.84  22.70  22.49  23.19  23.57  23.48   
21.47  21.81  21.80  22.92  22.25  23.29  23.21  23.60  22.62  23.69  23.00  22.34  22.53  22.56  23.13  22.60   
21.86  22.19  23.76  23.48  22.11  23.07  23.37  22.61  23.38  23.39  23.07  22.88  22.79  23.46  22.84  24.06   


0
22.78  21.88  22.05  22.43  22.44  22.95  22.04  23.48  22.86  22.09  22.39  22.72  22.49  22.83  23.01  23.27   
21.79  21.80  21.85  22.88  22.64  23.24  23.02  22.80  23.04  23.78  22.64  22.71  22.39  22.46  23.45  22.89   
21.90  21.45  22.87  22.49  22.11  23.72  23.22  23.21  23.35  23.49  23.01  22.68  22.89  22.95  23.14  23.07   
22.02  21.26  23.14  23.26  22.53  23.20  23.28  23.28  22.94  23.74  23.08  23.38  22.80  23.05  23.17  22.83   


0
21.71  20.72  22.03  22.54  22.66  22.82  21.69  23.14  22.85  22.63  23.37  23.17  22.48  22.69  23.00  23.10   
21.65  22.16  21.95  22.52  21.99  23.44  22.61  22.28  22.31  23.37  22.42  22.70  22.83  22.57  22.90  23.63   
21.89  22.19  22.51  22.81  21.62  22.98  23.00  23.40  23.44  23.69  23.00  23.21  22.64  23.06  22.59  23.20   
22.00  22.19  23.63  23.00  21.84  23.19  23.59  23.60  23.04  23.39  23.07  23.12  23.18  23.46  23.00  24.24   


0
22.15  21.14  22.02  22.89  21.95  22.81  21.90  23.46  22.28  22.40  22.70  23.27  22.23  23.19  22.71  22.93   
20.54  22.02  22.29  22.85  22.94  23.22  22.80  22.87  22.40  23.66  22.83  22.79  22.82  23.42  23.56  23.77   
22.02  21.67  22.14  23.24  22.24  23.28  23.30  23.29  23.02  23.36  22.88  22.98  23.67  23.17  22.98  23.78   
22.58  22.58  23.24  23.59  22.50  23.29  23.36  23.26  23.37  23.37  22.94  23.59  23.55  23.30  23.78  23.87   


0
21.74  21.62  21.94  22.33  22.82  23.20  22.51  22.17  22.33  22.67  22.31  23.32  22.52  23.37  22.06  23.45   
21.14  22.08  22.23  23.13  22.78  23.58  22.44  22.52  22.45  23.51  23.40  22.74  23.44  23.10  23.48  23.82   
21.79  21.35  22.43  23.18  21.98  23.44  23.14  23.24  23.07  24.03  23.34  22.70  22.91  22.72  23.98  23.69   
22.63  22.77  23.29  23.52  22.28  23.68  23.08  22.65  23.30  23.42  23.34  23.16  23.47  22.93  23.51  24.28   


0
21.40  21.58  22.16  22.66  22.31  23.28  22.47  23.14  22.96  22.74  22.93  22.59  22.24  22.56  23.14  23.10   
21.37  22.04  21.60  23.32  23.16  23.44  23.01  22.48  22.62  23.47  23.05  23.34  22.95  23.07  22.90  23.78   
21.61  21.69  23.09  23.36  21.62  23.19  23.42  22.90  22.93  23.27  23.51  22.99  23.34  23.43  23.54  23.20   
21.86  21.79  23.13  23.72  23.06  23.53  23.04  22.61  23.15  23.39  23.07  22.88  22.92  23.18  24.11  24.24   


0
22.01  21.44  22.42  22.90  22.54  23.39  22.47  23.14  23.06  22.52  22.82  22.94  22.48  22.69  22.72  22.62   
20.83  22.04  22.31  22.64  22.84  22.92  22.81  22.68  22.00  23.37  22.73  22.59  23.17  22.57  23.17  23.48   
22.45  20.93  22.27  22.81  22.57  22.77  22.90  23.30  22.52  23.48  23.20  22.77  22.99  22.93  22.72  22.75   
22.15  22.73  23.13  22.88  22.24  23.53  22.82  22.94  23.49  23.73  23.42  22.88  22.01  23.18  23.95  23.53   


0
21.76  21.63  22.86  23.19  22.13  23.33  22.41  23.19  22.90  22.57  22.76  22.87  22.53  22.36  22.77  23.46   
21.83  21.71  21.53  22.80  22.68  23.49  23.06  22.63  22.36  23.01  23.42  23.50  23.22  22.99  23.76  23.23   
22.64  21.86  22.44  23.30  22.15  23.24  22.95  23.45  23.19  23.53  23.15  23.58  23.73  23.11  23.45  22.65   
22.06  21.84  23.05  23.41  21.34  23.35  23.09  23.10  22.97  23.21  23.59  23.53  22.71  23.22  23.21  23.94   


0
21.90  21.76  22.07  22.81  22.35  23.09  22.73  23.84  22.77  22.34  22.75  23.20  22.52  22.86  22.62  22.98   
20.87  22.45  22.34  22.79  22.67  23.17  22.54  22.92  22.76  23.81  22.88  22.74  22.76  22.61  23.75  23.37   
21.93  21.73  22.31  23.40  22.13  23.44  23.04  23.64  23.17  23.72  22.62  23.35  23.95  23.09  23.44  22.79   
22.19  22.37  23.42  23.52  22.69  23.00  23.63  23.64  23.64  23.20  23.23  22.80  23.22  23.50  23.99  24.10   


0
22.50  21.19  22.46  22.94  22.58  23.09  22.73  23.06  23.10  22.56  22.53  22.86  22.76  22.86  22.76  23.45   
20.73  21.95  21.76  22.56  23.20  23.58  22.64  22.42  22.96  23.30  22.98  22.63  23.32  23.35  23.61  23.22   
22.35  21.60  22.43  23.06  21.98  23.64  22.83  23.44  23.17  22.88  22.93  23.35  23.03  23.46  23.03  23.09   
21.75  22.77  23.67  23.88  22.69  23.23  23.19  23.31  23.76  23.54  22.87  22.80  23.60  24.06  23.51  23.92   


0
22.02  22.58  22.57  22.55  22.56  23.18  22.49  22.48  22.86  22.75  22.95  22.95  22.85  23.47  22.73  22.64   
21.39  21.80  22.20  22.65  23.17  23.55  22.72  22.29  22.63  23.48  22.85  23.46  23.53  22.83  22.91  23.49   
21.34  21.45  22.87  23.04  21.31  23.20  23.43  23.41  22.84  23.49  23.01  22.89  23.35  23.32  22.87  23.66   
21.58  22.47  23.14  23.26  22.39  23.43  22.95  23.28  24.07  23.06  23.08  23.02  23.06  23.47  22.54  23.72   


0
21.44  21.76  22.59  22.57  22.70  23.32  22.51  23.29  23.10  22.67  22.53  22.75  22.76  23.88  23.04  22.82   
21.14  21.82  21.76  22.79  22.35  23.06  22.44  22.92  22.55  23.61  22.88  22.84  22.98  23.10  23.48  23.67   
22.07  22.23  22.19  22.84  21.82  23.33  23.14  23.44  23.28  23.09  23.34  22.27  23.49  23.34  23.17  23.54   
21.60  22.63  23.04  23.64  22.42  23.45  22.86  23.09  23.64  23.08  23.58  23.16  23.34  23.64  22.72  23.39   


0
21.74  21.05  22.59  22.69  22.35  22.63  22.62  22.95  22.99  22.56  22.86  23.09  22.16  22.60  23.45  23.13   
21.55  21.57  21.76  23.35  22.99  22.65  22.95  22.52  22.55  23.40  22.88  22.95  22.64  22.73  23.48  23.52   
22.91  21.22  22.31  23.06  21.98  23.12  23.14  23.64  23.07  23.30  23.04  22.81  23.60  23.71  22.90  23.24   
21.46  22.10  23.16  23.76  22.42  23.45  23.19  23.09  23.64  23.99  22.99  23.28  23.34  23.50  24.46  23.57   


0
22.63  21.45  22.96  22.91  22.67  23.52  22.37  23.04  22.97  22.64  22.39  23.18  22.02  23.73  22.87  22.95   
21.12  21.29  22.90  22.76  23.38  23.14  22.62  22.59  22.32  23.78  22.53  23.14  22.96  22.71  22.64  23.34   
22.32  21.57  21.93  23.37  21.95  23.62  23.12  23.31  23.05  23.38  23.83  22.79  23.46  22.82  23.69  23.81   
22.60  22.07  23.01  23.38  22.94  23.09  23.17  23.50  23.39  23.51  22.85  23.38  23.19  23.19  23.01  22.66   


0
22.94  21.61  22.45  23.16  22.34  22.27  22.72  22.83  23.20  23.31  22.52  23.19  22.27  22.72  22.89  22.96   
21.40  22.06  21.74  22.77  23.19  23.26  22.63  22.71  22.74  23.39  23.18  23.15  23.31  23.21  23.33  24.70   
21.64  21.71  21.70  23.16  22.12  23.42  23.65  23.52  23.06  23.19  23.44  23.23  23.24  22.96  23.84  23.52   
22.47  22.22  23.40  23.63  23.22  23.10  23.40  23.18  23.40  23.64  23.80  23.51  23.33  23.34  23.97  24.09   


0
22.01  21.30  22.16  22.78  22.43  23.17  22.47  23.36  22.85  22.08  22.82  23.05  22.01  22.95  23.00  22.62   
21.37  21.66  22.54  23.20  22.74  23.03  22.81  22.98  22.62  23.87  22.31  23.23  22.72  22.82  23.57  24.97   
22.17  21.56  22.51  23.14  21.94  23.19  23.00  23.30  23.44  23.58  22.79  23.42  23.22  23.18  23.95  23.20   
21.42  21.92  23.51  23.36  22.11  23.53  23.04  23.38  23.15  23.05  23.19  23.36  23.31  23.32  22.68  24.24   


0
22.50  22.32  22.20  23.18  22.58  22.86  22.73  23.40  23.10  22.99  23.19  23.20  22.76  23.75  22.34  22.66   
21.14  21.19  22.34  22.90  22.67  23.27  22.44  22.52  21.83  23.30  22.77  23.16  22.87  22.73  23.48  25.16   
21.65  22.10  22.19  22.73  21.66  23.12  22.94  23.54  23.28  23.62  23.76  22.81  22.91  23.83  24.25  23.54   
21.46  22.50  23.42  23.28  22.69  23.11  23.30  23.20  23.07  23.42  23.58  23.76  24.11  23.50  23.36  23.75   


0
22.35  21.62  22.20  22.33  23.05  22.97  22.51  23.62  23.21  22.23  22.86  23.09  22.64  23.24  22.90  22.82   
21.28  21.70  21.64  23.24  22.46  23.27  22.24  23.12  23.06  23.40  23.40  23.06  23.55  23.23  23.48  24.72   
21.93  21.85  22.54  23.06  21.18  23.23  23.35  23.54  23.07  23.62  23.24  23.13  22.79  23.46  23.58  23.39   
22.34  22.63  22.66  24.00  22.28  23.23  23.41  22.87  23.42  23.65  23.81  23.28  22.83  22.93  23.51  23.75   


0
21.71  21.86  22.68  22.17  22.31  23.28  22.25  23.47  22.52  22.30  22.27  23.28  22.48  23.33  22.72  22.78   
22.18  22.16  21.48  22.52  22.74  23.23  23.31  22.38  22.93  23.16  22.63  22.70  23.74  23.43  23.71  24.83   
21.61  21.31  22.27  22.81  20.65  23.40  23.21  23.30  22.52  23.58  23.62  22.88  22.87  23.30  22.86  23.95   
22.30  22.46  23.51  23.36  22.52  23.53  23.26  23.16  23.61  24.18  23.19  23.24  22.79  23.46  23.00  24.24   


0
21.78  21.66  22.37  23.33  22.74  23.35  23.21  23.32  23.03  22.81  22.68  22.90  22.91  23.02  23.08  22.23   
21.59  21.35  21.79  22.94  22.49  23.10  22.68  21.95  22.38  23.84  23.34  23.20  23.36  22.89  23.51  23.86   
22.11  21.76  22.46  22.99  22.17  23.47  23.80  23.17  23.01  23.34  23.48  23.06  23.18  23.62  23.21  23.87   
21.35  22.27  23.33  24.04  21.78  23.38  23.56  23.01  23.45  23.57  23.26  22.96  23.38  23.53  24.02  23.43   


0
21.59  21.62  22.85  22.69  23.05  23.20  22.51  23.40  22.88  22.56  22.20  22.63  22.64  22.86  22.48  23.45   
21.01  21.82  22.23  23.24  23.09  23.06  23.05  22.82  22.55  23.51  22.77  22.31  23.32  22.98  23.34  24.12   
21.22  22.23  21.95  23.40  22.29  23.64  23.56  23.54  23.48  23.30  23.14  23.46  22.79  23.34  23.03  22.94   
21.46  22.77  23.16  24.12  22.69  22.89  22.53  23.31  23.76  23.54  23.46  23.04  22.96  23.21  23.51  23.22   


0
21.72  21.88  22.57  22.79  22.56  22.83  22.37  22.93  22.42  22.31  22.39  23.29  22.97  23.34  22.87  22.16   
21.52  21.92  21.97  22.88  22.22  23.35  22.72  22.59  22.42  23.18  23.17  23.35  22.84  22.83  23.72  23.19   
21.48  21.83  22.16  23.04  21.63  22.89  23.64  23.51  23.66  23.07  23.32  23.11  23.92  23.44  23.42  22.92   
22.16  22.74  22.88  23.50  22.26  23.20  23.28  23.17  23.05  23.74  23.32  23.14  22.80  23.05  22.54  23.72   


0
21.72  21.88  22.57  22.18  21.97  23.06  22.15  23.48  22.53  22.09  22.50  23.41  22.14  23.09  22.60  21.85   
21.52  21.92  22.08  22.99  23.28  23.76  22.92  22.69  22.32  22.87  22.96  23.14  23.19  23.08  22.77  23.49   
21.48  21.83  22.40  23.15  22.43  23.41  22.91  23.31  22.64  23.28  23.01  23.22  23.35  23.07  22.73  23.36   
22.16  22.74  23.14  23.50  22.12  23.31  23.60  23.39  23.50  23.51  23.20  23.02  23.58  23.33  24.12  22.66   


0
22.01  21.30  22.16  22.17  21.96  23.05  22.14  23.47  23.06  22.30  22.05  23.17  22.36  23.33  22.86  22.31   
21.24  22.04  22.07  22.98  23.27  23.74  22.91  22.68  22.82  23.67  22.52  22.91  23.06  22.82  22.90  23.03   
22.31  21.56  22.39  23.14  22.41  23.40  22.90  23.30  23.24  23.27  23.51  22.99  23.10  23.43  23.00  23.05   
21.56  22.73  23.13  23.48  22.11  23.30  23.59  23.38  23.72  23.27  23.66  23.00  22.53  22.75  22.84  23.18   


0
22.21  21.49  21.95  23.19  22.83  22.87  22.63  23.19  23.11  22.35  22.10  23.22  22.41  23.38  23.05  22.52   
21.70  22.47  22.00  22.80  22.79  22.97  22.76  22.53  22.87  23.72  22.57  22.96  23.11  22.87  22.81  23.53   
21.80  21.49  22.67  23.30  22.46  23.03  22.95  23.75  23.29  23.32  23.56  23.04  23.15  22.61  23.32  23.55   
21.32  22.78  23.18  23.41  22.43  23.35  23.09  23.32  23.77  23.32  23.70  23.05  22.58  23.22  23.53  23.94   


0
22.04  21.32  22.19  23.16  22.10  23.08  22.27  23.49  22.32  22.10  22.85  22.96  23.33  23.23  23.02  22.49   
20.86  21.94  22.21  23.00  22.87  23.67  22.73  22.71  22.54  23.19  23.50  23.04  23.31  23.82  22.78  23.51   
21.49  21.96  22.41  22.94  22.12  23.32  23.44  22.82  23.26  23.50  23.33  23.01  23.13  22.59  23.29  23.52   
21.88  22.62  23.15  23.63  22.41  22.99  23.07  23.51  23.29  23.86  23.45  22.67  22.69  23.20  23.50  23.91   


0
22.18  22.16  21.92  22.79  22.67  22.95  22.49  23.37  22.75  22.31  22.84  22.84  22.85  23.85  22.87  22.48   
20.98  21.54  22.20  22.99  22.86  23.14  22.62  22.90  22.53  23.88  22.85  23.67  23.19  23.08  22.91  22.89   
21.48  21.83  21.81  23.48  21.47  23.20  22.91  23.01  23.25  23.28  23.53  23.22  23.35  23.32  22.87  22.62   
21.43  22.34  23.52  22.89  21.44  23.43  22.95  22.73  23.16  23.97  24.02  23.14  23.71  23.61  23.65  23.90   


0
22.81  22.04  22.85  22.69  22.47  22.86  22.29  23.62  23.21  22.56  22.64  23.32  22.40  23.11  23.45  22.66   
21.14  21.57  22.34  22.56  22.24  23.68  22.64  22.42  22.65  23.40  22.88  23.06  23.32  22.49  23.61  23.37   
22.63  21.85  22.19  23.06  21.98  23.23  23.56  23.54  22.97  23.09  22.62  22.70  22.91  23.09  23.31  23.09   
21.31  22.50  23.29  23.88  22.83  23.79  23.41  22.98  23.30  23.20  22.99  22.92  22.96  23.07  24.30  23.75   


0
22.23  21.93  23.01  23.20  22.84  23.23  22.31  23.42  23.35  23.24  23.43  22.89  22.66  23.78  22.79  23.16   
20.90  21.72  22.13  23.15  22.38  23.29  23.07  22.44  22.47  23.43  23.01  22.87  23.12  23.13  23.23  23.85   
21.81  21.63  22.33  23.20  22.32  23.25  23.27  23.36  22.58  23.75  23.27  22.84  23.17  24.10  24.01  22.97   
22.65  22.66  23.32  23.55  22.04  23.48  23.00  23.44  22.98  23.22  23.02  22.22  23.63  23.10  23.22  22.88   


0
21.74  22.18  22.85  22.69  22.70  23.89  22.84  23.84  22.99  22.67  23.41  22.75  22.64  23.24  23.45  22.66   
22.09  21.57  22.58  23.35  22.35  23.06  22.95  23.32  22.65  23.10  22.88  22.74  22.87  23.23  24.15  23.97   
22.35  22.23  22.19  23.29  22.45  23.54  23.25  23.73  23.58  23.30  23.14  23.03  23.37  23.83  23.58  23.54   
22.04  22.10  23.42  24.12  22.28  23.68  23.74  23.31  23.64  23.88  23.34  23.16  23.09  23.92  23.83  24.45   


0
22.05  21.90  22.59  23.42  22.35  23.43  22.95  23.40  23.21  22.89  23.41  24.00  22.99  23.37  23.59  23.13   
21.28  21.82  22.23  23.80  22.99  23.37  22.85  22.62  23.37  23.71  23.19  23.06  23.10  22.49  24.15  23.82   
21.79  22.23  22.07  23.51  21.98  23.95  23.46  23.83  23.17  23.62  23.96  22.70  23.60  23.71  23.44  23.69   
21.75  22.90  23.04  24.00  22.96  23.45  23.74  23.42  23.76  23.54  23.81  23.64  23.60  23.35  23.36  23.39   


0
22.49  21.61  23.23  22.92  23.03  23.19  22.72  23.38  23.53  22.54  23.07  23.30  23.21  23.23  23.58  21.86   
22.21  22.32  22.57  23.00  22.87  22.84  22.63  22.61  23.05  23.79  23.50  23.58  23.31  23.70  24.00  24.11   
21.92  21.33  22.41  23.27  22.12  23.63  23.65  23.92  23.47  23.71  23.33  22.91  23.24  22.71  23.70  22.78   
22.47  22.35  23.40  23.63  22.41  23.44  23.29  22.96  24.31  23.86  23.21  23.27  23.33  23.48  23.66  24.79   


0
22.47  22.00  22.94  23.26  23.01  23.39  22.47  23.47  23.17  23.07  22.93  22.71  22.95  23.46  22.58  23.10   
20.83  21.66  22.19  23.77  23.27  23.64  22.71  22.78  23.13  23.77  22.94  23.34  23.51  23.43  23.44  23.33   
22.03  22.44  22.51  22.69  22.10  23.09  23.11  23.20  23.24  23.16  23.72  23.21  22.99  23.30  23.00  24.09   
21.71  22.73  23.89  23.60  22.24  23.64  22.82  23.16  23.26  23.27  23.31  23.36  23.31  23.46  23.48  23.36   


0
22.16  21.86  22.55  22.66  22.66  23.62  23.14  23.25  23.28  23.28  23.04  22.82  22.84  23.08  22.72  22.78   
22.18  21.78  22.07  22.98  23.58  23.54  22.61  22.68  22.62  23.47  22.84  23.45  23.17  23.31  23.44  23.93   
22.17  22.06  22.74  23.47  21.46  23.50  23.21  23.50  23.34  23.69  23.00  23.85  23.22  23.43  22.86  23.50   
21.86  22.06  23.76  24.20  22.52  23.53  23.15  23.16  23.72  23.50  23.19  23.00  23.82  23.46  23.16  23.53   


0
22.64  21.32  22.71  23.04  23.27  23.30  22.61  23.49  23.09  22.43  23.29  22.62  23.10  23.23  23.16  23.12   
21.67  22.44  21.98  23.11  23.29  23.36  23.63  22.71  22.64  23.69  22.65  22.51  23.43  23.70  23.73  23.51   
22.20  21.59  22.29  23.38  21.64  23.42  23.44  23.52  23.16  23.29  23.33  23.23  23.71  22.96  23.02  23.23   
21.88  22.35  23.78  23.63  22.68  23.44  23.51  23.29  23.86  23.75  23.33  23.63  23.07  23.62  23.50  23.74   


0
21.71  21.86  22.55  22.90  22.31  23.17  22.69  22.92  22.63  22.30  22.71  22.94  23.07  22.95  23.00  22.62   
20.97  22.16  22.31  23.20  22.95  23.03  23.21  22.78  22.41  24.07  23.16  23.02  22.83  23.07  23.17  23.33   
22.17  22.06  22.51  22.81  21.14  23.50  23.11  23.40  23.24  23.58  22.79  23.31  23.45  23.43  23.00  22.75   
21.12  22.33  23.13  23.48  21.97  23.41  23.48  23.05  23.38  23.84  23.42  23.72  23.18  23.60  23.79  24.59   


0
21.40  22.29  22.42  22.54  22.19  23.28  22.47  23.25  23.28  22.52  22.82  23.17  23.19  23.08  23.41  22.31   
21.51  21.40  21.48  22.98  23.27  23.44  22.91  22.68  22.62  23.27  23.05  23.34  23.85  22.70  23.30  23.78   
21.33  22.44  22.15  22.81  22.25  23.40  23.31  23.00  23.44  23.58  23.31  22.56  23.57  23.06  23.54  23.35   
22.15  22.46  23.51  23.96  21.97  23.41  23.04  23.05  23.83  24.07  23.19  23.96  22.79  24.02  23.00  24.06   


0
22.62  21.72  22.42  23.26  22.54  22.82  22.92  23.03  23.28  22.19  22.27  23.05  22.84  23.08  23.28  23.41   
21.24  22.16  21.72  23.77  23.27  23.44  22.41  22.58  22.72  23.06  22.94  23.13  22.95  23.19  23.57  23.33   
22.59  21.18  22.51  23.36  22.10  23.19  23.00  23.60  23.04  23.27  23.20  23.21  23.34  23.43  23.81  23.50   
21.71  21.79  23.63  23.60  21.84  22.96  22.93  23.27  23.61  23.73  23.77  23.00  23.05  23.03  24.11  23.00   


0
22.77  21.30  22.03  23.14  22.54  22.94  22.92  23.47  22.41  22.85  22.93  22.94  22.60  23.46  23.00  23.72   
21.10  22.16  21.84  23.43  22.74  22.72  23.11  22.38  22.82  23.37  23.05  23.45  23.06  23.56  23.84  24.08   
22.03  22.19  22.98  23.03  22.10  23.50  23.52  23.50  23.14  23.58  23.20  23.42  23.34  23.30  23.54  23.65   
21.71  22.60  23.63  23.72  22.24  23.07  23.48  23.16  23.83  23.95  23.66  23.12  22.92  23.32  23.48  23.89   


0
22.19  21.61  23.10  23.28  22.57  23.53  22.72  23.71  23.64  22.65  22.74  23.19  22.15  22.85  23.02  22.02   
22.08  22.32  21.98  23.45  23.19  23.56  22.93  23.11  23.36  23.39  23.08  23.26  22.86  22.97  23.19  24.26   
22.62  20.96  22.41  23.27  22.76  23.94  23.44  23.62  23.57  23.29  22.92  22.80  24.05  23.45  23.02  23.67   
22.18  22.35  23.15  24.11  22.54  23.21  22.85  22.96  23.63  23.86  23.56  23.39  23.33  23.48  23.34  24.09   


0
22.48  21.02  22.83  23.51  22.67  23.52  22.49  23.48  23.08  22.31  22.50  23.29  23.20  23.34  23.01  22.79   
21.12  22.43  22.20  22.88  23.28  23.55  22.92  22.69  22.73  23.58  23.06  22.71  22.96  23.57  23.86  23.64   
22.04  21.83  22.40  23.37  21.63  24.14  23.84  23.81  23.15  23.70  23.32  23.65  23.46  23.56  23.28  23.81   
21.28  22.88  23.14  23.62  22.94  24.10  23.38  23.06  23.96  23.74  22.85  23.73  23.06  23.75  24.12  24.60   


0
22.19  21.75  22.71  23.16  22.69  23.42  22.72  23.49  22.98  22.98  22.96  23.98  22.86  23.36  23.30  22.96   
21.40  22.06  22.33  22.77  23.61  23.67  22.93  22.91  23.05  23.29  23.18  22.83  23.20  23.70  24.14  24.70   
21.92  21.71  22.41  23.27  22.44  24.05  23.86  23.82  23.77  23.29  23.54  23.12  23.36  23.08  23.97  23.52   
23.34  22.75  24.41  23.51  23.08  23.33  23.29  23.29  24.08  23.86  24.03  23.39  23.46  23.90  23.50  23.74   


0
22.48  21.88  22.57  22.79  22.67  23.29  22.60  23.59  23.19  22.64  23.38  23.29  22.85  23.09  23.01  22.48   
22.33  22.18  22.44  23.44  22.86  23.65  22.92  23.10  23.45  23.48  23.27  23.14  23.41  23.45  23.45  23.94   
22.18  22.20  22.52  23.37  21.47  23.93  23.95  23.41  23.46  23.70  23.42  23.43  23.69  23.56  23.01  24.25   
21.72  22.47  23.90  24.10  22.67  23.77  23.28  23.39  23.73  24.08  23.67  23.85  23.32  24.17  23.96  24.78   


0
22.02  21.31  22.57  23.63  23.37  22.95  22.60  23.37  23.19  22.75  22.50  23.41  23.20  23.22  22.73  23.11   
21.93  21.29  22.32  24.23  22.86  23.55  23.02  23.20  22.73  23.38  23.38  23.46  22.96  23.20  23.72  23.64   
22.60  22.08  22.87  22.93  21.47  24.03  23.64  23.61  23.25  23.28  23.73  23.32  24.27  23.68  23.28  22.92   
22.02  23.41  23.27  23.74  22.80  23.20  23.49  23.28  23.50  23.51  23.55  23.61  22.93  24.31  23.96  24.43   


0
22.79  22.45  22.32  22.68  23.15  23.53  22.39  23.27  23.64  22.32  23.18  23.53  22.74  23.10  23.02  22.96   
21.54  21.94  21.98  23.57  23.19  23.26  22.93  22.91  22.64  23.49  23.39  23.79  23.43  23.46  23.73  23.96   
22.34  21.33  22.77  23.16  21.80  24.15  23.65  23.82  23.26  23.61  23.44  22.80  24.05  23.20  22.47  24.12   
22.03  22.08  23.53  23.99  22.68  23.10  23.51  23.51  23.86  23.52  23.56  23.63  22.82  24.19  23.97  24.26   


0
22.01  22.00  22.03  23.26  22.78  23.17  23.03  23.14  23.06  22.19  23.15  22.82  23.07  23.33  23.00  22.62   
21.51  22.04  22.07  23.43  22.84  23.85  23.41  22.78  23.13  23.57  23.26  23.45  23.51  23.31  22.76  23.33   
22.45  22.06  21.91  23.14  21.94  23.29  23.42  23.80  23.14  23.16  23.20  23.31  23.68  23.55  23.54  23.95   
21.86  22.60  23.76  23.36  23.06  23.53  22.71  23.16  23.49  23.50  23.54  23.36  23.44  23.60  23.79  24.59   


0
22.93  21.73  22.44  23.39  22.79  23.06  22.60  22.93  22.86  22.86  22.95  22.84  23.32  23.60  23.98  22.64   
21.39  21.92  22.44  23.67  23.28  23.65  23.02  22.39  23.25  23.48  23.17  23.35  23.53  23.57  23.99  24.24   
23.02  21.70  22.52  23.70  22.58  23.41  23.53  23.41  23.25  23.80  23.63  23.32  23.35  23.56  23.14  24.25   
21.87  22.61  23.01  23.62  22.26  23.88  22.61  23.50  23.50  24.19  23.78  23.50  24.09  23.19  23.49  24.08   


0
22.93  21.73  22.44  23.63  23.14  23.63  23.15  23.81  23.08  23.41  22.95  23.18  23.08  23.22  23.15  23.11   
21.39  21.92  22.44  22.99  23.38  23.35  23.42  23.10  22.94  23.68  23.48  22.82  22.84  23.08  23.99  23.19   
23.02  21.70  22.52  23.48  22.27  23.72  23.43  23.71  23.46  23.91  23.22  23.11  23.81  22.82  23.55  24.11   
21.87  22.61  23.90  23.86  22.67  23.88  23.28  23.17  23.73  24.08  22.97  23.14  23.58  23.61  23.49  23.19   


0
21.72  21.88  22.31  23.63  23.14  23.63  23.15  23.81  23.08  22.75  22.39  23.29  23.44  22.96  23.29  22.48   
21.66  21.54  22.20  22.99  23.38  23.35  23.42  23.10  22.42  23.28  23.17  23.46  23.41  22.95  23.45  23.64   
21.76  21.83  22.16  23.48  22.27  23.72  23.43  23.71  22.84  23.38  23.53  23.43  23.12  23.07  23.96  23.66   
22.02  22.74  23.90  23.86  22.67  23.88  23.28  23.17  24.07  23.51  23.20  23.26  23.32  23.05  23.49  24.25   


0
22.05  22.04  22.46  23.42  22.70  23.20  22.29  23.51  23.10  22.78  22.42  23.32  23.46  22.99  23.86  22.51   
21.95  21.82  22.46  23.58  23.09  23.37  22.64  22.72  22.45  23.30  23.19  23.48  23.44  22.98  23.61  23.97   
22.35  21.35  22.43  23.51  21.66  22.91  23.35  23.83  22.87  23.41  23.55  23.46  23.14  23.09  23.98  23.39   
21.46  22.23  23.04  24.00  22.42  23.56  23.19  23.74  24.09  23.54  23.23  23.28  23.34  23.07  22.72  24.10   


0
23.07  21.30  23.07  23.02  23.36  23.39  22.92  23.58  23.17  23.39  23.15  23.73  22.84  23.84  23.83  22.47   
21.10  21.78  22.42  23.20  22.74  24.25  23.31  22.68  23.13  23.77  23.05  22.91  23.17  22.32  23.57  23.93   
23.15  21.69  22.27  23.25  22.10  23.71  23.31  23.60  23.65  23.89  23.51  23.53  23.34  23.30  23.95  23.35   
21.71  22.33  23.89  23.36  23.60  22.96  22.82  23.38  23.49  23.50  23.89  23.36  23.82  23.18  22.68  24.06   


0
22.64  21.61  22.19  22.92  22.80  23.19  22.61  23.60  23.09  22.76  23.07  23.08  22.98  23.48  23.02  22.81   
21.26  22.44  21.86  24.24  23.29  23.67  22.93  22.91  22.95  23.39  22.97  23.04  23.20  23.34  23.33  24.26   
22.20  20.96  22.77  23.49  22.12  22.90  23.24  23.42  22.85  23.50  23.02  22.80  23.71  23.20  23.29  23.82   
22.32  22.22  23.53  24.35  22.13  23.21  22.96  23.73  23.29  24.09  23.56  23.39  22.82  23.48  23.97  23.91   


0
22.33  22.44  22.96  22.91  22.56  24.09  22.93  23.37  22.97  23.30  22.61  23.29  22.73  23.22  22.32  22.64   
