0
21.95  21.39  22.77  22.87  22.75  23.37  22.45  23.00  22.82  22.28  22.36  22.80  21.98  23.04  22.95  22.56   
21.74  22.00  22.16  23.06  22.83  23.42  23.20  22.67  22.70  23.45  23.14  22.68  23.37  22.41  23.39  23.42   
21.84  21.65  22.24  23.11  21.87  23.28  23.19  23.18  23.33  23.46  23.60  22.97  24.00  23.39  23.22  23.88   
21.95  22.42  22.83  23.45  21.65  22.59  23.13  23.25  23.24  23.13  23.27  22.61  22.88  23.26  23.72  24.15   


0
21.67  21.70  22.67  22.89  22.54  22.82  21.92  23.25  23.07  22.08  23.16  23.28  22.71  22.80  22.70  22.90   
20.81  21.39  21.71  23.54  22.96  23.86  23.02  22.59  22.52  23.38  23.06  23.13  23.17  23.30  23.01  23.45   
21.59  21.55  22.15  23.14  22.37  23.41  23.53  23.71  23.25  23.06  23.52  22.89  22.87  23.29  22.83  23.32   
21.83  22.17  23.62  23.60  22.22  23.19  22.16  23.05  23.60  23.38  22.83  23.24  23.93  22.72  23.75  23.82   


0
22.13  21.41  23.19  23.73  22.54  23.05  22.36  22.92  22.63  22.74  23.37  23.05  22.24  22.68  22.84  22.58   
21.63  22.28  21.71  22.86  22.64  23.03  22.82  22.69  22.73  23.58  23.27  22.81  23.40  23.18  23.28  24.34   
22.15  21.68  21.67  22.92  22.05  23.93  23.12  23.81  23.15  23.69  22.70  22.89  22.87  23.29  22.70  23.02   
21.68  22.58  23.37  23.36  22.49  23.64  22.82  23.27  23.49  23.27  23.18  23.24  22.90  23.57  22.80  24.35   


0
21.94  22.08  22.63  23.21  22.62  23.47  22.44  23.65  23.03  22.81  22.79  23.24  22.20  23.66  22.52  23.49   
21.05  21.61  21.79  22.71  23.03  22.48  22.48  22.55  22.28  23.24  22.91  22.45  22.57  23.02  23.38  23.11   
21.97  21.64  22.23  22.66  22.33  23.58  23.49  23.47  23.01  23.55  23.18  22.52  23.29  23.38  22.80  23.13   
21.20  22.40  23.71  23.68  22.05  23.26  22.57  22.79  23.11  23.57  23.26  23.20  22.35  23.67  23.55  23.43   


0
22.11  21.97  22.01  22.52  23.23  23.49  22.46  23.24  23.06  22.51  22.48  22.69  22.94  22.41  22.96  22.73   
21.07  21.51  21.70  23.30  22.94  23.54  23.01  22.38  22.51  23.16  22.94  22.80  22.59  23.29  24.08  23.28   
21.57  21.54  22.25  22.35  21.08  23.29  23.21  23.10  23.34  23.26  23.20  22.33  23.43  23.16  23.23  22.85   
20.93  22.03  23.23  22.98  22.07  23.29  23.14  22.71  23.36  23.37  23.64  22.98  22.89  23.56  23.42  24.34   


0
22.42  21.82  22.53  22.03  22.65  23.26  22.57  22.79  22.84  22.51  22.48  22.92  22.35  22.79  23.10  23.82   
21.21  22.52  22.17  23.30  22.94  22.92  22.81  22.88  22.41  23.57  22.52  23.01  23.16  23.29  23.13  23.43   
21.99  21.91  22.72  23.46  21.88  23.19  23.52  23.60  22.93  23.26  23.30  23.30  22.86  23.28  23.50  23.45   
21.52  21.89  23.99  23.46  22.48  22.83  22.70  22.93  23.70  23.37  23.05  23.46  23.28  22.99  23.26  23.46   


0
22.42  22.25  22.40  22.39  22.99  22.69  22.91  23.35  22.62  22.51  22.48  23.15  22.35  23.30  23.10  21.94   
21.21  21.76  22.05  23.19  22.94  23.64  22.40  22.28  22.51  23.67  22.83  23.23  22.93  23.04  23.00  23.28   
22.83  21.54  22.84  23.13  22.20  23.19  23.41  23.20  22.83  23.89  23.51  22.33  23.09  23.28  23.50  23.00   
22.11  21.89  22.85  23.34  23.02  23.51  23.25  22.82  23.14  23.83  23.52  23.22  23.15  23.13  22.78  23.46   


0
22.43  22.54  22.28  23.13  22.54  23.05  22.70  23.14  22.52  22.74  22.71  23.05  22.36  22.93  22.56  22.74   
21.08  22.03  21.71  23.09  22.96  23.03  22.82  22.49  23.14  22.77  22.95  22.92  22.94  23.30  23.55  23.75   
20.88  22.18  22.26  23.25  22.05  23.30  23.43  24.01  23.25  23.69  22.90  22.99  23.33  23.41  22.83  23.61   
21.53  22.71  23.62  23.24  23.04  22.73  23.26  23.82  23.15  22.93  22.95  23.24  22.12  23.85  23.59  22.76   


0
23.19  22.26  22.28  23.25  22.19  22.82  22.47  23.36  22.85  22.85  22.60  23.28  23.18  23.19  23.25  22.74   
21.36  21.52  22.54  23.32  22.32  23.45  23.12  22.59  23.14  23.88  23.16  22.81  22.83  23.79  23.01  24.19   
21.73  22.30  22.26  23.03  21.89  23.41  22.91  23.41  23.04  23.48  22.70  22.67  23.33  23.78  23.11  23.46   
21.97  22.84  23.75  23.24  21.81  23.30  23.16  23.16  24.06  23.84  24.12  23.24  23.03  23.43  23.59  24.17   


0
22.24  21.23  22.50  22.73  22.62  22.90  22.21  22.66  22.81  23.14  22.46  23.47  23.26  22.51  23.08  21.75   
21.45  22.49  21.91  22.94  22.92  23.41  22.88  22.35  22.90  23.54  22.38  23.09  22.57  22.89  23.24  23.86   
21.55  21.76  22.82  23.21  21.85  23.58  23.60  23.27  23.21  23.45  23.48  23.28  23.18  23.50  23.21  23.43   
22.52  22.14  22.95  23.20  23.00  23.38  23.34  23.67  22.65  23.57  23.26  22.48  23.00  23.25  23.24  23.79   


0
22.08  21.64  23.14  22.96  22.26  23.11  23.09  23.09  23.24  22.80  22.22  23.34  22.07  21.98  22.51  23.32   
21.71  22.35  22.37  22.81  22.48  22.78  22.77  22.44  22.37  22.72  22.90  23.19  22.89  22.76  23.50  23.24   
22.24  21.88  22.45  23.09  21.68  23.25  23.07  23.36  22.79  23.43  23.27  23.27  22.94  23.37  23.47  22.97   
22.22  21.99  23.70  23.43  22.17  22.80  22.77  22.78  22.76  23.22  23.37  23.31  23.37  23.38  24.01  23.77   


0
22.42  21.40  22.53  22.52  22.88  23.15  23.02  22.90  23.27  22.40  22.59  23.49  21.99  23.05  22.82  22.88   
22.82  21.76  22.41  23.30  22.63  23.54  23.01  22.68  22.92  23.47  22.83  22.80  23.27  23.29  23.27  23.73   
22.27  21.54  22.49  23.68  22.04  23.50  23.10  23.30  23.24  23.57  23.30  22.55  22.74  23.16  23.50  22.85   
21.67  22.30  22.97  23.34  21.94  23.06  23.25  23.04  23.02  23.26  23.17  23.34  23.28  23.13  22.78  23.63   


0
22.72  21.40  22.40  23.48  22.76  23.15  22.91  23.90  23.16  22.73  22.37  23.04  22.58  23.69  23.24  23.82   
21.21  22.01  21.70  22.74  23.16  23.74  22.91  22.78  22.30  23.16  23.47  23.44  23.27  23.29  23.94  23.73   
21.57  21.79  22.13  22.79  21.88  23.19  23.41  23.50  23.34  23.57  22.79  23.20  23.43  22.79  22.96  23.60   
22.40  22.70  22.85  23.22  22.35  23.40  22.81  23.15  23.25  23.37  23.40  23.46  23.41  24.40  22.62  23.46   


0
22.24  22.22  22.37  22.73  22.85  23.13  22.55  23.54  22.59  22.26  22.57  22.90  22.56  23.41  22.94  23.02   
21.18  21.35  22.15  23.05  22.60  23.41  22.48  22.76  22.59  23.14  22.60  22.88  22.91  22.89  23.65  23.56   
21.83  22.14  23.05  23.10  21.38  23.37  22.97  23.47  23.31  23.86  23.18  23.17  23.06  23.38  22.93  22.83   
22.38  22.27  23.20  23.68  21.91  23.38  23.01  22.79  23.00  23.91  23.61  23.68  23.12  23.81  23.39  23.79   


0
22.09  22.78  22.89  23.57  22.62  23.24  22.44  23.21  23.03  22.37  22.79  22.78  22.79  22.51  22.94  23.02   
21.32  22.49  22.38  23.16  22.81  22.79  22.48  22.25  22.49  23.24  22.49  23.09  22.45  22.77  22.56  23.56   
21.12  21.76  22.11  23.54  21.05  23.06  23.60  23.67  23.31  24.07  22.76  22.85  23.18  22.76  23.21  23.28   
21.79  22.67  23.20  23.44  22.05  23.49  23.34  23.23  23.45  23.23  23.15  23.08  23.38  23.53  23.87  23.43   


0
22.11  22.81  22.91  23.60  22.65  23.26  22.13  22.90  22.95  22.40  22.92  23.27  22.70  22.92  22.55  22.57   
21.34  22.52  22.41  23.19  22.84  22.82  22.51  21.97  22.51  23.06  23.57  22.90  22.82  22.92  23.81  22.98   
21.15  21.79  22.13  23.57  21.08  23.29  23.41  23.30  23.24  23.37  22.99  22.98  23.43  23.40  22.55  22.40   
21.81  22.70  23.23  23.46  22.07  23.06  23.03  22.93  23.70  23.83  23.87  23.58  22.37  23.27  23.42  23.28   


0
22.40  21.81  22.90  22.99  22.63  23.37  22.11  22.89  22.93  22.39  22.91  23.25  22.10  22.91  22.53  22.71   
21.46  22.13  21.92  23.18  22.93  23.22  22.49  21.96  22.50  23.05  23.56  22.89  23.15  22.66  23.39  23.87   
21.42  21.27  21.41  23.34  21.39  23.28  23.40  23.28  23.22  23.35  22.98  22.86  23.19  23.51  23.08  23.14   
21.80  22.82  23.21  22.85  22.33  23.05  23.02  22.92  23.69  23.81  23.86  23.57  23.27  22.98  23.56  24.33   


0
21.95  21.24  22.51  22.74  22.52  23.37  22.23  22.89  23.15  23.04  22.80  22.57  22.10  22.91  22.53  22.71   
20.79  22.13  22.75  23.52  23.14  23.22  22.59  23.07  23.22  23.15  23.14  23.00  23.15  22.66  23.39  23.87   
21.98  21.65  22.83  23.45  21.23  23.07  23.19  23.38  22.92  23.77  23.39  22.86  23.19  23.51  23.08  23.14   
21.36  22.95  22.71  23.21  22.20  23.39  23.57  23.03  23.01  23.70  23.04  23.57  23.27  22.98  23.56  24.33   


0
22.29  21.71  23.20  22.78  22.90  23.86  22.93  24.36  23.84  23.08  22.84  23.29  22.25  23.20  23.13  22.91   
21.37  21.91  21.61  22.88  23.39  23.97  23.23  23.01  22.84  23.69  22.43  23.57  23.86  22.82  23.97  23.16   
22.72  22.07  22.63  23.48  22.22  23.11  23.54  23.82  23.06  23.60  23.33  22.79  23.00  23.30  22.98  23.33   
22.28  22.46  23.25  23.73  23.05  23.54  23.17  24.27  23.39  23.51  23.90  22.89  23.17  23.72  23.44  24.19   


0
22.68  21.64  23.78  23.32  24.23  24.02  21.75  24.41  27.93  22.69  23.43  22.89  22.54  23.65  23.20  22.69   
22.25  21.85  22.60  23.15  23.43  25.03  21.86  23.75  27.50  23.13  23.43  22.87  23.58  22.76  23.64  23.39   
21.95  21.88  22.33  23.42  22.16  24.19  22.75  23.66  25.82  23.95  23.37  23.16  23.51  23.12  23.60  23.56   
22.22  22.93  23.57  23.55  21.76  24.04  23.11  22.89  23.78  23.34  23.13  23.07  23.63  23.10  23.70  23.95   


0
22.43  23.10  25.23  25.04  25.07  25.53  24.46  25.76  25.77  25.44  24.79  23.51  23.30  23.70  23.39  23.52   
22.70  23.16  24.63  25.10  24.95  25.18  24.12  24.20  25.47  25.87  24.00  22.81  22.72  22.81  23.28  23.29   
22.15  22.30  24.25  24.46  24.87  25.16  25.27  24.80  27.06  25.24  23.32  22.89  23.79  23.41  23.24  23.61   
22.85  22.71  24.75  24.91  24.11  24.31  23.81  23.93  28.79  25.63  23.18  23.71  23.29  23.85  23.11  24.00   


0
22.73  22.82  24.72  25.86  24.96  25.87  25.76  27.69  26.83  26.08  25.76  24.97  23.18  22.68  22.97  22.43   
21.90  23.66  26.11  26.53  25.67  26.28  25.99  27.42  26.56  26.75  26.78  25.24  23.17  23.55  23.82  24.05   
22.57  23.05  26.55  26.72  26.26  26.18  26.28  28.19  26.27  26.26  26.36  24.60  23.10  23.17  23.24  22.87   
22.27  23.38  25.87  26.44  25.44  26.53  26.40  26.62  26.29  26.74  25.38  23.83  23.29  23.85  23.75  22.94   


0
22.40  21.95  22.90  23.47  22.98  23.25  23.34  24.98  23.48  22.83  22.69  22.91  23.28  23.42  22.95  22.40   
21.33  22.00  22.98  23.40  23.14  24.14  24.29  25.16  24.24  24.36  23.66  23.64  23.15  22.66  23.12  24.02   
22.40  21.65  22.95  24.43  24.23  25.14  24.84  26.15  25.65  25.63  24.93  24.36  23.42  23.88  23.08  24.18   
22.10  23.09  25.23  25.95  26.20  26.06  25.73  26.49  27.03  27.04  26.72  26.16  23.52  23.54  23.72  23.80   


0
22.23  21.64  23.01  22.60  23.30  23.23  22.42  23.53  23.45  22.91  22.44  23.11  22.31  23.90  23.61  23.16   
21.17  22.10  22.60  23.26  22.91  23.19  23.17  23.65  22.78  24.13  23.43  23.19  23.12  23.25  24.04  24.74   
22.51  21.50  22.80  23.31  21.36  23.04  23.79  25.54  23.30  23.01  22.65  23.27  23.51  23.24  23.60  23.56   
21.63  22.53  23.57  23.67  22.72  23.59  23.87  24.86  24.57  23.68  24.41  23.54  23.24  23.52  23.85  22.71   


0
22.71  21.81  22.51  23.47  22.87  22.91  23.11  23.00  23.04  22.72  23.13  23.14  22.81  22.91  22.67  22.56   
21.74  20.98  22.28  22.95  22.72  23.22  23.10  22.77  22.91  23.76  23.24  23.64  23.03  23.03  23.26  23.72   
21.98  21.78  22.12  22.78  22.19  23.28  23.30  23.38  23.12  23.56  23.50  23.40  23.08  23.51  23.08  23.44   
21.80  22.55  23.59  24.41  22.20  23.50  23.24  22.92  23.80  23.70  23.39  23.21  23.14  23.97  23.88  24.33   


0
22.43  22.26  21.89  23.37  22.07  22.82  22.47  23.91  23.18  22.41  22.82  23.28  22.59  23.70  22.70  22.74   
22.57  22.15  21.60  23.09  22.74  22.72  23.12  22.89  22.52  23.28  23.37  23.24  22.83  23.30  23.14  23.60   
21.16  21.80  22.03  23.47  22.05  23.61  23.74  23.21  22.94  23.48  23.32  23.21  23.22  23.41  23.24  23.61   
21.83  22.44  22.86  23.60  22.36  22.85  23.26  23.05  23.49  23.84  23.30  23.12  22.90  23.15  23.90  24.17   


0
22.14  21.71  22.16  23.02  22.67  23.52  22.15  23.04  22.42  22.09  22.95  23.52  22.49  22.82  22.99  22.60   
21.23  21.91  21.96  23.33  22.97  23.25  23.03  22.60  22.95  23.29  22.96  23.36  22.96  22.94  24.24  23.46   
22.02  22.32  22.16  23.37  22.54  23.52  23.54  23.72  23.06  23.39  23.74  23.01  23.11  23.06  23.26  23.33   
22.43  22.59  23.76  23.01  23.18  23.54  23.61  23.72  23.50  24.08  23.90  23.25  22.79  23.44  24.39  23.83   


0
21.94  21.09  22.24  22.49  22.50  22.67  22.77  23.21  22.37  23.03  22.90  23.92  23.38  22.77  22.80  22.54   
21.18  22.49  21.56  23.39  22.81  23.20  22.78  22.55  22.38  23.74  23.13  22.56  23.59  22.77  23.38  23.26   
22.11  21.76  22.23  23.43  22.01  23.58  23.29  23.67  23.01  23.24  23.48  22.96  23.52  23.13  23.75  23.43   
22.08  22.54  23.46  24.40  21.78  23.26  23.34  23.56  23.91  23.80  23.50  23.20  23.00  23.39  23.87  24.14   


0
21.66  20.83  22.27  22.76  22.53  23.04  22.35  23.24  22.73  22.29  22.92  22.24  22.70  23.18  22.68  22.57   
20.93  21.25  21.94  23.53  22.73  22.92  22.30  22.48  22.61  23.36  22.73  22.90  22.82  22.80  23.94  23.88   
22.13  21.29  22.49  23.24  21.72  22.87  23.31  23.80  23.34  22.84  23.20  22.66  23.20  23.52  22.82  23.15   
21.96  22.70  23.23  23.82  22.89  23.40  22.92  22.93  23.48  23.03  23.05  22.86  23.66  23.70  23.42  23.81   


0
23.05  20.86  22.42  23.38  22.44  23.40  22.15  23.48  22.64  22.42  22.40  23.06  22.73  23.58  22.43  22.91   
21.50  22.04  21.37  23.21  22.44  22.53  22.63  22.60  22.12  23.39  22.96  22.82  22.84  23.19  23.43  23.16   
22.16  21.69  22.04  23.26  22.22  23.52  23.13  23.52  23.46  23.08  23.53  23.65  22.88  23.18  23.53  23.48   
21.40  22.86  22.87  23.37  22.64  22.97  23.17  23.28  23.27  23.06  23.43  23.49  23.43  23.86  23.60  22.77   


0
22.31  21.44  22.43  23.04  22.57  22.85  21.94  22.94  22.54  22.44  22.74  22.62  22.50  22.83  22.86  22.45   
21.92  22.05  21.74  23.00  22.98  23.16  22.85  22.82  22.34  23.91  23.08  23.05  22.97  22.83  23.58  23.32   
21.19  21.70  22.17  22.72  21.44  23.33  23.45  24.23  23.17  22.98  23.24  22.80  23.01  23.44  22.72  23.34   
22.44  21.53  23.27  23.50  22.52  23.44  23.29  23.41  23.51  22.95  23.21  23.02  22.15  23.31  23.77  23.49   


0
21.95  21.81  23.29  22.74  22.40  23.02  22.67  23.33  22.93  22.17  22.36  23.03  22.45  23.04  21.97  23.19   
21.06  22.38  21.33  23.52  23.14  23.01  22.69  22.77  22.39  23.55  23.35  23.11  22.46  23.15  23.39  23.42   
21.70  21.90  22.36  23.22  21.07  23.38  23.09  23.38  23.12  23.46  23.39  23.08  23.42  22.90  22.81  24.03   
21.95  22.55  23.47  23.21  22.33  23.16  23.24  22.59  23.35  23.81  23.04  22.97  22.88  23.83  23.25  23.44   


0
22.11  21.82  22.66  22.39  21.94  23.26  22.02  23.35  22.73  22.62  23.14  22.69  22.70  22.79  23.10  22.73   
21.07  21.76  22.29  22.51  23.16  23.43  22.81  22.68  22.41  23.16  23.36  23.76  22.70  23.29  23.40  23.73   
21.85  21.91  22.49  23.13  21.56  23.08  23.21  23.30  23.34  23.05  23.10  22.87  22.97  22.91  23.23  23.00   
21.37  22.83  23.10  23.58  22.48  23.63  22.70  23.48  23.25  23.83  23.64  22.62  23.28  23.42  23.89  23.81   


0
21.34  21.39  22.51  23.11  22.63  22.68  22.78  22.78  22.71  22.83  22.69  23.14  22.21  22.65  23.09  23.03   
21.60  21.75  21.81  22.72  23.14  22.49  23.20  22.87  22.39  23.25  22.82  22.68  22.46  22.91  22.71  22.97   
21.84  21.90  22.24  23.11  21.87  23.17  23.09  23.18  22.92  23.46  22.88  22.86  23.54  23.64  22.81  23.44   
22.24  22.42  23.72  23.57  22.47  22.94  23.46  23.03  23.46  23.59  23.51  23.81  22.88  23.69  23.41  23.80   


0
22.27  21.97  21.61  22.64  22.18  23.04  22.46  23.24  22.62  22.40  22.70  22.92  22.70  22.92  23.24  23.20   
21.88  22.14  21.94  22.74  22.63  23.02  22.61  22.28  22.82  23.36  22.73  23.12  23.50  23.16  23.81  23.73   
22.27  22.04  22.25  23.24  22.04  23.50  23.00  23.30  22.72  23.57  23.30  22.98  23.09  23.16  23.91  23.30   
21.81  22.03  23.73  23.94  22.62  23.74  22.92  23.26  23.25  23.94  23.05  23.10  22.76  24.12  23.73  24.16   


0
22.72  21.54  22.66  23.24  22.99  23.04  22.57  23.24  22.95  22.95  22.59  22.58  22.46  23.30  23.10  22.88   
21.75  22.01  22.05  22.85  22.31  23.74  22.81  22.48  22.61  23.47  22.73  23.12  22.93  23.04  23.94  22.98   
22.41  21.41  22.02  23.02  22.36  23.91  22.69  23.20  23.85  23.57  22.89  22.98  23.32  22.91  23.23  22.70   
21.96  21.76  23.73  23.94  22.35  23.17  23.69  22.49  23.25  23.49  23.05  22.74  22.89  23.56  22.94  22.92   


0
22.31  22.29  22.56  22.79  22.45  23.42  22.39  23.38  23.42  22.66  22.41  23.42  22.50  22.70  22.86  22.45   
21.38  22.30  21.86  22.66  23.09  22.85  23.25  22.52  22.55  23.30  22.76  22.94  22.97  23.45  23.98  23.62   
22.31  21.07  21.82  23.05  21.92  23.64  23.35  23.53  23.38  23.40  23.34  23.34  23.24  23.69  23.68  23.49   
21.85  22.33  22.88  23.26  22.52  23.21  23.51  23.19  23.40  23.41  23.44  23.26  23.57  23.31  22.82  24.20   


0
22.57  22.81  21.74  23.00  22.53  23.38  22.79  23.35  22.84  22.29  22.92  22.58  22.94  23.56  22.82  22.25   
21.07  21.89  21.94  23.53  22.73  22.82  23.01  22.58  22.30  23.67  23.04  23.01  23.27  22.80  23.27  22.68   
21.29  21.66  22.13  23.35  21.88  23.71  23.31  23.30  23.54  23.37  23.61  23.20  23.32  23.65  22.55  23.75   
21.08  22.43  23.48  23.94  21.80  23.40  22.70  23.37  23.25  23.49  23.40  23.10  22.63  24.26  23.89  22.92   


0
22.00  22.15  22.30  22.55  22.22  22.50  22.50  22.94  23.09  22.66  22.85  22.62  22.62  22.96  22.72  22.92   
20.70  21.67  22.09  23.00  22.98  23.37  22.64  22.21  22.86  23.10  22.76  23.26  23.31  22.22  23.85  23.47   
21.89  22.08  21.93  23.05  21.28  23.54  23.24  23.63  23.07  23.40  22.93  23.02  23.47  22.70  22.86  23.49   
22.29  22.20  22.63  23.14  22.38  22.99  22.74  23.08  23.63  23.75  23.09  22.90  23.06  23.17  24.24  23.67   


0
22.46  21.15  22.95  23.40  22.45  22.85  21.94  23.50  22.65  22.98  22.41  22.96  22.38  23.34  23.00  22.45   
21.65  22.05  22.21  23.45  23.51  22.65  22.54  22.72  22.55  23.50  22.66  23.16  22.86  23.32  23.85  23.62   
21.61  22.08  22.53  23.39  22.24  23.64  23.86  23.73  23.38  23.09  23.34  23.34  23.12  22.95  22.86  23.19   
22.00  22.33  23.65  23.62  22.66  22.99  22.96  23.19  22.94  23.41  23.44  23.26  22.93  23.17  23.61  23.14   


0
22.43  21.13  22.93  23.37  22.42  22.82  22.92  23.25  22.63  22.30  22.71  22.48  22.36  22.80  23.25  22.58   
21.63  22.03  22.19  23.43  23.48  22.62  22.72  22.79  22.52  23.07  22.85  23.02  23.29  23.05  23.82  23.90   
21.59  22.05  22.50  23.36  22.21  23.72  23.12  23.51  23.25  23.17  23.11  22.78  22.98  22.92  22.83  23.02   
21.97  22.31  23.62  23.60  22.63  23.30  23.16  23.16  23.49  23.95  23.07  22.75  23.29  23.15  23.27  24.17   


0
22.14  21.85  23.07  22.42  22.67  23.18  22.93  23.26  22.64  22.31  22.73  22.49  22.13  23.33  23.13  22.75   
21.50  22.29  22.20  22.88  22.76  23.25  22.73  22.81  22.53  23.09  22.86  23.04  22.96  22.94  23.43  23.46   
22.16  21.82  21.68  22.93  21.75  23.73  23.13  23.52  23.26  23.18  23.12  22.79  23.46  23.55  22.71  22.43   
21.55  21.92  23.76  23.37  22.10  23.31  23.17  23.17  23.50  23.96  23.08  22.53  23.17  24.00  23.29  23.30   


0
21.36  20.98  22.93  22.29  22.89  22.82  22.25  23.36  23.18  22.74  23.05  22.48  22.12  23.32  23.11  22.74   
21.36  21.90  22.19  22.98  23.06  23.24  22.92  22.69  22.63  23.48  23.27  23.02  22.94  22.93  23.42  23.45   
21.44  22.05  22.38  23.69  21.73  23.61  23.43  23.51  23.55  23.69  23.01  23.53  23.45  23.54  22.70  22.42   
20.94  22.58  23.11  23.96  22.22  23.19  23.26  23.05  23.60  23.16  23.30  22.51  23.16  23.99  23.27  23.29   


0
22.11  21.97  22.40  22.88  22.53  23.04  22.57  22.79  22.51  22.62  22.81  23.49  22.46  22.66  22.55  23.36   
21.48  21.76  21.70  23.19  22.41  23.43  22.51  22.78  22.82  23.36  23.15  22.69  22.93  22.92  22.86  23.43   
21.85  21.91  22.25  23.24  21.88  23.29  23.10  23.50  23.03  23.05  22.58  23.52  23.43  23.28  22.82  23.30   
21.08  22.03  23.61  23.34  22.62  22.95  23.47  23.48  23.36  23.37  23.29  23.10  22.63  23.70  23.89  23.28   


0
22.15  21.72  22.56  23.16  22.68  23.30  22.50  23.05  22.54  22.98  22.85  23.30  22.38  23.34  22.44  22.77   
21.65  21.93  22.21  23.00  22.45  23.06  22.64  22.52  22.55  23.20  23.29  22.51  23.31  22.83  23.31  23.92   
22.17  22.58  22.17  23.16  21.60  23.01  23.14  23.33  23.88  23.82  23.24  23.23  23.12  22.95  23.13  23.34   
22.44  21.93  23.77  23.74  22.93  23.21  23.07  23.08  23.29  23.18  23.44  22.78  22.67  23.88  23.61  24.38   


0
22.58  21.41  22.80  22.77  22.19  23.16  22.81  22.92  22.85  22.52  22.49  23.16  22.71  22.93  22.97  23.21   
21.76  23.53  22.77  22.86  22.74  23.45  23.02  22.79  23.24  23.68  23.48  23.02  23.17  22.69  23.96  23.75   
22.71  22.05  22.74  23.47  22.21  23.72  23.43  23.41  23.25  23.38  23.32  23.21  23.22  23.54  23.52  23.32   
22.27  22.98  23.62  23.84  22.49  23.53  23.70  23.60  23.72  23.50  23.07  23.24  23.03  24.13  23.75  24.35   


0
21.99  21.71  22.55  23.02  22.20  23.06  22.49  23.26  22.53  22.75  22.84  23.06  22.49  23.07  23.13  23.54   
21.50  22.29  22.08  23.21  22.76  23.05  22.83  22.60  22.43  23.09  22.86  23.04  23.41  23.43  23.97  23.01   
21.88  21.44  22.40  23.48  22.38  23.73  23.65  23.12  23.57  23.50  23.02  23.22  23.11  23.55  23.80  23.33   
21.99  22.72  23.89  23.97  22.24  23.43  22.84  23.17  23.50  23.17  23.31  23.25  23.05  23.44  23.76  23.83   


0
22.61  21.58  23.08  23.52  23.15  23.64  22.50  22.83  23.20  22.55  22.96  23.53  22.74  23.72  23.83  22.14   
21.11  22.43  22.45  23.68  22.77  23.47  23.25  22.52  22.55  23.20  23.50  22.84  23.20  22.96  23.44  23.47   
22.17  20.94  21.93  23.39  21.76  23.22  22.93  23.23  23.58  23.19  22.72  22.80  23.59  23.44  23.68  23.64   
21.85  22.47  23.65  23.74  22.38  23.55  23.51  23.30  23.74  23.98  23.56  23.26  23.06  23.31  23.14  23.85   


0
21.99  21.28  22.29  23.26  23.02  23.29  23.04  23.37  22.86  22.75  23.06  22.83  22.84  22.69  22.99  22.75   
21.64  21.66  22.20  23.55  22.97  23.77  22.93  22.60  22.02  23.69  22.54  23.04  22.96  23.31  24.10  22.85   
22.16  21.69  22.16  22.71  22.38  23.21  23.34  22.82  23.46  23.29  23.74  23.11  23.11  23.55  23.39  23.63   
21.69  22.19  24.01  23.37  22.64  23.54  23.17  23.50  23.50  24.19  23.43  23.37  23.17  23.72  23.29  24.36   


0
22.09  21.66  22.11  22.85  23.09  22.90  22.55  23.21  22.48  22.48  22.90  23.24  23.26  22.64  22.94  22.86   
20.64  21.73  21.91  22.83  23.34  23.00  22.58  22.45  22.59  23.44  23.02  23.63  23.25  23.02  24.05  23.86   
22.39  21.64  22.23  22.99  22.33  23.68  23.39  23.17  22.49  23.45  23.38  23.39  23.41  23.50  23.34  23.87   
21.35  21.87  22.69  24.04  21.78  23.38  22.90  22.90  23.57  23.01  22.68  23.32  22.87  23.67  23.24  22.72   


0
22.25  21.81  22.25  22.38  22.52  22.91  22.23  23.56  23.04  22.50  23.46  22.91  22.33  22.78  22.67  22.71   
20.92  21.62  21.81  22.61  22.93  23.11  22.59  22.47  22.29  23.55  23.03  22.57  22.69  22.41  23.12  22.51   
22.12  22.03  22.24  23.22  21.87  23.38  23.19  23.38  23.33  23.67  22.67  23.18  22.96  22.77  23.22  22.99   
22.10  22.55  23.09  23.09  22.61  23.39  22.58  23.47  23.24  23.59  23.51  22.85  23.27  23.26  24.04  23.80   


0
21.96  21.54  22.01  22.64  22.53  23.26  21.90  23.13  23.16  22.18  22.81  22.92  22.35  23.05  22.96  22.57   
21.21  21.63  22.17  22.96  22.41  22.82  23.01  22.48  22.10  23.47  22.94  23.12  22.70  23.04  23.27  22.98   
21.15  21.41  22.13  22.79  21.24  24.02  22.89  23.90  23.13  23.57  23.41  23.09  23.20  23.52  23.23  23.45   
21.81  22.56  23.23  22.98  22.07  23.63  22.70  23.15  23.59  23.71  23.29  23.46  22.89  23.42  23.42  22.92   


0
22.27  21.68  22.53  23.00  22.53  23.04  23.35  22.90  22.84  22.62  22.59  23.27  22.46  22.66  22.68  23.04   
21.21  22.64  21.70  23.08  23.05  23.43  23.41  22.58  22.20  23.67  22.83  23.12  23.16  22.80  23.00  23.58   
21.85  21.54  21.90  22.91  21.08  23.08  23.41  23.50  22.83  23.37  23.41  23.09  23.32  23.16  23.64  23.45   
22.25  22.16  23.48  23.82  22.75  23.29  23.58  23.59  23.25  23.83  23.52  23.10  23.79  23.27  23.73  23.46   


0
21.98  21.41  22.02  22.89  22.54  22.82  22.03  23.25  22.63  22.74  22.82  22.71  22.71  23.44  22.56  21.95   
21.22  22.15  22.19  22.98  22.53  22.83  22.82  22.69  22.32  23.28  23.06  22.92  23.06  23.05  23.28  23.90   
21.87  21.17  22.03  22.36  21.57  23.41  23.32  23.51  22.94  22.75  23.73  22.67  23.10  23.29  23.24  23.32   
21.24  21.77  23.24  23.72  22.09  22.96  23.16  22.94  23.38  23.61  22.83  23.36  22.90  23.57  23.11  24.17   


0
21.82  20.41  22.54  22.29  22.31  23.16  22.25  23.25  22.96  22.63  23.05  23.51  22.95  23.06  22.14  22.27   
21.22  21.77  21.83  22.98  22.64  22.83  22.32  22.29  22.73  23.48  22.53  23.02  22.72  22.56  23.55  23.45   
22.15  21.30  21.91  23.36  21.25  23.30  22.91  23.21  22.53  23.06  23.42  22.56  23.91  23.05  22.42  23.17   
21.53  21.90  23.11  23.60  22.22  23.64  22.71  23.27  22.69  23.61  23.07  23.00  23.16  22.86  23.59  23.47   


0
22.62  22.02  22.06  22.93  22.46  23.20  22.07  23.51  22.56  23.00  22.75  22.97  22.51  22.84  23.29  23.09   
21.66  21.94  22.22  23.13  22.36  23.59  23.16  22.93  22.35  23.31  23.09  23.27  22.53  23.21  23.72  23.03   
22.05  21.97  21.59  22.62  22.09  23.65  23.46  23.45  22.98  23.62  23.15  23.14  23.25  23.21  23.42  23.95   
21.87  23.15  23.15  23.63  22.40  23.11  23.63  23.53  23.53  23.42  23.34  23.39  22.94  23.32  24.10  23.15   


0
21.96  21.54  22.66  22.76  22.18  23.26  22.35  23.13  22.84  22.73  22.37  23.04  22.70  22.54  22.27  22.41   
21.21  21.89  21.82  22.74  23.16  23.02  22.61  22.88  22.72  23.16  22.52  22.58  23.05  22.43  23.40  23.88   
22.41  21.54  22.13  23.24  21.72  23.19  23.52  23.20  23.44  23.26  22.79  22.33  23.32  23.40  22.68  23.60   
21.08  22.30  23.35  23.46  22.75  22.72  22.81  23.37  23.14  23.03  23.05  23.46  22.89  23.56  23.73  24.16   


0
21.39  22.29  22.82  22.31  22.10  23.19  22.16  23.27  22.54  22.66  22.41  23.64  22.86  22.83  22.44  23.39   
21.11  22.18  21.50  23.00  22.88  23.16  22.54  22.92  22.44  23.70  22.87  23.05  23.20  22.96  23.58  22.87   
21.33  21.58  22.76  23.39  22.08  23.54  23.35  23.53  23.07  23.30  23.85  23.34  24.04  23.44  23.54  23.04   
22.59  21.80  23.77  23.50  22.79  22.87  23.62  23.52  23.63  23.18  23.32  23.38  23.06  23.88  23.46  23.85   


0
21.98  21.70  22.41  22.53  21.96  22.82  22.92  23.03  23.18  22.74  22.49  22.94  22.36  23.19  22.97  23.21   
21.36  21.26  21.48  22.64  22.64  23.65  22.82  22.49  22.21  23.38  22.85  23.02  22.83  22.69  23.14  23.60   
22.29  21.68  22.74  23.03  22.21  23.20  22.80  23.71  23.25  23.27  23.62  22.45  23.22  23.54  23.11  23.46   
21.83  22.31  23.11  23.24  22.09  23.41  23.70  23.05  22.81  23.73  22.95  23.24  22.77  23.29  23.90  23.47   


0
21.68  21.71  22.03  22.90  22.32  22.26  22.82  23.04  23.63  22.42  22.17  22.95  22.49  22.69  23.26  22.44   
21.23  21.40  21.96  23.33  22.97  22.94  23.23  22.50  22.43  23.19  23.49  23.36  22.84  23.07  23.43  23.16   
21.88  21.56  21.92  22.82  22.06  23.52  23.02  23.02  22.95  23.18  23.02  23.11  23.46  22.69  22.98  23.63   
22.57  22.05  23.63  23.49  22.78  22.75  22.95  22.73  23.39  23.51  23.19  23.01  23.17  23.44  22.97  23.66   


0
21.99  20.71  22.68  22.90  21.85  23.29  22.38  22.93  23.41  22.42  22.51  23.18  22.84  23.07  22.99  22.12   
21.23  21.15  21.84  22.76  22.86  22.94  22.83  22.60  22.23  23.19  22.86  22.93  23.07  23.19  23.83  23.61   
21.60  21.31  21.68  23.37  21.75  23.00  23.65  23.62  23.06  23.50  23.53  23.01  23.34  23.67  23.53  23.63   
21.99  22.72  23.38  23.13  22.37  23.43  23.72  23.28  23.05  23.51  23.19  23.61  23.43  23.72  23.60  23.48   


0
22.32  22.30  22.32  23.05  23.16  23.31  21.95  23.29  22.89  22.67  22.53  22.52  22.40  23.23  23.29  23.25   
20.85  21.68  21.75  23.24  23.10  22.66  22.76  22.63  22.04  23.41  22.78  22.85  23.44  23.34  23.86  22.88   
21.90  21.59  22.54  22.73  21.93  23.96  23.36  23.35  23.08  22.89  22.84  22.92  22.44  22.96  23.42  23.50   
21.28  22.08  23.91  23.99  22.26  23.45  23.41  23.20  23.19  23.65  23.57  23.27  22.81  23.89  23.78  23.15   


0
22.17  21.59  22.71  23.29  22.58  22.86  22.96  23.18  22.56  22.67  22.86  23.54  23.22  23.23  23.15  23.41   
21.93  22.06  21.99  23.24  22.99  22.87  22.76  22.43  22.15  23.31  22.99  22.95  23.32  23.46  23.72  23.63   
22.19  21.59  22.30  23.18  21.93  23.13  23.05  23.35  23.39  23.52  23.46  22.60  23.60  23.21  23.28  23.80   
21.28  23.15  24.04  23.87  22.12  22.88  22.53  23.20  23.41  23.65  23.34  23.39  23.07  23.47  22.83  23.51   


0
22.58  21.70  22.54  23.61  22.66  23.05  21.92  23.25  23.29  22.74  23.05  23.16  22.83  23.06  22.42  22.11   
21.76  21.65  21.83  22.75  23.06  23.14  22.82  22.59  22.42  23.38  23.37  23.13  23.17  23.05  23.69  22.99   
21.87  22.18  22.50  23.25  21.73  23.20  23.74  23.41  23.35  22.54  23.42  22.99  22.75  23.17  23.38  23.46   
22.27  22.58  23.11  24.08  22.36  23.41  23.16  23.38  23.15  23.04  22.95  23.59  23.55  23.00  23.90  23.82   


0
22.58  21.41  22.41  22.53  22.19  23.28  22.70  22.92  23.07  22.85  22.82  23.05  23.07  22.93  22.97  22.90   
21.36  22.15  21.95  22.86  22.53  23.65  22.52  22.59  22.52  23.68  23.06  22.70  23.17  23.18  23.55  23.90   
22.43  22.05  22.03  22.59  22.05  23.41  23.22  23.61  23.45  23.27  22.80  22.99  23.45  23.78  22.70  23.32   
21.53  22.44  23.24  23.24  22.36  23.19  22.82  23.27  23.72  23.50  23.30  23.95  23.29  22.58  22.96  24.53   


0
22.27  21.40  22.40  22.52  22.18  23.26  22.68  23.68  22.73  22.62  22.59  22.69  22.35  23.30  22.82  21.78   
21.34  22.14  21.94  22.85  22.52  23.64  22.20  22.58  22.20  23.97  23.25  23.12  22.93  22.80  23.40  22.68   
22.41  22.04  22.02  22.57  22.04  23.39  23.10  22.90  23.03  23.05  22.89  22.77  23.09  23.52  22.96  22.70   
21.52  22.43  23.23  23.22  22.35  23.17  23.03  23.26  23.82  23.49  23.40  22.98  22.89  23.56  22.78  23.28   


0
21.21  21.13  22.41  22.53  22.89  23.05  22.70  23.69  22.74  22.63  22.60  22.71  22.48  23.19  22.70  23.52   
21.63  22.28  22.42  22.86  22.85  23.03  22.22  22.59  22.21  23.98  23.27  23.13  22.72  22.19  23.14  23.14   
22.43  21.68  22.50  23.03  21.57  23.72  23.12  22.91  23.04  23.06  22.90  22.78  23.10  23.05  23.38  23.17   
22.27  21.90  23.24  24.20  22.49  23.30  23.05  23.27  23.83  23.50  23.42  23.00  22.64  23.71  23.43  24.17   


0
21.80  21.24  22.12  22.87  22.05  22.45  22.67  23.33  23.04  21.84  22.47  22.45  22.45  23.16  22.67  23.50   
21.06  21.11  22.16  23.06  23.35  22.91  22.39  22.77  22.39  23.25  22.82  23.53  22.69  22.17  23.12  23.12   
22.12  21.78  22.12  23.56  21.23  23.28  23.09  23.08  23.02  23.46  23.19  23.29  23.08  23.02  23.35  23.14   
21.80  22.28  23.34  23.69  21.65  23.16  23.02  23.36  22.90  23.25  23.04  23.09  22.62  23.69  23.41  24.15   


0
21.95  21.24  22.38  22.62  22.17  23.25  21.89  23.11  23.26  22.72  22.25  22.91  22.57  22.78  22.25  22.87   
21.46  21.87  22.28  22.72  22.83  22.80  22.59  22.57  22.70  23.15  23.45  22.46  22.81  22.29  23.26  23.57   
21.98  21.65  22.71  23.00  21.55  23.07  22.78  22.98  23.02  23.25  23.50  23.40  23.19  23.14  22.81  23.29   
21.51  22.28  23.72  23.93  22.47  23.05  23.35  23.03  23.24  23.36  23.16  23.21  22.75  23.40  23.41  22.91   


0
