
0
21.47  22.22  22.64  22.27  21.94  22.69  22.02  23.13  22.73  22.29  22.59  23.26  22.10  22.90  22.94  22.21   
20.51  21.62  22.52  22.28  22.74  23.13  22.72  22.69  22.52  23.38  22.94  23.02  22.47  22.41  23.24  22.18   
22.25  21.53  22.48  23.24  21.52  23.09  22.90  23.21  22.73  22.53  23.21  22.45  23.20  23.27  22.80  22.22   
21.64  22.68  23.47  22.97  22.87  22.83  23.14  22.60  22.56  23.14  23.05  23.45  23.13  23.24  22.90  23.57   


0
22.03  21.18  22.07  22.34  22.12  22.76  23.08  23.30  22.57  22.79  22.43  22.76  23.12  23.75  23.16  23.11   
22.08  22.08  22.24  22.80  23.22  23.39  22.16  22.54  22.57  23.43  22.68  22.75  22.88  23.59  23.74  24.25   
22.76  20.84  21.72  23.30  20.82  23.25  22.75  23.36  23.20  22.80  23.06  23.26  23.50  23.46  23.70  23.81   
22.03  21.82  23.80  23.29  22.14  23.35  23.20  23.54  23.77  23.77  23.11  23.64  22.82  24.32  23.64  24.75   


0
21.90  21.63  22.36  22.48  22.15  23.24  22.44  23.21  22.81  22.49  22.79  23.01  22.79  22.88  22.22  22.66   
21.57  22.23  21.91  23.05  22.61  23.21  22.39  22.77  22.91  23.15  23.34  22.89  22.79  22.88  22.54  23.22   
21.52  22.00  22.46  22.99  21.65  23.06  23.50  23.18  23.53  23.24  22.87  23.28  22.94  23.00  22.63  23.39   
22.05  21.85  23.06  23.67  22.30  22.92  22.90  23.35  23.11  23.69  23.61  22.71  23.49  23.36  23.66  23.72   


0
21.61  21.08  21.58  22.74  22.40  22.45  22.45  23.00  22.61  22.61  22.25  22.45  22.45  23.79  22.65  22.52   
21.31  22.12  22.16  22.50  23.47  22.81  22.51  22.78  22.61  23.36  23.04  23.00  22.58  23.39  22.96  23.23   
22.24  21.89  22.00  23.45  21.82  22.87  22.89  23.10  23.23  23.05  23.30  22.97  23.07  23.62  23.19  22.66   
21.92  21.99  23.07  23.08  21.77  23.16  22.58  22.81  23.23  22.90  23.15  23.56  22.86  23.51  23.36  23.91   


0
21.42  21.46  22.20  22.21  22.24  23.67  22.52  22.97  22.79  23.23  22.76  23.10  22.29  22.73  22.33  22.95   
21.41  21.57  21.77  22.35  22.37  23.19  22.77  22.64  22.26  23.02  22.47  22.75  22.77  23.10  23.06  22.89   
21.78  21.98  21.96  23.08  21.30  23.25  22.96  23.56  22.48  23.01  23.36  22.72  23.03  23.10  22.61  22.62   
21.73  22.36  23.16  22.80  21.73  22.90  23.09  22.88  23.65  23.89  23.47  23.28  23.21  23.76  23.95  23.34   


0
22.31  20.58  22.43  22.31  22.45  22.62  22.39  23.50  22.65  22.11  21.96  22.73  22.86  22.83  22.44  22.77   
20.97  21.93  21.86  23.11  22.98  22.54  22.24  22.41  21.93  23.50  23.29  23.05  23.20  23.32  22.76  22.87   
22.17  22.33  21.58  23.27  21.92  22.81  23.45  23.23  23.17  23.09  23.24  23.13  23.12  23.56  22.17  23.64   
20.97  22.07  23.52  23.74  21.43  22.76  23.18  22.86  22.83  23.64  23.32  22.90  23.32  23.73  23.14  23.49   


0
22.00  21.72  21.91  23.04  22.22  22.50  22.61  22.94  22.98  22.55  22.52  22.73  22.03  22.96  22.17  22.92   
21.52  22.05  22.33  23.11  22.98  23.16  22.64  22.62  22.34  23.30  23.19  22.41  22.74  22.71  22.90  23.32   
22.03  21.58  21.70  22.61  21.92  23.43  22.93  23.13  22.86  23.09  23.03  22.59  22.55  23.44  22.72  23.49   
21.71  22.47  23.39  23.50  22.66  23.21  22.85  22.53  23.17  22.95  23.09  22.90  23.06  22.75  24.40  23.32   


0
22.08  21.80  21.99  23.11  22.29  22.58  22.69  23.24  22.40  22.29  22.37  22.81  22.10  23.16  22.80  23.16   
21.59  22.13  22.41  23.19  23.06  23.03  22.92  22.19  22.73  23.17  23.05  22.80  22.93  22.41  23.24  22.79   
22.11  21.65  21.77  22.69  21.99  23.40  22.80  23.31  23.04  23.37  23.00  22.55  22.85  23.39  22.52  23.12   
21.78  22.55  23.47  23.58  22.73  22.83  22.81  22.93  23.25  23.48  23.16  23.09  23.00  23.10  22.90  23.04   


0
22.23  20.95  22.77  22.14  22.41  22.81  22.69  23.24  22.40  22.29  22.37  22.81  22.58  23.42  22.24  21.58   
21.32  21.24  21.93  22.85  22.42  23.03  22.92  22.19  22.73  23.17  23.05  22.80  23.50  22.79  22.84  23.25   
21.55  21.65  22.37  23.02  21.68  23.40  22.80  23.31  23.04  23.37  23.00  22.99  23.20  23.64  22.66  22.82   
21.49  21.74  23.09  23.22  22.87  22.83  22.81  22.93  23.25  23.48  23.16  22.97  23.13  23.10  24.00  24.45   


0
21.29  21.35  22.62  22.72  22.62  23.35  22.10  23.32  22.92  22.27  23.34  22.78  22.55  23.39  22.22  21.55   
20.89  21.60  22.38  23.16  22.93  23.52  22.39  22.77  22.70  23.25  22.81  22.46  23.47  22.76  22.81  23.22   
21.94  21.63  22.93  23.43  21.97  23.06  23.09  23.48  23.02  23.14  22.98  22.96  23.17  23.61  22.63  22.79   
21.61  22.25  23.44  23.79  22.57  23.04  23.12  23.13  23.34  23.00  23.37  22.95  23.11  23.08  23.98  24.43   


0
21.14  21.63  21.83  22.72  22.50  23.24  22.21  23.55  23.03  22.16  22.24  22.44  22.67  23.26  22.22  22.03   
21.16  21.47  22.14  22.94  22.71  22.90  22.90  22.57  22.39  23.55  21.96  22.89  22.68  23.37  23.22  22.92   
21.66  21.25  21.99  22.77  21.33  23.17  22.67  23.68  23.42  23.66  22.67  23.39  23.40  23.37  22.91  22.79   
21.32  21.58  23.44  23.19  22.71  23.49  22.79  22.91  22.77  23.57  23.61  22.71  22.85  24.06  23.03  23.72   


0
21.44  21.77  22.49  23.21  22.03  23.24  22.10  22.88  22.70  21.94  22.13  23.13  22.55  23.14  23.19  22.19   
21.30  21.85  22.03  22.71  22.93  23.31  23.20  22.77  22.39  23.45  22.81  23.21  23.47  22.88  22.40  22.61   
21.94  21.50  22.10  22.77  22.29  22.96  22.88  23.38  23.22  23.14  23.29  22.42  22.83  23.73  23.45  22.49   
22.34  21.85  23.57  23.43  22.16  22.47  23.12  23.46  23.11  23.00  23.37  23.31  22.98  23.08  23.03  22.83   


0
22.52  21.93  21.58  22.37  22.28  22.79  22.12  22.67  23.05  21.84  22.69  23.02  22.92  23.15  22.37  22.67   
21.31  21.23  22.04  22.95  22.51  23.22  22.40  22.68  22.82  23.06  22.83  22.47  23.15  23.02  24.04  23.68   
21.53  21.14  22.00  23.23  21.98  22.87  23.51  23.20  23.23  23.46  23.20  23.19  22.96  22.76  22.65  22.51   
21.18  23.20  23.33  23.08  22.04  23.39  22.36  23.25  23.23  23.36  23.39  22.84  22.73  23.51  23.99  23.38   


0
22.01  21.59  21.53  22.93  21.76  22.86  21.73  23.29  22.34  22.45  22.97  22.63  22.40  22.33  23.01  22.46   
20.99  21.81  21.63  22.90  22.78  23.28  22.86  22.53  22.35  23.21  22.78  22.74  22.64  22.97  22.91  23.18   
22.05  21.46  22.54  22.96  20.97  23.24  23.05  23.15  22.36  23.21  23.15  23.03  22.91  23.45  23.14  23.80   
21.72  21.81  23.53  23.75  21.99  23.11  22.75  23.31  23.19  23.31  23.34  22.67  22.81  23.32  22.99  22.97   


0
21.75  21.06  21.96  22.12  23.20  23.58  22.77  23.32  22.92  22.27  22.79  23.24  22.91  23.39  23.05  22.82   
21.16  21.98  22.03  22.48  23.14  23.11  22.49  22.57  22.60  23.45  23.03  23.10  22.79  22.76  23.22  23.37   
21.38  21.75  22.34  22.77  21.49  23.38  23.19  23.58  23.42  23.14  22.77  22.96  23.29  22.87  23.04  22.79   
21.61  22.79  23.44  23.31  22.16  23.04  22.90  22.91  23.34  23.69  23.61  22.95  23.37  23.92  23.66  24.60   


0
21.48  21.53  23.17  22.52  22.30  23.05  22.70  23.36  23.07  22.85  22.72  23.05  22.71  23.05  22.95  22.54   
21.47  21.51  22.18  22.64  22.96  22.84  23.03  22.60  22.32  23.29  22.75  23.56  22.60  23.04  23.12  22.80   
22.26  22.04  22.85  22.59  22.32  23.00  23.23  23.72  23.46  23.80  23.63  23.11  23.56  23.03  23.35  22.83   
21.94  22.42  23.86  23.59  22.88  23.41  23.16  23.05  23.26  23.50  23.18  23.11  23.02  23.68  23.23  23.58   


0
22.21  22.20  22.87  22.12  22.27  23.35  22.21  23.88  23.03  22.49  22.68  22.78  22.31  22.62  22.50  22.97   
21.70  22.10  22.03  22.94  22.39  22.90  22.29  22.67  22.60  23.55  23.34  22.99  22.91  23.25  23.76  22.77   
21.80  21.38  21.87  23.10  21.81  23.79  22.88  23.18  22.81  23.35  23.29  23.07  22.36  23.61  23.04  23.54   
21.76  22.25  22.93  23.79  21.89  23.38  23.01  22.58  22.54  23.35  23.02  23.55  22.46  23.36  23.19  23.37   


0
22.33  21.18  22.46  23.06  22.59  22.53  22.75  23.85  22.13  22.13  22.87  22.64  22.64  23.24  22.61  22.00   
21.00  21.82  22.00  22.12  22.79  23.19  22.87  22.34  22.78  23.33  23.00  22.86  22.88  22.86  23.74  23.19   
22.48  21.48  22.43  22.75  21.78  22.83  23.17  23.36  23.20  23.53  22.74  22.50  23.38  23.22  22.88  23.07   
21.88  21.82  23.54  22.92  22.00  22.78  22.98  23.10  22.97  23.32  22.88  21.96  23.47  23.62  23.64  23.16   


0
21.74  21.48  22.73  22.71  22.60  23.00  22.98  23.31  22.91  22.91  22.89  23.11  22.89  22.48  22.90  22.65   
20.88  21.71  22.25  22.93  22.38  23.51  23.18  22.05  22.58  23.34  22.70  22.98  23.01  22.50  23.75  23.66   
21.79  21.87  22.33  23.20  21.32  23.36  23.28  23.67  22.59  23.23  23.38  22.52  22.81  23.72  23.30  23.08   
21.45  22.24  23.43  23.78  22.29  23.48  23.44  22.78  23.44  22.99  22.89  23.06  23.09  23.77  23.18  23.53   


0
21.75  21.77  22.23  22.97  22.50  22.78  22.77  23.43  23.03  22.71  22.90  22.90  22.67  23.01  22.50  21.87   
21.70  21.98  21.67  23.05  22.50  23.21  22.80  22.87  22.70  23.65  22.81  22.89  22.79  23.86  23.22  23.37   
21.94  22.00  22.22  22.88  21.17  23.38  22.67  23.48  23.02  22.93  23.29  23.07  22.94  23.24  22.22  23.24   
21.32  22.25  22.81  23.31  22.57  23.04  23.56  23.02  22.88  23.23  23.61  22.71  23.11  22.94  23.98  23.01   


0
22.36  21.63  22.74  23.09  22.27  23.69  22.44  23.21  23.25  22.82  23.01  23.24  22.20  23.01  23.19  23.29   
21.57  22.10  21.44  23.16  23.45  23.31  22.59  23.17  22.70  23.45  22.92  22.67  23.13  23.37  22.81  23.07   
21.80  22.00  21.99  22.99  22.13  23.48  23.19  23.58  22.81  23.14  23.39  23.39  23.17  22.50  22.36  23.24   
21.61  21.85  23.57  23.19  22.30  23.60  23.12  23.02  22.99  23.46  23.14  22.83  23.62  22.79  23.51  23.72   


0
22.84  21.80  21.86  22.63  22.53  23.26  22.24  22.68  23.06  22.18  22.04  22.69  22.46  22.13  22.94  23.00   
21.19  21.88  22.64  23.08  22.84  23.55  22.72  22.79  22.52  23.68  23.26  23.23  22.93  23.52  22.56  22.94   
21.55  21.78  22.25  22.91  22.15  23.40  22.90  23.21  23.25  23.48  23.41  23.31  24.00  23.51  23.61  23.56   
21.34  22.41  23.21  23.22  22.60  23.74  22.92  22.71  23.25  23.60  23.28  22.85  23.00  23.24  23.85  24.27   


0
22.34  22.04  23.25  22.59  22.49  22.54  22.20  22.87  22.69  22.36  22.33  22.77  22.66  23.00  22.90  23.59   
21.15  21.96  22.37  23.49  23.12  22.79  22.78  22.55  23.00  23.44  22.59  22.98  22.89  23.36  22.66  23.81   
21.79  21.11  22.56  22.98  21.64  22.95  22.87  23.37  23.41  23.23  23.38  22.84  23.51  23.35  22.62  23.23   
22.04  22.64  23.68  23.18  22.69  23.14  23.00  23.11  23.89  23.90  23.59  23.18  22.71  22.92  23.18  23.35   


0
22.97  21.36  22.76  22.37  22.86  23.25  22.56  23.45  22.94  22.94  22.69  23.25  22.56  23.28  23.34  23.30   
21.31  21.86  21.80  23.63  22.62  23.53  22.81  22.78  23.02  23.87  22.72  22.58  23.15  22.53  23.64  23.38   
21.68  20.88  22.47  23.01  21.50  23.08  23.31  22.89  22.93  23.15  23.30  23.40  23.42  23.01  23.19  22.96   
21.62  22.53  23.71  23.68  22.31  23.50  23.35  23.14  22.66  23.24  23.27  22.60  23.12  23.23  23.04  23.56   


0
22.69  22.22  22.38  22.63  22.41  23.38  22.13  23.46  23.17  22.40  22.70  22.92  22.46  23.03  22.38  22.53   
21.73  21.88  21.82  22.51  22.84  23.24  22.62  22.69  23.44  23.48  23.05  22.91  23.04  22.79  23.11  23.25   
22.11  22.03  22.95  22.46  21.99  23.40  23.11  23.31  23.14  23.27  23.83  23.20  23.08  23.39  22.66  23.56   
21.49  21.47  23.21  23.46  22.05  22.83  23.03  23.48  23.81  22.91  24.21  22.97  23.13  23.53  23.69  24.10   


0
22.18  21.61  21.81  23.30  22.36  22.87  22.19  23.41  23.23  22.35  22.98  22.87  22.29  22.98  21.91  22.63   
21.81  21.82  21.53  23.14  23.22  23.08  22.67  22.84  22.57  23.43  22.58  22.86  22.88  22.98  23.06  22.89   
22.20  21.48  21.84  23.08  20.50  23.25  23.58  23.66  22.89  23.43  22.74  22.83  23.26  23.59  22.88  22.62   
21.59  22.49  23.42  23.65  21.45  23.46  23.09  22.66  23.54  23.43  23.11  23.16  22.82  23.34  23.32  24.05   


0
21.77  21.66  22.51  22.75  22.76  23.15  22.69  23.24  22.95  22.51  22.37  23.49  22.93  22.90  23.49  22.84   
21.32  22.25  22.17  22.51  22.63  23.34  22.32  22.79  22.42  23.68  22.73  22.91  23.39  23.03  23.38  23.55   
21.83  21.53  22.01  22.69  21.68  23.61  23.42  23.31  23.25  23.58  23.31  23.20  22.85  23.27  22.80  23.12   
21.93  23.21  23.34  23.70  22.46  23.29  22.92  22.82  23.47  23.48  23.98  22.97  23.13  23.67  23.53  23.39   


0
22.24  21.81  21.87  22.40  21.95  23.73  22.59  23.36  22.52  22.31  22.83  23.50  22.59  23.56  22.67  22.54   
22.01  22.52  22.06  22.98  22.96  23.45  23.03  22.91  22.74  23.39  23.06  22.71  23.40  23.41  23.12  23.11   
21.84  21.67  22.02  23.36  21.05  23.21  23.02  23.62  23.05  23.70  23.22  22.57  23.21  23.40  23.08  24.47   
21.80  22.69  23.61  23.59  22.34  23.07  22.94  23.71  24.05  23.61  23.06  23.70  23.14  23.68  24.17  23.23   


0
21.60  21.21  22.87  22.72  22.50  23.24  22.88  22.99  23.03  22.27  23.01  23.13  22.79  23.01  22.63  22.34   
21.43  21.85  21.55  23.28  22.71  23.11  22.59  22.67  22.60  23.45  22.81  22.67  23.02  23.13  23.36  23.37   
21.52  22.25  22.22  22.88  21.17  23.17  23.19  23.48  23.53  22.61  23.49  22.85  23.06  23.00  22.91  23.39   
22.05  21.98  23.19  23.79  22.43  22.81  22.90  23.57  23.68  23.69  23.14  23.19  23.49  23.36  23.51  24.07   


0
21.95  21.12  22.15  23.14  22.55  23.29  22.60  23.04  22.64  22.43  22.18  23.40  22.84  23.06  23.10  23.81   
20.94  21.77  22.43  23.10  22.98  23.57  22.85  22.41  22.65  22.79  23.08  22.61  22.84  23.06  23.68  23.57   
21.85  21.93  22.27  22.82  22.02  23.74  23.34  23.63  22.66  22.87  23.44  22.79  23.34  23.05  23.23  23.14   
22.10  22.84  22.86  23.72  21.80  23.09  23.17  23.29  23.50  23.85  23.31  22.88  23.03  23.27  23.87  23.59   


0
22.07  21.36  22.50  22.74  23.09  23.25  22.23  23.11  22.94  22.50  22.58  23.48  22.56  23.15  22.09  22.99   
21.17  21.61  22.39  22.27  22.83  22.71  22.61  22.98  22.71  23.36  23.35  23.00  22.58  22.53  22.96  23.08   
21.82  21.39  22.12  23.12  21.50  23.18  23.31  23.89  23.33  23.25  23.09  22.54  23.07  23.13  23.19  23.70   
22.06  22.40  23.46  23.56  22.31  23.73  23.35  22.59  23.23  23.81  23.15  23.44  23.12  23.37  23.36  23.91   


0
21.76  21.64  22.37  22.86  22.40  23.02  22.12  23.45  22.72  22.72  22.47  23.25  22.45  23.28  22.37  22.99   
21.17  22.37  21.92  22.84  23.36  23.22  23.01  22.78  22.51  23.26  23.14  22.36  23.37  22.90  23.50  23.38   
21.82  21.77  21.76  22.78  21.82  22.97  23.10  23.70  22.82  23.36  23.40  22.65  23.42  23.01  23.47  23.70   
22.65  22.80  23.33  23.08  22.45  23.39  23.02  23.36  23.35  23.36  23.39  22.60  22.34  23.37  23.04  23.73   


0
21.74  21.62  22.34  22.83  22.37  23.00  22.09  23.31  22.69  22.47  21.89  23.11  22.30  23.00  22.34  22.80   
21.15  22.34  21.90  22.81  23.34  23.20  22.38  22.96  22.58  23.34  22.59  22.44  23.46  23.36  23.21  22.91   
21.79  21.74  21.74  22.76  21.80  22.95  22.87  23.97  23.21  23.44  22.96  22.62  22.81  23.35  23.44  22.78   
22.62  22.77  23.30  23.06  22.42  23.36  23.55  23.55  23.89  23.79  23.01  23.89  22.71  22.92  22.86  23.18   


0
21.94  21.39  22.65  23.00  22.30  23.05  22.25  23.36  22.74  22.52  21.94  23.16  23.18  23.17  23.36  23.33   
21.88  21.89  22.18  22.98  22.43  23.66  22.43  23.01  22.63  23.39  22.64  22.49  22.49  23.17  23.39  22.96   
22.68  22.29  21.91  23.03  21.21  23.83  22.92  24.02  23.26  23.49  23.01  22.67  23.21  22.79  23.08  23.13   
22.09  22.69  23.23  23.71  23.01  23.19  23.60  23.60  23.94  23.84  23.06  23.94  23.02  22.69  23.54  23.23   


0
22.94  21.89  23.37  22.82  22.36  22.98  22.30  23.30  22.57  22.24  22.65  22.87  23.12  23.11  23.30  23.26   
21.14  21.57  22.12  23.03  22.79  22.88  22.57  22.34  22.68  23.53  23.00  22.54  22.42  23.10  23.33  22.89   
21.78  21.48  22.20  22.97  22.58  23.14  23.27  23.26  22.89  23.53  23.26  22.50  23.15  22.73  23.02  23.07   
21.73  21.82  23.67  23.16  22.27  22.78  22.98  22.77  23.20  23.21  23.11  23.28  22.95  22.63  23.48  23.16   


0
21.91  22.21  22.76  23.34  22.40  23.36  22.56  23.23  23.16  22.83  22.69  23.48  22.45  22.12  22.92  22.52   
21.17  21.48  21.80  22.72  22.30  23.33  23.21  22.78  22.51  23.06  22.83  22.79  22.58  22.77  23.10  23.08   
22.10  21.51  22.00  22.89  22.30  23.08  22.99  23.30  22.82  23.46  22.88  22.76  22.61  23.99  23.06  23.70   
21.77  22.13  23.33  23.92  22.31  23.05  23.24  23.25  23.12  23.70  23.03  23.44  23.63  23.66  22.88  23.38   


0
21.60  21.06  22.23  22.48  22.38  22.90  22.10  22.55  22.04  22.82  22.35  22.78  22.91  23.01  23.05  23.13   
21.43  22.10  22.14  23.50  22.71  23.52  22.59  22.67  22.49  23.25  23.24  22.89  22.68  22.64  23.76  22.77   
22.22  21.75  22.58  23.43  22.13  23.58  23.19  23.18  23.02  23.45  23.18  22.85  23.06  23.12  23.72  23.54   
21.02  21.85  23.19  23.43  22.71  23.15  23.56  23.24  23.56  23.35  24.07  22.59  23.24  22.79  23.82  23.19   


0
22.04  22.18  22.08  22.59  22.95  23.45  22.65  23.53  22.80  22.47  23.00  22.31  22.42  22.87  23.04  23.12   
21.15  22.34  21.66  23.49  22.81  23.10  22.58  22.75  22.27  23.34  23.22  23.09  23.46  23.24  23.21  23.51   
20.94  21.87  21.97  23.42  20.67  23.05  22.87  23.77  23.11  23.44  23.27  23.06  23.85  23.35  23.71  23.23   
22.19  22.64  23.43  23.66  22.42  22.91  23.00  22.89  23.55  23.22  23.36  22.94  22.97  23.63  23.97  24.59   


0
22.66  22.48  22.09  23.09  22.85  23.92  22.77  23.88  22.81  22.27  22.46  23.13  22.79  23.39  23.05  23.29   
21.84  21.21  22.14  22.83  22.71  23.21  22.29  22.46  22.29  23.45  23.03  22.13  22.91  23.13  23.63  23.07   
22.08  21.88  22.34  22.99  21.81  23.38  23.50  23.28  22.81  23.35  23.29  22.74  23.40  23.37  22.91  24.13   
21.76  22.39  23.82  23.31  21.89  23.04  23.89  22.91  23.56  23.46  22.67  22.95  23.11  23.78  24.14  23.54   


0
22.32  21.59  22.58  23.17  22.70  23.54  21.95  23.73  22.45  22.78  22.20  23.09  22.63  22.59  22.87  22.15   
21.26  21.94  21.63  23.01  22.78  23.07  22.96  22.73  22.35  23.11  22.46  22.85  23.10  22.60  23.32  22.27   
21.48  21.97  22.54  23.29  21.45  23.03  23.26  23.35  23.39  23.21  22.84  22.82  23.14  22.84  22.73  22.91   
21.72  21.81  22.90  23.63  21.99  22.43  22.75  22.98  23.30  23.65  22.40  22.91  22.16  22.90  22.83  23.33   


0
22.51  22.06  22.62  23.57  23.31  24.26  22.88  24.21  22.70  23.14  22.35  22.55  22.43  22.75  22.63  22.97   
21.70  21.72  22.96  22.83  22.93  23.93  23.80  23.27  23.32  23.05  22.81  22.13  23.25  23.13  23.22  23.07   
21.38  22.25  22.22  23.54  22.29  23.90  23.60  23.08  22.91  22.82  23.18  22.85  23.40  23.61  22.91  23.24   
22.20  22.79  23.19  23.43  22.57  23.38  22.90  22.80  23.45  23.12  23.84  23.19  23.24  23.08  23.19  23.19   


0
21.89  22.32  25.92  26.04  26.04  25.48  24.19  25.82  25.29  24.22  23.98  22.77  22.66  23.25  23.73  23.28   
21.83  22.09  24.11  25.39  24.90  25.84  24.18  24.45  25.43  24.14  24.27  23.09  23.35  22.38  23.48  23.51   
22.21  21.61  23.39  24.63  23.22  25.12  24.52  25.35  25.13  23.75  23.27  23.27  22.58  23.35  23.58  24.12   
21.60  22.64  23.18  23.90  24.04  24.82  24.09  24.97  25.24  24.01  23.59  23.66  22.84  23.63  23.18  24.06   


0
22.41  22.11  23.44  23.97  23.71  24.98  24.91  25.78  26.31  26.62  27.05  26.31  23.07  23.95  22.69  23.81   
21.48  21.90  22.78  25.78  25.28  26.80  25.33  24.32  25.49  25.89  26.19  25.26  23.52  23.55  23.13  22.97   
21.85  22.43  24.03  25.56  26.99  26.90  26.00  25.12  25.69  25.98  25.38  24.29  23.68  22.80  23.50  23.14   
21.81  22.71  24.25  26.91  26.48  26.32  26.73  24.92  26.08  25.20  24.24  23.48  23.29  23.69  23.71  24.82   


0
22.21  22.34  22.74  22.72  22.97  23.12  23.65  24.64  23.03  23.14  23.78  24.60  22.91  23.77  22.63  22.82   
21.30  21.85  22.03  23.05  23.45  23.01  24.09  24.67  24.13  25.55  25.32  25.63  23.59  22.76  24.03  23.22   
21.80  22.25  22.22  23.65  21.81  24.72  24.63  25.36  25.54  25.93  26.13  26.14  24.44  23.49  23.59  23.98   
21.02  22.12  23.44  23.55  23.79  25.06  25.19  25.30  26.25  27.36  26.82  26.14  25.28  22.94  24.29  24.25   


0
21.79  21.95  22.39  22.76  22.77  23.62  22.48  23.69  23.29  23.18  22.83  23.16  22.71  23.17  23.50  23.64   
21.20  22.14  21.83  23.65  22.86  23.35  23.33  23.31  23.05  23.79  23.27  23.03  22.94  23.53  23.93  23.41   
21.84  21.54  22.38  23.25  22.32  23.41  23.54  24.51  23.16  23.59  23.53  24.07  23.67  23.65  23.49  22.98   
22.24  22.56  23.10  23.71  22.74  23.19  23.49  24.80  24.50  24.85  24.69  24.42  24.93  23.26  23.86  23.93   


0
23.48  21.55  22.68  23.03  23.03  23.53  22.17  23.28  22.77  22.99  22.85  23.19  22.38  23.20  23.80  22.72   
21.09  22.67  22.68  23.34  22.56  22.96  22.56  22.93  22.35  23.11  23.09  23.05  23.42  23.31  23.42  23.28   
22.29  21.82  22.40  22.83  22.67  23.13  22.84  23.94  23.28  23.51  23.14  23.35  23.58  23.06  23.92  23.90   
21.82  22.05  23.25  23.85  23.04  22.98  23.51  23.52  23.62  24.31  23.90  23.37  23.56  23.70  23.57  22.89   


0
22.80  22.18  22.86  23.43  22.49  23.00  22.65  22.42  22.58  22.91  22.11  23.23  22.66  22.48  22.76  23.12   
21.15  21.84  21.90  22.13  23.23  23.20  22.88  22.65  22.89  23.54  23.43  22.98  23.12  23.48  23.61  24.11   
21.65  22.37  21.62  22.54  21.96  23.36  22.97  23.37  23.21  22.81  22.76  23.06  22.47  23.84  23.03  23.53   
21.75  22.10  23.94  23.66  22.56  23.81  23.44  23.33  23.89  23.79  23.83  23.06  23.35  22.92  23.81  23.35   


0
22.34  21.90  22.08  22.47  22.72  23.34  22.20  23.42  22.69  22.25  22.67  23.11  22.06  22.87  22.76  22.49   
21.42  21.58  22.37  22.81  22.59  23.20  22.88  23.06  22.17  23.54  23.01  22.66  23.35  22.99  23.61  22.75   
22.07  21.99  22.45  23.31  22.43  23.26  22.97  23.47  23.31  23.44  24.10  23.59  23.85  23.35  22.62  23.82   
21.60  21.83  22.67  23.18  22.56  23.59  23.33  23.22  23.32  23.33  23.24  22.94  23.74  22.36  23.65  23.53   


0
21.44  21.35  22.09  22.72  22.85  22.32  22.88  23.32  22.37  22.38  22.68  22.67  22.31  23.01  22.77  23.13   
21.70  21.60  22.03  22.94  22.82  22.80  23.10  22.87  22.08  22.95  22.81  22.67  23.02  22.88  23.22  22.77   
21.94  22.00  22.10  22.99  21.49  23.79  22.98  23.58  22.71  23.03  22.87  22.64  23.52  23.61  23.59  22.94   
21.76  22.65  23.19  23.55  22.16  22.92  23.01  23.13  23.11  23.46  23.14  23.07  23.24  23.08  23.03  24.60   


0
22.52  21.79  23.15  22.62  22.28  22.68  22.89  22.78  22.28  22.28  22.58  22.91  22.45  23.40  23.20  23.46   
21.17  21.74  22.04  23.06  22.73  23.33  22.51  22.78  22.40  23.46  22.72  22.79  22.92  22.53  23.64  23.23   
21.68  21.39  21.88  23.45  21.66  23.80  23.10  23.89  23.74  23.36  23.30  22.86  23.07  22.39  22.51  23.55   
21.03  21.86  23.71  23.32  21.63  23.05  23.35  23.25  23.58  23.58  22.92  22.96  23.25  23.37  23.52  25.14   


0
22.38  21.37  22.38  22.75  22.87  22.58  22.46  23.24  23.06  22.62  22.70  23.04  22.81  23.67  22.52  23.16   
22.13  21.88  21.70  22.74  22.74  23.03  22.72  22.49  22.52  23.48  23.26  23.55  23.16  23.64  22.56  23.85   
21.55  21.90  21.65  23.24  21.99  22.98  23.32  23.31  23.04  23.16  23.10  22.99  23.20  23.51  23.48  23.56   
21.49  22.81  22.71  23.34  22.05  23.29  22.92  22.71  23.81  24.05  23.52  22.97  23.26  23.95  22.90  22.68   


0
22.36  22.20  22.74  23.21  22.38  23.35  22.88  23.55  23.25  22.60  22.90  23.35  22.55  22.75  23.19  22.50   
21.03  22.36  21.67  23.05  22.93  22.90  22.39  22.87  22.80  23.55  23.66  23.53  23.25  23.01  23.08  23.82   
21.10  21.88  22.46  23.32  21.81  23.27  23.09  23.68  23.32  23.03  22.98  22.31  23.40  23.12  23.45  23.24   
21.76  22.39  23.44  23.67  21.89  23.26  23.56  23.35  23.68  23.91  23.96  23.31  22.33  23.36  22.71  23.54   


0
22.19  21.76  22.73  22.83  23.30  23.45  22.43  23.20  22.91  22.03  22.67  23.00  23.13  23.12  22.34  22.33   
21.83  22.22  22.13  23.04  22.17  23.41  22.78  22.45  22.38  23.14  22.80  22.66  22.78  23.24  23.48  23.06   
21.93  22.24  21.85  23.53  21.32  23.36  23.59  23.87  22.90  23.75  22.96  23.06  22.93  23.11  24.39  23.08   
22.33  21.97  22.92  23.78  22.29  23.81  22.67  23.22  23.89  24.01  23.36  22.82  23.99  23.07  22.86  23.53   


0
22.85  21.53  23.17  23.24  22.42  22.59  22.59  22.92  22.96  22.31  22.94  23.50  22.11  23.43  23.23  23.48   
22.42  21.76  21.83  23.43  22.96  23.15  22.63  22.30  21.60  23.49  22.96  23.03  23.62  22.55  23.53  22.65   
21.42  21.54  22.14  23.25  21.37  23.83  23.33  23.32  23.26  23.38  23.22  22.78  23.44  23.53  23.90  24.02   
21.94  22.69  23.61  23.35  22.74  23.53  22.50  23.05  23.37  23.72  23.76  23.11  23.14  23.12  23.23  24.11   


0
22.21  21.35  22.36  23.21  22.85  23.24  22.21  23.10  22.48  21.94  22.13  23.13  22.67  23.14  23.19  22.82   
21.70  22.23  22.38  23.28  23.03  22.90  22.29  22.36  22.70  23.15  22.92  22.78  22.79  23.25  23.63  23.82   
21.94  21.75  22.46  22.99  22.29  22.85  23.50  23.48  22.81  23.24  22.98  22.96  23.29  23.37  23.45  22.64   
21.76  22.52  23.44  23.43  22.43  23.04  22.57  22.80  23.56  23.80  23.02  23.19  22.20  23.50  23.19  23.54   


0
22.22  21.22  22.63  23.10  22.40  23.02  22.45  23.34  22.72  22.39  22.47  23.02  22.68  23.15  23.06  22.83   
21.85  21.74  22.16  22.95  23.15  23.33  23.01  22.98  22.30  23.16  22.61  22.58  23.71  23.51  23.37  23.68   
22.10  21.39  22.35  23.34  21.66  23.80  23.41  23.70  22.62  23.57  22.99  22.65  23.30  23.13  23.47  23.40   
21.77  22.93  23.71  23.44  21.77  23.05  23.79  23.03  23.46  24.04  23.50  23.32  23.25  23.23  23.20  23.20   


0
22.37  21.64  23.02  23.10  22.51  23.25  22.56  23.11  23.16  22.17  22.91  23.02  23.04  22.89  23.06  23.46   
21.31  22.24  21.57  22.95  22.30  23.74  22.71  22.68  22.09  23.56  22.93  23.11  23.03  23.02  23.37  23.83   
21.53  22.14  22.94  23.23  21.98  23.70  23.51  23.30  23.13  23.25  22.57  23.19  23.07  23.01  23.33  23.25   
22.06  22.53  23.20  23.80  22.18  23.16  23.35  22.92  23.46  23.36  23.27  23.32  23.12  23.94  23.36  24.61   


0
22.34  21.62  22.99  23.07  22.49  23.23  22.43  24.19  22.80  22.69  23.22  23.23  22.54  23.25  23.18  23.12   
21.28  22.22  21.54  22.93  22.28  23.71  22.88  22.96  22.27  23.44  23.33  23.09  23.01  23.24  23.48  23.06   
21.51  22.12  22.92  23.20  21.96  23.68  23.49  23.77  23.41  23.75  23.27  23.27  23.51  23.11  23.85  23.23   
22.04  22.51  23.18  23.78  22.15  23.14  23.00  23.11  23.44  24.24  22.89  23.77  22.84  23.77  23.18  23.35   


0
22.37  21.79  23.02  23.58  22.86  23.48  22.45  24.22  22.83  22.72  23.24  23.25  22.45  23.28  22.92  22.52   
21.99  22.37  21.92  22.72  23.04  23.53  22.91  22.98  22.30  23.46  23.35  23.11  23.60  23.26  24.45  23.83   
22.38  22.02  22.35  23.01  21.82  23.49  23.51  23.80  23.44  23.78  23.30  23.30  22.84  23.26  23.74  23.25   
22.21  22.80  23.71  23.32  22.99  23.61  23.02  23.14  23.46  24.26  22.92  23.80  22.86  23.80  24.46  23.91   


0
22.19  22.18  22.47  22.95  22.95  23.45  22.65  23.53  23.02  23.02  23.33  23.00  22.42  23.25  22.90  22.49   
21.83  21.96  22.84  22.81  23.23  23.30  22.78  22.55  22.89  23.94  23.33  23.30  23.57  23.24  24.42  23.81   
21.93  22.12  22.45  22.98  21.64  24.19  23.59  23.47  23.62  23.44  22.55  22.73  22.81  23.23  23.71  23.23   
22.19  23.04  23.94  23.18  22.96  23.59  23.44  23.44  23.66  24.01  23.59  23.18  22.84  23.77  24.44  23.88   


0
22.22  22.07  23.66  23.10  22.40  23.59  22.12  23.45  23.16  22.94  23.13  23.25  22.92  23.15  23.06  22.52   
22.12  21.99  22.39  23.74  23.36  23.22  23.11  22.88  23.12  23.26  23.35  23.43  22.69  23.14  23.77  22.78   
22.66  22.02  22.35  23.56  22.46  23.49  23.82  23.70  23.13  23.88  22.99  23.62  23.65  23.75  24.28  23.70   
22.06  23.07  24.09  24.16  22.58  23.61  23.46  23.58  23.92  23.58  23.62  23.32  23.38  23.23  23.36  23.38   


0
22.21  22.06  22.87  22.72  22.50  23.58  22.33  23.21  22.81  22.71  22.79  23.13  22.91  23.77  22.50  22.97   
21.84  22.48  21.91  23.05  22.93  23.73  23.00  22.87  23.32  23.15  23.03  22.78  23.25  23.01  24.17  23.97   
22.64  21.75  22.93  23.98  21.49  23.58  22.88  23.78  23.12  23.66  23.39  23.82  23.86  23.49  23.45  23.98   
23.22  22.52  23.95  24.03  22.43  23.38  23.45  23.35  23.22  23.69  23.49  23.79  23.11  23.78  23.98  24.78   


0
22.97  22.49  22.63  23.34  22.63  24.05  22.89  23.67  22.94  22.61  22.80  23.59  22.56  23.40  24.03  23.61   
21.58  21.74  22.04  23.52  23.47  23.53  23.61  22.98  22.82  23.77  23.04  22.68  23.94  23.51  23.37  24.58   
22.66  22.14  22.47  23.45  22.30  23.28  23.51  23.80  23.44  23.78  23.61  23.19  23.19  23.75  23.87  23.85   
21.92  22.80  24.21  24.16  21.90  23.39  23.46  23.25  23.58  23.92  23.62  23.44  23.38  23.37  23.99  24.61   


0
22.63  21.89  22.20  23.18  22.36  23.33  22.86  23.63  23.01  23.45  22.43  23.21  23.23  23.37  23.16  24.20   
21.54  22.71  22.82  23.14  22.48  23.80  22.87  22.84  22.88  23.53  22.79  22.86  23.45  23.10  24.01  23.35   
21.64  22.10  22.43  22.86  22.26  23.56  23.68  23.56  23.30  23.95  23.57  22.83  23.50  23.59  24.11  24.26   
22.76  22.49  23.92  24.01  22.95  23.91  23.86  23.21  23.54  23.43  23.35  23.52  23.34  23.34  23.80  24.22   


0
21.48  21.53  23.04  22.88  22.07  23.96  23.25  23.36  22.96  22.74  22.61  23.39  23.18  23.05  23.50  23.64   
21.88  22.14  22.53  23.54  23.28  23.45  22.73  22.91  22.53  23.89  23.06  23.24  23.40  23.78  24.07  24.16   
22.82  22.79  22.02  23.25  23.27  23.21  23.43  23.62  23.46  23.28  23.53  23.00  24.36  23.53  24.17  24.47   
21.94  22.42  24.24  23.35  22.61  23.30  22.50  23.27  23.60  23.84  23.88  23.59  23.02  23.40  23.86  24.64   


0
22.05  22.48  23.00  23.09  22.73  23.81  22.88  23.88  23.25  22.49  22.79  23.13  22.55  23.39  23.46  23.13   
21.84  22.10  22.38  22.71  22.71  23.11  22.49  22.77  22.80  23.85  22.81  23.21  22.91  23.25  23.49  23.07   
22.36  21.75  22.46  23.54  22.13  23.06  23.71  23.48  23.22  23.24  23.08  23.18  23.17  23.49  23.45  23.98   
22.20  22.39  23.19  23.19  22.71  23.83  23.34  23.13  24.02  23.91  23.72  23.43  22.98  24.06  23.82  25.12   


0
22.34  22.18  22.99  22.95  22.72  23.11  23.20  23.86  23.13  22.58  23.22  23.11  23.01  23.25  23.86  23.43   
21.96  22.34  22.01  23.15  22.70  22.89  22.98  23.06  22.38  23.24  23.22  23.19  23.01  22.50  23.61  22.30   
22.21  22.62  22.33  23.31  21.96  24.09  23.38  23.07  23.72  23.54  23.38  23.27  23.62  23.84  23.58  24.42   
21.75  22.24  23.18  23.42  22.29  23.93  23.11  23.77  24.12  23.67  23.71  23.54  23.74  23.77  23.81  24.94   


0
22.23  21.52  22.51  22.75  22.53  23.15  23.02  23.46  23.39  22.29  22.92  23.49  23.28  23.80  23.21  23.16   
21.32  21.75  22.05  23.19  23.16  23.44  23.22  23.30  22.73  23.17  23.26  23.23  23.39  23.77  24.06  23.70   
22.11  21.53  22.72  22.80  22.79  23.09  23.32  23.21  23.35  23.89  23.31  23.20  23.43  23.39  23.61  24.01   
22.08  22.68  23.59  23.58  22.05  23.74  23.03  23.26  23.70  23.71  24.10  23.45  23.65  24.09  24.16  23.57   


0
22.67  21.79  22.89  23.10  22.98  23.14  22.67  23.89  23.05  22.61  23.02  23.02  22.80  23.15  22.92  22.83   
21.58  21.61  21.45  23.18  23.04  23.33  22.91  23.38  22.20  23.97  22.93  23.54  23.26  23.39  23.64  23.98   
21.68  21.77  21.88  23.34  22.14  23.08  22.79  23.50  22.93  23.88  23.40  23.51  23.65  23.87  23.47  23.40   
21.92  22.53  24.59  23.08  23.53  23.39  23.24  23.58  23.46  24.04  23.74  23.20  23.38  24.08  23.68  24.44   


0
22.81  21.63  22.23  23.09  22.27  22.55  22.44  23.10  23.03  22.49  23.34  23.81  22.67  23.52  22.77  22.97   
21.84  21.98  22.03  23.28  22.82  23.31  22.90  22.36  22.80  23.25  23.24  23.10  23.36  23.37  23.49  23.52   
21.80  21.00  22.46  23.10  21.97  23.48  22.98  23.08  23.42  23.66  23.80  23.18  23.40  23.49  22.91  23.09   
21.91  22.39  23.44  23.67  22.43  23.49  23.67  22.80  23.68  24.14  23.84  23.55  23.11  23.50  23.82  24.43   


0
22.36  21.77  22.49  22.72  22.50  23.24  22.55  23.66  23.03  22.60  22.57  23.01  22.67  22.75  22.77  23.29   
21.70  22.61  22.03  22.83  22.71  23.31  22.59  22.77  22.60  23.05  23.24  22.99  23.25  23.37  23.63  22.92   
22.22  21.50  22.46  23.10  21.65  23.38  23.60  23.88  23.12  23.24  23.08  23.07  23.17  23.12  23.45  23.54   
21.76  22.12  23.19  24.03  22.71  23.26  23.34  23.35  23.90  23.46  23.72  23.31  23.88  23.78  23.03  24.07   


0
22.37  21.50  22.76  22.74  22.40  23.02  22.45  23.23  23.05  22.28  22.36  23.25  22.45  23.40  22.65  23.46   
21.85  22.49  22.16  22.95  22.83  23.22  23.11  22.58  22.82  23.26  22.93  23.00  22.58  22.65  23.23  23.53   
21.96  21.39  22.59  23.34  22.30  23.49  23.51  23.60  22.72  23.67  23.30  22.97  23.53  23.50  23.33  23.85   
22.06  22.26  23.58  23.20  22.72  23.16  22.80  23.14  23.58  23.58  23.50  23.68  22.73  23.66  23.99  24.09   


0
22.52  21.79  22.37  22.25  22.63  23.14  21.67  22.89  23.05  22.50  22.58  22.68  22.92  23.28  22.37  22.99   
20.36  21.35  22.16  22.84  22.94  23.12  23.01  22.48  22.71  23.26  22.93  23.00  23.49  22.77  23.50  22.93   
22.10  21.39  21.64  23.23  21.34  23.18  23.20  23.70  23.64  23.57  23.30  22.86  23.42  23.38  22.92  23.55   
21.92  21.73  23.96  23.68  22.45  23.16  23.13  23.03  22.66  23.47  23.50  23.08  23.12  23.66  23.04  24.26   


0
21.60  22.06  22.09  22.72  22.85  23.24  22.66  23.21  23.03  22.38  23.01  23.01  22.67  22.88  22.63  21.87   
22.11  21.60  21.91  22.94  22.50  22.90  22.59  22.57  22.18  23.45  22.92  22.89  23.25  23.01  23.08  22.92   
21.66  22.25  22.34  23.21  21.97  23.48  23.40  22.98  23.32  23.03  23.29  22.74  23.29  23.12  23.45  23.54   
21.46  22.12  23.44  23.55  22.43  23.38  23.01  23.02  23.45  23.46  23.02  23.55  23.49  23.50  22.87  23.72   


0
21.29  21.49  21.96  22.24  22.73  22.44  22.88  22.99  23.14  22.38  22.57  22.67  22.08  22.62  23.19  22.66   
21.30  21.09  21.79  23.39  22.61  23.52  23.00  23.07  22.91  23.15  23.03  23.53  22.68  23.25  23.22  23.07   
21.52  22.13  21.51  22.99  21.81  23.27  23.71  23.58  22.71  22.93  23.49  23.07  23.52  23.24  22.63  23.54   
21.02  22.79  23.70  22.83  22.71  23.26  23.34  22.91  23.34  23.23  23.37  23.19  22.72  23.78  22.71  22.83   


0
21.47  22.08  22.64  22.99  23.11  22.69  22.35  23.35  22.73  22.07  21.71  22.46  22.22  22.90  23.21  22.21   
21.86  21.75  22.41  23.42  23.06  23.44  22.82  22.79  22.73  23.17  22.94  22.48  23.39  23.03  23.38  22.79   
20.98  21.90  21.54  23.46  21.68  23.51  24.04  23.41  23.25  23.37  22.79  23.31  22.97  23.15  23.07  22.97   
22.08  22.01  23.34  23.46  22.05  22.72  23.03  23.04  23.70  23.60  23.52  23.57  23.13  23.39  23.21  23.75   


0
22.08  21.23  22.25  22.99  21.71  22.92  22.69  23.13  22.40  22.51  23.03  23.15  22.46  22.65  22.66  22.84   
21.73  21.24  21.70  22.51  22.74  23.55  22.82  22.99  22.62  22.97  23.37  22.70  23.04  22.41  22.56  23.25   
21.83  21.78  22.13  22.80  22.47  23.61  23.22  23.21  23.45  23.37  23.31  22.88  23.08  22.53  23.88  23.42   
22.22  22.14  23.85  23.34  22.19  23.51  23.14  23.15  22.91  23.71  23.63  23.33  23.26  23.10  23.37  22.68   


0
21.56  21.59  22.19  23.05  22.35  22.86  22.29  23.29  22.45  22.89  21.86  22.86  22.28  22.84  23.01  22.62   
21.39  22.19  22.11  22.90  22.57  23.28  22.66  22.53  21.84  23.21  23.20  23.06  23.10  22.35  23.32  22.88   
21.62  21.46  21.47  22.73  21.93  23.03  23.36  23.65  23.08  23.21  23.15  23.57  22.91  23.33  23.42  22.91   
21.57  22.75  23.40  23.27  22.12  23.00  23.41  23.09  23.53  23.42  22.87  23.27  22.68  23.89  22.99  24.39   


0
21.12  21.19  22.34  22.35  22.84  23.00  22.20  23.20  22.69  22.36  22.33  23.11  22.89  22.35  23.04  22.17   
21.01  21.96  22.13  22.59  22.17  23.20  22.88  22.55  22.27  22.93  23.12  22.98  22.78  22.50  23.21  23.36   
21.23  20.73  21.85  23.20  20.67  23.57  23.18  23.07  22.70  23.23  22.96  23.27  22.93  23.35  23.58  24.12   
21.16  22.37  23.43  23.30  22.56  23.25  22.78  23.22  23.66  23.33  23.36  23.06  22.71  23.77  23.65  23.53   


0
