
0
21.91  22.21  21.98  22.86  22.75  23.02  22.45  23.11  23.70  23.05  22.58  22.57  22.45  23.15  22.92  22.04   
21.31  22.24  21.69  22.95  22.62  22.71  22.71  22.38  22.40  23.36  22.93  23.00  23.15  22.40  23.77  22.63   
21.68  21.77  22.59  22.78  21.82  22.97  23.62  23.40  22.93  22.84  23.30  22.43  23.65  23.01  23.33  22.81   
21.33  21.99  23.96  23.68  22.45  23.16  23.13  22.70  23.69  24.04  23.15  22.84  23.38  23.37  23.36  23.91   


0
21.90  21.63  21.96  22.97  22.27  23.69  21.88  23.10  22.59  22.49  22.68  22.09  22.43  23.01  22.63  23.13   
21.43  21.34  21.20  22.83  22.82  22.90  22.49  22.67  22.18  23.25  22.81  23.31  22.79  22.76  24.03  23.07   
22.08  21.38  22.34  22.99  22.13  22.85  22.88  23.58  23.02  23.24  23.08  22.53  23.17  23.37  21.95  22.64   
22.20  21.98  23.44  23.67  22.30  23.15  23.45  22.91  23.22  23.00  23.14  22.47  22.59  22.65  23.51  23.19   


0
22.38  21.09  22.38  22.99  22.29  22.92  23.13  23.02  22.29  22.29  22.37  22.92  21.98  22.65  22.10  23.47   
21.32  22.00  21.58  23.30  22.84  23.13  22.52  22.39  22.73  23.27  23.05  22.70  22.70  23.28  23.38  22.64   
22.11  21.65  21.89  22.69  21.36  23.30  23.32  23.01  23.45  23.48  22.90  22.66  23.66  23.39  23.48  22.97   
21.05  22.55  23.21  23.34  21.37  22.83  23.36  23.26  23.25  23.26  23.16  23.33  23.00  23.39  22.74  24.10   


0
21.75  21.63  22.09  22.84  22.62  23.24  22.21  23.32  22.81  22.27  22.24  23.01  22.08  23.14  22.77  22.50   
21.57  21.72  21.79  23.50  22.71  23.11  22.69  22.77  22.39  22.95  23.03  23.10  22.91  22.76  23.36  23.22   
22.50  22.00  22.22  22.55  21.81  23.48  22.77  23.78  23.22  23.14  23.70  22.74  23.98  22.87  23.18  22.94   
22.34  22.39  23.19  23.91  22.30  23.49  23.23  22.69  23.22  23.00  22.79  22.71  23.11  22.94  23.66  23.72   


0
21.46  21.93  22.63  22.49  22.86  23.14  21.89  23.34  22.72  22.39  22.91  22.68  22.68  22.89  22.92  22.67   
21.31  21.48  21.69  23.18  22.62  23.22  22.61  22.78  23.02  23.26  22.72  23.00  22.80  23.39  22.96  23.38   
22.79  21.39  21.52  23.23  21.66  23.18  22.99  23.60  23.03  23.05  23.40  23.30  22.84  23.62  22.65  23.40   
22.36  22.93  23.71  23.32  21.77  23.27  23.02  23.03  23.23  23.47  23.15  23.32  22.73  23.80  23.20  23.73   


0
21.60  21.35  21.96  23.09  22.27  22.67  21.99  22.88  22.70  22.82  22.35  23.24  22.08  23.52  23.19  23.13   
21.30  21.60  22.26  22.94  22.93  23.52  23.10  22.36  22.49  23.15  23.34  23.21  23.13  23.01  23.22  23.52   
22.08  22.13  22.34  22.99  21.81  22.85  23.40  22.68  23.12  23.24  22.67  22.85  22.94  23.49  22.91  23.39   
21.76  22.12  23.32  22.95  22.03  23.04  22.68  23.46  23.34  23.23  22.79  23.07  23.37  23.92  23.35  23.72   


0
22.09  21.81  22.52  22.76  22.77  23.39  22.70  23.14  22.63  21.97  22.83  22.93  23.06  22.79  22.81  23.33   
21.47  22.01  22.18  22.86  22.86  23.66  22.03  22.91  22.63  23.29  23.38  22.82  22.94  23.29  23.93  22.50   
21.84  21.67  21.67  23.14  21.69  23.31  23.33  23.62  22.95  23.49  23.22  22.57  23.21  23.40  23.08  22.83   
22.53  22.42  23.61  23.35  21.79  23.41  22.50  23.05  23.15  23.84  23.53  23.59  23.02  23.54  23.70  23.58   


0
22.38  22.08  22.64  22.51  22.41  23.15  22.46  23.79  23.28  22.73  22.70  22.81  22.58  23.29  23.08  23.31   
21.86  21.75  22.41  22.96  23.16  23.13  22.92  22.39  22.52  23.48  23.26  23.55  23.27  23.40  23.92  22.94   
21.41  21.90  22.84  22.46  22.31  23.09  23.22  23.51  23.75  23.27  22.69  22.99  23.31  23.51  22.80  23.71   
21.34  22.68  23.85  23.09  22.19  22.95  23.25  22.71  23.13  23.48  23.40  23.09  23.78  23.53  24.47  23.75   


0
21.28  21.76  22.86  23.07  22.84  23.91  22.87  23.42  22.58  22.91  22.22  22.88  22.42  23.12  23.18  23.90   
20.74  21.58  22.13  23.15  23.12  23.10  22.88  22.35  22.89  23.03  23.22  22.87  22.55  23.36  24.29  23.66   
21.51  21.74  22.45  22.76  21.80  23.78  23.18  23.57  23.00  23.23  23.38  23.49  22.35  23.60  22.90  23.82   
22.33  22.37  22.92  23.18  22.01  23.25  23.33  23.22  23.55  23.22  23.24  23.54  23.09  22.78  23.49  24.24   


0
22.99  21.37  23.42  24.78  23.57  23.72  23.02  24.34  23.60  22.18  22.70  23.38  22.69  23.16  22.94  23.47   
21.46  22.38  21.93  23.42  24.32  23.34  22.92  23.30  23.24  23.48  22.94  22.91  23.04  23.03  22.56  23.85   
22.39  21.90  22.48  23.35  22.47  23.19  23.94  23.91  23.65  23.37  23.93  23.42  23.54  24.00  23.75  23.71   
21.78  22.95  22.96  23.70  22.87  23.40  22.48  22.82  23.70  23.94  23.52  23.21  23.13  23.53  24.16  24.27   


0
22.55  23.63  26.59  25.38  24.50  26.31  24.57  25.12  24.70  24.91  23.81  22.93  22.82  22.92  23.09  23.80   
21.88  24.51  25.65  24.99  24.43  25.79  24.92  24.11  24.07  24.29  23.27  23.03  23.17  23.90  24.20  23.71   
22.40  22.79  24.60  24.89  25.14  25.68  24.97  24.61  24.58  24.01  23.43  23.43  22.98  23.65  23.35  24.17   
21.94  23.23  24.24  25.14  24.49  25.20  24.03  23.82  24.39  24.40  23.41  23.70  23.53  23.96  23.07  24.29   


0
21.97  21.98  22.81  23.99  24.64  24.88  24.81  25.90  26.01  25.68  25.89  23.87  22.97  22.94  23.80  23.51   
22.31  22.67  23.26  25.02  25.60  25.71  24.75  26.20  26.00  27.37  26.00  24.64  23.87  23.19  23.55  23.73   
22.43  22.94  25.43  26.43  26.69  25.29  25.20  26.50  25.80  26.29  25.49  24.31  23.47  24.04  23.38  23.45   
22.70  23.91  26.74  27.96  25.71  26.22  25.68  26.01  26.20  25.88  25.06  24.32  23.68  24.13  23.25  23.96   


0
22.56  22.11  22.15  22.90  23.02  22.95  23.59  24.04  23.30  23.52  23.94  23.86  23.31  23.19  23.10  23.81   
21.48  22.41  22.43  23.78  23.08  23.36  24.93  24.71  23.16  24.40  24.12  23.15  23.52  23.30  23.40  23.87   
22.69  22.06  22.51  23.37  23.60  24.05  25.39  25.51  24.59  25.26  25.07  25.46  23.57  23.42  23.64  23.59   
21.96  22.84  23.75  24.79  24.24  25.44  25.13  25.78  26.30  26.97  26.42  25.02  23.54  23.83  23.08  23.24   


0
22.71  21.40  22.41  22.53  23.02  23.17  22.71  23.59  23.19  22.54  22.95  23.40  22.96  22.80  22.82  23.18   
21.62  22.03  21.84  22.54  22.87  23.67  23.15  23.32  22.44  23.40  23.18  23.36  23.52  23.55  24.08  23.42   
22.14  22.06  22.63  23.48  22.97  23.95  23.86  24.43  23.37  23.40  23.13  23.01  23.68  23.42  23.09  24.03   
21.52  22.57  23.49  23.60  22.76  23.20  24.26  24.92  23.84  23.28  23.54  23.60  24.06  23.41  23.40  23.95   


0
22.08  21.23  22.38  21.90  22.41  22.92  22.69  23.24  23.06  22.18  22.70  23.60  22.34  22.90  22.80  23.63   
22.00  21.49  22.17  22.74  22.74  23.55  22.82  22.29  23.24  23.38  22.73  23.02  23.16  23.28  24.06  23.09   
22.11  22.28  21.89  23.35  22.79  23.51  23.63  23.81  23.45  22.85  23.10  23.20  23.08  23.76  23.48  22.67   
22.22  23.08  23.47  24.17  21.78  23.29  23.36  23.48  23.59  23.37  23.86  22.61  23.39  23.53  23.21  23.57   


0
23.16  21.68  22.54  22.77  22.43  23.06  22.82  23.04  22.97  22.98  23.06  22.72  22.72  23.95  23.38  23.18   
21.62  22.15  22.20  22.76  23.40  23.36  23.35  22.82  23.06  23.60  23.29  23.04  23.41  23.30  23.54  24.17   
22.69  21.43  22.27  23.59  21.86  23.43  23.34  23.73  23.27  23.50  23.23  22.79  23.22  23.17  23.23  22.39   
21.66  22.57  23.75  23.72  22.62  23.20  23.72  23.18  23.84  24.07  23.42  23.48  23.42  23.69  24.18  23.95   


0
21.95  21.68  22.28  23.74  22.43  23.40  23.15  23.26  23.08  23.19  22.40  22.83  22.48  22.93  22.96  23.03   
22.16  22.53  22.08  23.33  22.66  23.06  23.25  22.62  22.44  23.40  22.65  22.61  23.64  23.06  22.59  24.02   
22.28  22.56  22.27  23.48  22.97  23.74  23.86  24.03  23.58  23.29  23.44  22.90  23.57  23.66  23.50  23.29   
21.96  21.90  23.49  23.84  23.16  23.76  23.61  23.51  23.50  24.19  23.89  22.64  23.16  23.97  23.87  23.24   


0
21.77  22.22  21.73  22.75  22.64  23.49  22.35  23.35  22.73  22.51  23.25  23.60  22.58  23.16  23.21  23.16   
21.46  21.62  22.05  22.62  22.63  23.44  22.62  22.49  22.62  23.48  22.84  23.02  23.61  23.52  23.92  23.70   
21.69  21.90  22.25  24.12  21.68  22.88  23.73  23.31  23.35  23.58  23.21  23.31  23.54  24.00  23.61  22.82   
21.93  22.55  23.21  23.46  21.92  23.29  23.03  23.26  23.36  23.37  23.52  23.45  22.62  23.81  23.69  23.92   


0
22.23  21.52  22.51  22.51  23.11  23.61  22.69  23.24  22.95  23.06  22.81  23.38  23.17  23.29  22.80  23.16   
22.00  22.25  22.52  22.85  23.06  22.93  22.72  22.79  22.62  23.27  22.84  22.91  22.70  22.91  23.52  23.70   
21.97  22.03  22.25  22.91  22.94  23.40  23.11  23.71  23.25  23.16  22.79  23.31  23.54  23.64  23.21  22.82   
21.78  22.68  23.97  23.94  22.73  23.17  22.92  23.15  23.36  23.82  23.16  23.21  22.74  23.39  23.37  24.27   


0
21.95  21.97  22.02  23.26  22.90  23.52  22.82  23.04  22.97  22.87  22.62  23.29  22.25  22.80  22.82  23.50   
21.48  22.28  22.08  22.88  22.76  22.95  22.95  22.62  23.16  23.60  23.29  22.94  23.07  22.81  23.40  23.27   
22.42  21.55  22.74  23.37  22.18  23.43  23.03  23.93  22.66  23.40  23.23  23.55  23.22  22.80  23.23  23.14   
22.10  22.84  23.37  23.24  22.21  22.97  23.17  23.29  23.16  23.62  23.07  23.12  22.51  23.55  23.71  23.95   


0
22.38  21.80  22.90  22.75  22.76  23.15  22.35  23.13  22.40  22.62  23.03  22.92  22.34  23.67  23.08  23.31   
22.00  22.13  21.82  23.42  23.48  23.24  22.52  22.19  22.31  22.77  22.84  23.12  23.27  23.15  22.84  23.55   
21.83  21.90  22.25  23.02  22.63  22.78  23.32  23.81  22.84  23.06  23.72  22.99  23.08  23.15  23.07  22.67   
21.78  22.95  23.59  23.09  22.32  23.63  22.70  22.93  23.70  23.71  23.28  23.33  23.13  23.24  23.06  23.21   


0
21.77  21.66  22.64  22.75  22.53  23.83  23.02  23.13  22.73  22.73  22.92  23.38  22.93  23.92  23.76  23.63   
21.46  21.75  22.64  22.96  23.16  22.93  23.42  22.79  22.42  23.58  23.16  23.12  23.16  23.52  23.65  23.40   
22.25  21.78  22.60  22.91  21.99  23.19  23.32  24.01  23.45  23.48  23.10  23.42  23.54  23.51  23.61  22.97   
21.78  22.55  23.85  23.34  22.46  23.96  23.14  23.26  23.02  23.82  23.52  23.93  23.78  23.10  23.21  23.92   


0
21.75  21.63  22.62  22.72  22.50  23.81  22.99  23.77  23.25  22.71  22.90  23.81  22.67  23.26  23.19  22.97   
21.43  21.72  22.61  22.94  23.14  22.90  23.00  22.97  23.21  23.25  22.92  23.31  23.02  23.13  23.22  23.52   
22.22  21.75  22.58  22.88  21.97  23.17  23.09  23.38  23.32  23.87  23.60  23.07  23.75  23.24  23.45  23.69   
21.76  22.52  23.82  23.31  22.43  23.94  23.23  23.46  23.11  23.80  23.84  22.83  22.98  23.78  23.35  24.25   


0
22.84  21.80  22.51  22.99  22.64  23.38  23.02  23.79  23.28  22.73  22.92  23.83  22.93  22.90  23.08  23.00   
21.86  22.25  22.64  23.42  23.16  23.34  23.02  22.99  23.24  23.27  22.94  23.34  23.27  23.28  23.92  23.40   
22.39  21.78  22.60  23.13  23.10  24.02  23.11  23.41  23.35  23.89  23.62  23.09  23.54  23.15  23.48  23.56   
23.10  22.81  23.09  23.82  22.32  23.51  23.25  23.48  23.13  23.82  23.86  22.85  23.26  23.67  23.06  23.21   


0
22.52  22.63  22.76  23.82  22.28  22.68  22.67  23.89  23.05  22.72  22.36  23.02  22.92  22.89  23.06  22.99   
21.58  21.86  22.04  22.95  22.62  23.84  23.31  22.48  23.12  22.96  22.93  23.43  23.26  23.26  23.91  23.38   
22.24  21.77  22.47  23.23  21.50  22.97  23.51  23.50  23.03  23.46  23.40  22.54  23.53  23.13  23.47  23.55   
22.50  22.53  23.71  23.56  22.45  23.95  23.46  23.36  23.58  23.92  23.50  23.32  23.25  23.66  23.04  23.20   


0
23.63  22.26  23.07  23.03  22.56  23.76  23.06  23.39  22.99  23.10  22.96  23.30  22.97  23.20  23.11  23.98   
22.71  21.66  22.68  23.23  23.62  22.96  22.66  22.93  22.66  23.81  23.30  23.48  23.31  23.44  23.42  23.73   
22.01  21.82  22.87  23.61  22.35  23.54  23.46  23.74  23.49  23.93  23.04  22.91  23.93  23.31  23.24  24.05   
22.56  22.85  23.63  23.97  22.77  23.66  23.73  23.41  23.62  23.52  23.67  23.37  23.43  23.85  23.72  23.96   


0
22.56  21.83  22.28  23.14  22.55  23.29  22.71  23.71  23.63  22.76  23.50  23.52  22.25  23.70  23.51  23.65   
21.76  22.66  21.61  22.99  23.61  22.85  22.54  22.82  22.85  23.70  23.29  22.83  23.52  23.67  23.40  24.02   
21.85  22.31  22.51  23.59  22.02  23.74  23.34  24.13  23.47  23.40  23.03  23.12  24.03  23.66  23.23  23.59   
22.40  22.57  23.37  23.84  22.21  22.97  23.61  23.51  23.16  23.96  23.89  23.00  23.29  23.83  24.34  24.65   


0
22.38  22.64  22.77  23.47  22.41  23.95  23.02  23.68  22.95  22.40  22.81  23.94  23.05  23.42  23.35  23.31   
21.32  22.51  21.93  22.85  22.95  23.34  22.82  22.59  22.93  23.38  23.16  23.02  23.39  23.64  23.92  24.30   
22.81  21.78  22.72  23.02  21.52  23.40  23.32  23.31  23.25  23.58  23.21  23.09  23.31  23.39  23.21  23.12   
22.37  21.87  23.97  23.70  22.73  23.51  23.58  23.26  23.47  23.60  23.16  23.33  23.13  23.95  23.85  23.92   


0
22.67  21.93  22.76  23.22  23.09  23.36  22.67  23.67  22.94  22.94  22.47  23.14  23.15  23.40  23.06  23.30   
22.26  21.61  21.80  23.18  23.25  23.33  22.61  22.88  22.71  23.77  23.14  23.11  23.49  22.65  24.04  23.98   
21.68  22.14  22.35  23.56  21.98  23.18  23.31  23.70  23.44  23.05  23.20  22.43  23.19  23.38  23.33  23.25   
21.92  22.93  23.46  23.80  22.85  23.39  23.46  23.91  22.78  23.81  23.50  22.96  23.51  23.80  23.83  24.26   


0
21.79  21.67  22.78  23.24  23.00  23.39  23.03  23.47  22.85  22.85  22.94  23.50  22.94  23.68  22.81  23.64   
22.01  22.14  22.42  22.86  22.75  23.25  22.73  23.01  22.53  24.19  23.27  22.92  23.62  23.04  24.07  23.41   
22.54  21.92  22.38  22.92  22.80  23.83  23.43  23.62  23.56  23.38  23.01  23.32  23.79  23.65  23.35  24.32   
21.36  22.69  23.73  23.71  22.61  23.30  23.71  22.94  23.37  23.84  23.76  23.35  23.02  23.96  24.02  23.76   


0
22.24  22.24  22.65  23.24  23.24  23.50  22.70  23.36  23.62  23.51  22.61  23.50  22.71  23.68  23.78  23.48   
21.88  21.76  22.53  23.31  22.86  23.45  23.23  23.11  23.05  23.49  23.17  22.71  22.94  23.04  24.34  24.16   
22.26  21.79  22.73  23.47  22.01  23.52  23.23  23.82  23.46  23.70  23.73  23.64  23.44  23.40  23.63  23.87   
21.94  22.42  23.35  23.71  22.88  23.41  23.16  23.49  23.15  23.61  23.88  23.35  23.53  23.82  24.17  24.11   


0
22.41  22.11  22.92  23.38  22.90  23.29  23.04  23.26  23.30  23.52  22.95  23.18  23.31  23.82  22.96  23.65   
21.76  22.53  21.96  23.10  23.08  23.57  22.95  22.72  23.26  24.10  23.39  23.68  23.41  23.30  23.68  24.62   
22.00  21.80  22.27  23.15  22.34  23.74  23.45  23.33  22.96  23.92  23.64  23.01  23.68  23.54  23.77  24.77   
22.10  22.57  23.11  23.60  23.43  23.54  23.28  23.29  23.84  24.07  23.07  23.24  23.93  23.27  23.71  24.47   


0
22.55  21.53  22.26  22.28  22.89  23.50  22.81  23.36  23.29  22.74  22.50  23.28  23.06  23.56  22.95  23.64   
21.34  22.39  21.83  23.20  23.17  23.25  22.73  22.50  22.84  23.69  23.27  23.77  23.62  23.29  23.93  24.16   
21.98  22.29  22.85  23.69  22.48  23.52  23.23  23.82  22.85  23.91  23.84  23.21  23.90  23.65  23.63  23.28   
21.94  22.42  23.73  23.95  23.01  23.53  23.60  23.49  23.94  24.06  23.53  23.35  23.66  23.54  24.95  24.11   


0
22.52  22.35  22.63  23.34  22.98  23.36  22.67  23.00  23.37  22.94  23.35  22.91  22.80  23.15  22.92  23.61   
21.85  22.37  22.63  22.72  22.94  23.43  22.71  23.18  23.12  23.56  23.14  23.11  23.60  23.39  23.23  23.68   
22.24  21.89  22.59  23.67  22.62  23.49  23.51  23.99  23.13  23.88  23.81  23.62  23.30  22.76  24.28  25.03   
21.92  23.07  23.58  24.40  22.45  24.06  23.57  23.25  24.14  23.24  23.74  23.44  23.51  24.22  23.52  25.31   


0
22.97  21.64  23.15  22.86  23.09  23.25  22.45  23.56  23.16  23.05  22.91  23.25  23.27  23.66  22.92  23.92   
21.99  22.12  22.63  23.29  22.73  23.02  22.91  22.88  22.92  23.36  23.04  22.90  23.60  23.39  23.50  23.83   
22.38  22.02  22.35  23.01  22.30  23.49  23.82  24.09  23.23  23.15  22.99  23.30  23.88  23.38  23.33  23.11   
22.06  22.93  23.58  23.56  22.45  22.93  23.35  23.25  24.14  23.81  24.43  23.56  23.25  24.22  23.99  24.79   


0
22.22  21.36  23.02  23.10  22.51  23.14  22.56  23.23  23.37  22.72  22.80  23.37  23.39  23.15  23.75  23.92   
21.17  21.74  22.04  22.50  22.94  23.02  23.01  23.48  23.12  23.87  22.93  23.22  23.26  23.02  25.11  23.98   
22.38  21.64  22.59  24.00  21.98  23.91  23.51  24.19  23.64  23.67  23.20  23.62  23.53  23.87  24.01  23.85   
22.50  22.53  24.71  23.44  22.45  23.95  23.46  23.47  23.58  24.15  23.50  23.56  23.12  24.08  23.52  24.09   


0
22.24  22.09  22.13  23.12  22.54  23.16  23.36  23.03  22.85  22.52  22.94  22.82  23.18  23.43  22.95  23.80   
22.28  22.52  21.95  23.20  23.28  23.35  23.23  22.60  22.53  23.59  23.17  23.46  23.40  23.66  24.07  23.41   
22.40  21.92  22.38  23.03  22.48  23.41  23.54  23.72  23.67  23.38  23.12  23.11  23.33  23.28  24.03  23.13   
22.68  22.29  23.99  23.83  22.88  23.07  23.27  23.38  23.37  23.61  23.41  23.94  23.53  23.68  24.02  23.58   


0
22.37  21.64  22.89  23.34  22.63  23.48  23.12  23.67  23.16  22.94  23.13  23.14  22.68  23.40  23.48  23.14   
21.31  21.86  22.27  23.18  23.25  23.53  23.01  22.58  22.61  24.07  23.46  23.86  23.60  23.39  23.77  23.68   
22.52  22.14  22.23  23.78  21.82  22.76  23.51  23.60  23.13  23.57  23.61  22.76  23.19  23.01  23.47  23.11   
21.48  22.53  24.21  24.28  22.45  23.95  23.35  23.36  23.69  24.04  23.62  23.68  23.63  23.80  23.83  23.91   


0
22.87  21.55  22.81  22.91  22.68  23.07  22.39  23.16  22.88  22.77  22.74  23.87  22.97  23.07  23.80  23.82   
22.04  21.66  21.97  23.00  23.20  23.27  22.86  23.23  22.97  23.31  23.09  23.27  23.08  23.56  23.28  24.48   
22.15  22.19  22.17  23.06  21.71  23.23  23.77  23.84  23.38  23.41  23.24  22.81  23.35  23.31  23.79  24.05   
22.12  23.12  23.25  23.49  22.23  24.00  23.29  23.52  23.62  23.97  23.55  23.61  23.17  23.70  23.57  23.96   


0
22.67  22.35  23.15  22.98  23.21  23.36  23.01  23.00  23.26  22.72  22.36  23.37  22.92  23.28  23.20  24.08   
21.99  22.12  21.92  23.18  22.83  23.02  23.01  23.08  22.92  23.46  23.25  23.32  23.37  23.51  23.50  23.68   
22.79  21.51  22.35  23.45  21.66  23.70  23.20  23.50  23.23  23.36  23.40  22.86  23.07  23.99  23.74  23.85   
21.03  22.80  23.46  23.92  22.85  23.50  23.24  23.80  23.58  23.36  23.74  23.68  24.15  23.94  23.52  24.26   


0
22.69  21.66  22.64  22.75  22.99  23.49  23.13  23.46  23.06  22.62  22.59  23.83  22.69  24.30  22.52  24.09   
21.59  22.13  21.82  23.08  22.84  23.55  22.92  22.99  22.42  23.78  22.63  22.70  22.70  23.64  23.65  23.40   
22.11  21.90  22.48  23.46  22.15  23.92  22.90  23.61  23.25  23.69  23.72  23.09  23.54  23.02  22.52  23.71   
21.49  22.55  23.97  23.82  22.05  23.17  23.25  23.48  23.70  23.94  23.86  23.09  22.87  23.81  23.53  24.27   


0
21.93  21.80  22.25  23.47  22.64  23.26  22.80  23.13  22.84  22.95  22.59  23.72  23.05  23.54  22.66  23.47   
21.46  21.49  22.05  23.42  23.69  23.34  23.22  22.99  22.62  23.88  23.05  23.44  23.39  23.03  23.65  23.40   
21.55  22.03  22.25  23.02  22.47  22.98  23.32  23.71  23.14  23.58  23.21  23.31  23.66  23.51  23.48  24.31   
22.95  22.55  23.21  23.46  22.46  23.29  23.58  23.15  23.70  23.48  22.93  23.57  23.13  23.53  24.16  23.21   


0
22.27  21.84  22.29  23.15  22.91  23.19  22.94  23.83  23.10  22.22  22.96  23.30  22.38  23.83  23.11  23.20   
21.90  23.05  21.85  23.34  22.67  23.38  22.96  22.93  23.17  23.61  23.61  23.37  23.54  23.19  23.96  23.58   
22.01  21.94  22.52  23.06  22.19  23.44  23.98  23.25  23.38  23.62  23.76  23.24  23.00  23.31  23.24  23.75   
22.70  22.72  23.63  23.73  22.23  23.10  23.95  23.30  23.96  24.20  23.32  23.25  23.68  23.42  24.04  23.61   


0
21.91  21.93  22.11  23.46  22.28  22.45  22.78  23.11  22.94  22.61  23.13  23.71  22.21  23.15  23.89  23.92   
20.77  21.86  21.69  22.61  22.51  22.60  22.71  23.08  22.92  23.46  23.14  23.32  23.60  23.75  24.04  24.58   
22.52  22.02  22.35  23.12  22.14  23.70  23.51  23.99  23.44  23.15  23.09  22.97  22.96  23.13  23.74  24.00   
22.21  22.80  23.96  23.92  22.31  23.95  23.02  22.81  23.69  24.04  23.39  23.56  23.25  22.95  24.30  23.73   


0
22.87  21.55  21.90  23.03  23.03  23.07  22.39  23.28  23.10  23.10  23.07  22.85  23.08  23.20  23.39  23.51   
21.63  22.67  22.56  23.34  23.20  23.68  22.96  23.13  23.17  23.51  23.09  23.48  23.31  23.93  23.96  23.73   
22.85  21.57  22.64  23.39  23.30  24.06  23.15  23.35  23.28  23.51  23.24  22.81  23.47  23.18  23.79  23.60   
21.68  22.58  24.01  23.37  22.63  22.87  23.84  23.41  23.62  23.52  23.55  23.85  23.56  23.42  24.04  24.31   


0
22.40  22.24  23.04  23.24  22.89  23.28  22.70  23.47  23.29  22.74  23.27  23.05  22.82  23.56  23.91  23.64   
20.66  22.14  22.30  23.88  23.28  23.35  22.93  22.80  22.74  23.49  23.17  22.92  23.28  23.04  24.47  23.71   
22.26  22.04  22.50  23.91  21.53  23.62  24.05  23.62  23.46  24.01  23.53  23.21  23.56  23.77  23.76  23.58   
21.65  22.42  23.48  23.83  23.01  23.64  23.27  23.05  24.17  23.72  23.64  23.47  23.40  23.40  23.70  23.93   


0
22.40  21.67  23.30  23.72  22.65  23.50  22.70  23.58  23.18  23.29  22.94  23.39  22.94  23.43  23.50  23.64   
21.88  23.15  22.30  22.98  23.17  23.86  23.43  23.11  22.94  23.79  22.75  22.82  23.06  22.80  23.80  24.46   
22.40  21.92  22.85  23.47  22.32  23.52  23.74  23.82  23.46  23.70  23.53  23.00  23.67  23.77  23.49  24.17   
22.38  22.42  23.73  23.71  22.88  23.07  23.49  23.49  24.17  24.17  23.76  23.35  23.53  23.54  23.86  24.29   


0
22.36  21.63  23.26  23.69  22.62  23.01  22.88  23.55  23.03  22.82  22.68  23.35  22.91  23.14  23.05  23.44   
21.84  23.11  22.26  22.94  23.14  23.01  23.00  23.17  23.01  23.15  23.34  23.10  23.25  23.62  23.90  23.22   
22.36  21.88  22.81  23.43  22.29  23.69  23.40  23.58  23.53  23.87  24.01  23.07  23.52  23.00  23.45  23.54   
22.34  22.39  23.70  23.67  22.84  23.38  23.67  23.46  24.24  24.48  24.07  23.07  23.24  23.50  23.35  23.72   


0
22.51  21.77  22.74  23.81  23.08  23.01  22.88  23.55  23.03  22.82  22.68  23.69  23.14  23.52  23.19  23.44   
22.51  22.36  22.14  23.50  23.24  23.01  23.00  23.17  23.01  23.15  23.34  23.42  23.47  23.86  23.63  23.82   
22.36  21.38  22.69  23.32  21.81  23.69  23.40  23.58  23.53  23.87  24.01  23.61  23.64  23.24  23.45  23.39   
22.34  22.65  23.44  23.79  23.11  23.38  23.67  23.46  24.24  24.48  24.07  23.55  22.98  23.92  23.35  24.25   


0
22.69  22.50  23.54  23.23  23.11  23.04  22.46  23.68  22.73  22.73  23.14  23.72  23.17  23.54  23.21  23.47   
21.86  22.00  22.87  23.08  24.11  23.75  22.62  22.69  23.24  23.27  23.16  23.44  23.50  23.89  23.65  23.85   
22.81  21.78  22.48  23.35  22.47  23.51  23.42  24.30  23.75  23.48  23.31  23.63  23.66  23.27  23.48  23.42   
22.22  22.55  23.72  24.29  23.00  23.63  23.58  23.48  23.70  24.05  24.10  23.57  23.00  23.95  23.37  24.27   


0
22.55  22.52  22.91  23.36  23.12  22.93  22.92  23.47  23.51  23.07  23.38  23.28  22.59  23.68  23.78  23.33   
22.28  22.77  22.30  23.77  23.39  23.25  23.83  22.91  22.94  23.89  23.06  23.24  23.51  24.02  24.20  23.41   
22.82  21.67  22.85  23.91  22.64  23.73  24.05  24.02  23.16  23.70  24.04  23.54  23.56  23.89  24.03  23.43   
22.24  22.69  23.99  23.59  22.61  23.64  23.71  23.71  23.49  23.50  23.76  23.47  23.79  24.38  24.17  24.81   


0
22.11  22.39  22.54  22.77  23.13  23.29  22.71  23.93  23.19  23.52  22.95  23.29  22.84  23.57  23.10  24.89   
21.35  21.77  22.66  23.55  23.08  23.57  23.25  23.02  23.26  23.90  23.50  23.36  23.52  24.16  24.35  24.02   
23.11  22.93  22.86  23.04  22.02  23.74  23.65  23.93  24.18  24.02  23.64  23.44  24.37  23.54  23.91  24.18   
22.54  23.11  23.87  23.96  23.30  23.31  23.28  23.51  24.52  24.07  24.12  23.60  23.29  24.11  24.18  24.82   


0
23.11  22.06  22.62  23.21  22.73  23.24  22.44  23.10  23.14  23.25  22.90  23.58  23.14  23.52  22.63  23.76   
21.57  22.36  22.61  23.84  23.03  23.73  23.10  22.77  23.11  23.75  22.81  23.31  23.36  23.13  23.63  24.42   
22.50  22.50  22.69  23.76  21.81  23.79  23.71  23.38  23.63  23.56  23.49  23.18  23.52  24.10  23.59  23.69   
21.91  23.05  23.57  23.67  22.43  23.94  23.56  23.57  23.11  23.91  23.96  24.03  23.75  23.50  23.66  24.07   


0
22.57  22.40  22.94  22.67  23.03  23.19  23.17  23.72  23.10  22.66  23.18  23.41  22.50  24.47  23.11  24.44   
21.09  22.54  22.09  23.79  23.52  23.58  23.46  22.83  22.97  23.92  23.30  23.37  23.42  23.56  23.82  23.73   
22.85  21.69  22.52  23.61  22.51  23.44  23.98  23.55  23.79  23.83  23.45  23.02  23.70  24.04  23.65  24.34   
22.70  23.12  24.14  24.09  22.77  23.32  23.40  23.52  23.74  24.20  24.13  23.73  23.56  23.99  24.20  24.49   


0
22.21  22.34  22.36  22.97  22.97  23.69  22.55  22.99  23.47  22.60  23.23  23.24  23.02  23.52  22.63  23.29   
21.57  22.36  21.91  23.16  22.71  23.21  23.30  23.07  22.91  23.55  23.24  22.99  24.04  23.62  23.76  24.12   
22.08  22.25  22.69  23.43  22.13  23.58  24.02  23.28  23.42  23.56  23.80  23.39  23.64  24.10  24.00  23.54   
22.78  21.98  23.95  23.55  22.30  23.60  23.78  23.24  23.45  24.03  23.49  23.67  24.13  23.64  24.29  24.43   


0
21.75  22.62  22.23  22.72  23.66  23.58  23.10  23.55  23.25  23.58  22.57  23.35  22.91  23.77  23.05  23.44   
22.38  22.36  22.50  23.16  22.93  23.21  23.10  22.67  23.01  23.75  23.13  23.53  23.59  23.01  23.36  23.97   
22.08  22.13  21.87  23.43  22.45  23.79  23.40  23.68  23.12  23.87  23.39  23.18  23.75  23.98  23.45  23.09   
21.61  21.98  23.44  23.67  22.84  23.38  23.23  23.46  24.02  23.57  23.37  23.91  23.62  24.20  24.76  23.54   


0
21.77  22.22  23.03  23.71  22.18  23.49  23.13  23.46  23.17  22.73  22.48  23.72  22.81  23.16  23.35  23.47   
21.46  21.62  22.17  23.08  23.37  23.65  23.42  23.09  22.93  23.78  23.05  23.55  23.84  23.52  24.32  24.44   
22.39  21.65  22.37  23.13  21.84  23.51  23.53  23.61  23.35  23.37  23.00  23.42  24.12  23.39  23.61  23.56   
21.93  22.68  23.85  23.94  22.46  23.17  23.36  23.15  23.47  23.82  23.75  22.85  23.39  24.09  23.37  24.27   


0
23.11  21.63  22.62  23.21  22.62  23.58  22.44  22.99  23.25  22.38  22.90  22.90  23.38  23.01  22.91  23.60   
21.57  21.85  22.50  23.05  22.71  23.11  23.20  23.07  23.32  23.85  23.03  23.10  23.36  22.64  23.22  23.37   
21.80  21.50  22.46  23.21  22.45  23.69  23.40  23.98  23.12  23.77  23.80  22.53  23.40  23.37  23.32  23.69   
21.61  22.25  23.06  23.79  22.43  23.38  23.67  23.46  24.47  23.80  23.49  22.95  23.11  23.08  23.66  23.54   


0
22.55  22.09  22.26  22.40  22.77  23.50  22.14  23.69  23.18  22.74  22.72  23.39  22.82  23.05  23.23  23.48   
21.20  21.38  22.06  23.54  23.07  23.04  22.73  22.91  22.74  23.49  23.17  23.24  22.83  22.92  23.39  24.01   
21.98  21.29  22.38  23.03  22.17  23.41  23.12  23.52  22.95  23.28  23.73  23.64  23.21  23.28  23.08  23.43   
21.80  22.29  23.99  24.19  21.79  23.64  23.27  23.16  23.83  23.84  23.41  22.87  23.40  23.82  24.02  23.93   


0
22.08  21.52  22.64  22.99  22.53  23.26  22.80  23.35  23.17  22.40  22.92  22.69  22.58  23.03  23.49  23.16   
21.73  22.38  21.82  23.08  22.95  23.24  22.22  23.09  22.52  23.88  22.73  23.34  22.82  23.40  23.79  24.15   
22.67  22.16  22.48  23.13  22.31  23.40  23.11  23.51  22.84  23.58  23.31  23.31  23.43  23.64  23.88  23.42   
21.93  22.95  23.59  23.09  22.46  23.74  23.36  23.26  23.36  23.94  23.63  23.93  23.26  23.95  23.06  23.39   


0
21.91  21.64  22.50  23.10  22.28  23.25  22.56  23.34  22.94  22.28  22.58  23.02  22.56  23.28  22.79  22.67   
21.45  21.99  21.92  23.18  23.15  23.64  23.01  22.58  22.51  23.26  23.14  22.47  22.80  23.02  23.37  23.68   
21.82  22.27  22.71  23.34  21.82  23.49  23.51  23.99  23.33  23.57  23.09  22.54  22.96  23.62  22.92  24.00   
21.92  22.53  23.83  23.80  22.45  23.39  23.35  23.47  23.35  23.58  23.85  23.56  23.51  23.94  23.36  24.26   


0
22.41  21.83  22.80  23.26  23.02  23.29  22.71  23.59  23.19  23.30  22.06  23.18  22.72  23.70  23.38  23.34   
20.80  21.65  22.66  23.67  22.98  23.47  22.85  22.51  22.96  23.40  23.60  22.94  23.18  22.81  23.68  23.57   
22.28  21.93  22.74  23.59  22.34  23.22  23.34  24.03  23.58  23.08  23.75  22.90  23.45  23.05  23.91  23.59   
21.81  22.30  22.99  23.84  22.89  22.52  22.84  23.62  23.73  23.51  23.77  23.96  23.54  23.83  24.03  23.77   


0
