
0
20.97  21.76  23.12  22.71  22.37  23.57  22.98  22.53  22.91  22.47  22.11  23.57  22.66  22.87  23.18  22.49   
21.69  21.96  22.13  22.70  22.81  23.10  22.68  22.75  22.48  23.84  23.12  22.77  22.78  22.75  23.88  22.75   
21.65  21.24  22.09  23.42  21.64  23.26  23.18  23.47  23.00  22.92  23.17  23.16  23.39  23.23  23.03  24.12   
22.04  21.83  23.05  23.30  21.60  23.25  23.00  23.44  23.21  23.67  23.01  22.94  22.97  23.49  23.81  24.59   


0
22.48  21.46  22.72  22.94  21.89  23.56  22.75  22.86  22.79  22.68  22.43  22.99  22.76  23.11  22.75  22.63   
21.14  21.95  22.12  23.03  22.90  23.50  22.77  22.14  22.47  23.22  22.37  23.18  23.11  22.98  23.47  23.04   
22.48  21.73  22.43  23.41  21.46  23.04  23.48  23.16  23.09  23.43  22.95  23.04  23.03  23.22  23.02  23.22   
21.88  22.63  23.16  23.65  22.55  22.78  22.54  23.32  22.63  23.43  23.47  23.28  23.47  23.34  22.69  23.52   


0
22.03  22.31  22.59  22.82  22.94  22.53  22.08  23.19  22.57  22.35  22.43  22.99  21.22  22.98  22.47  23.11   
21.00  22.08  21.77  22.91  23.11  23.29  22.57  22.84  22.68  23.33  23.32  22.86  23.22  22.98  23.33  24.10   
21.64  21.48  21.96  23.08  22.58  22.83  23.58  23.66  22.68  23.53  23.06  22.94  23.03  23.59  23.70  23.51   
21.59  22.76  23.04  23.29  22.27  23.12  23.09  23.43  23.31  23.43  23.35  23.28  22.69  23.90  23.48  23.70   


0
22.61  21.30  22.43  22.92  22.68  23.42  22.39  23.27  23.31  22.33  22.63  23.08  22.62  22.57  23.00  22.45   
21.38  22.05  21.98  23.00  23.19  22.54  22.75  22.72  22.75  23.40  22.87  22.62  22.97  23.45  23.58  23.32   
22.59  21.45  22.05  22.83  22.39  23.54  23.24  23.73  23.27  23.51  23.03  23.34  23.24  22.95  22.86  23.64   
21.85  22.07  23.27  23.38  22.11  22.76  23.29  22.86  23.29  23.98  22.97  23.14  23.44  23.31  23.14  23.32   


0
22.62  21.31  22.06  22.57  21.88  22.97  22.29  22.84  22.78  22.67  22.64  23.09  22.16  23.23  22.46  23.72   
21.12  21.56  22.69  22.90  23.21  23.07  22.76  22.43  22.25  23.51  22.67  23.17  22.53  23.34  23.32  23.33   
21.90  21.21  21.95  22.73  21.61  23.03  23.77  23.55  22.88  23.42  22.63  22.71  23.37  23.33  23.14  23.50   
21.42  22.21  23.78  23.75  22.67  23.11  23.52  23.09  23.30  23.19  23.10  23.15  23.20  23.47  22.20  23.33   


0
21.99  21.71  22.42  23.02  22.79  22.83  22.26  23.15  23.08  22.53  22.73  23.29  22.73  22.69  23.13  22.91   
21.91  22.17  22.08  23.55  22.54  23.66  22.53  23.01  22.02  23.19  22.65  23.04  22.73  22.82  23.97  23.76   
22.02  21.69  22.28  23.04  21.75  23.21  23.44  23.52  23.16  23.18  23.12  22.47  22.88  23.43  22.71  23.18   
21.55  22.05  23.76  24.09  21.96  22.86  22.73  23.06  23.27  23.17  22.84  22.77  22.79  23.72  23.60  23.30   


0
21.86  21.88  22.84  22.81  22.70  23.31  22.40  23.29  23.11  22.56  22.97  22.86  22.40  22.71  23.29  23.25   
22.20  21.81  21.40  23.01  22.99  23.28  22.96  22.83  22.35  23.11  22.99  23.38  22.98  22.72  23.59  23.78   
21.76  22.22  22.30  23.07  21.93  22.92  23.46  23.55  23.39  23.31  23.35  22.60  23.02  23.33  23.28  23.35   
22.01  22.48  23.53  23.75  22.12  23.11  22.75  22.98  24.20  23.65  23.10  23.27  23.20  23.04  23.15  23.15   


0
22.34  22.32  22.21  22.83  22.72  23.23  22.54  23.75  22.80  22.47  23.33  22.88  22.66  22.87  22.76  23.90   
21.42  21.71  22.37  22.93  22.81  23.20  23.08  22.96  22.79  23.03  22.48  23.41  23.12  23.36  23.75  23.36   
22.35  21.36  21.97  23.75  21.48  23.26  23.28  23.37  23.11  23.33  23.38  22.30  23.28  23.84  23.03  23.23   
21.75  22.24  23.68  22.33  22.83  23.36  22.89  23.55  23.32  23.79  23.48  22.94  22.71  23.07  23.81  24.24   


0
21.42  21.89  22.20  23.42  23.29  22.87  22.30  23.30  22.57  22.35  22.98  22.99  23.00  23.24  22.61  24.04   
20.86  21.44  22.00  23.14  23.01  23.08  22.97  22.54  22.68  23.12  23.00  22.65  22.88  23.35  22.65  23.65   
21.92  21.85  22.08  23.41  21.78  23.46  23.58  23.66  23.40  23.74  23.16  23.37  23.61  23.34  22.88  23.07   
22.17  22.76  23.29  23.53  22.68  23.58  22.87  23.43  23.31  23.89  23.35  23.40  22.82  23.34  24.11  23.34   


0
22.33  21.61  22.59  23.06  22.71  23.21  22.52  24.29  22.90  22.46  22.76  23.21  22.64  23.62  23.02  22.48   
21.14  22.08  21.77  22.35  22.90  22.77  23.07  23.15  22.16  23.63  23.32  22.86  23.11  23.10  23.47  23.35   
22.48  21.85  21.84  23.19  21.30  23.25  23.48  23.36  23.60  23.74  22.74  22.94  23.26  23.34  23.43  23.37   
21.59  22.76  23.92  23.53  22.82  23.69  23.20  23.32  23.88  23.89  23.58  22.92  23.98  22.91  23.16  24.40   


0
22.00  21.72  22.95  24.11  24.18  25.00  23.93  23.61  23.31  23.09  22.63  23.19  22.62  23.21  23.00  22.45   
20.84  21.54  21.98  23.00  23.61  24.70  23.25  22.72  22.34  23.40  23.29  23.05  22.74  22.96  22.76  23.92   
21.47  21.70  22.17  23.39  22.55  23.95  23.76  23.53  23.68  23.51  23.13  22.48  23.01  22.95  22.17  23.49   
21.26  22.87  23.90  23.02  22.38  23.33  23.07  23.08  23.63  23.41  23.21  23.26  23.32  23.73  23.30  24.02   


0
22.33  22.73  25.66  25.91  25.01  25.36  24.61  24.95  26.13  25.60  24.19  23.78  22.29  22.60  23.44  22.63   
21.68  22.58  24.10  25.26  24.69  25.83  24.17  24.44  24.11  25.13  23.74  23.07  23.22  23.23  24.14  23.65   
22.20  22.48  22.79  24.29  24.46  26.12  25.12  24.06  24.31  25.50  23.78  23.26  22.69  23.10  23.29  23.37   
22.03  22.63  23.54  24.48  24.69  25.70  24.84  24.30  23.99  24.90  23.35  23.16  23.47  23.34  22.53  23.16   


0
21.58  21.76  22.73  23.43  23.99  24.81  24.63  26.25  26.36  26.56  26.25  26.14  22.66  23.63  22.76  23.12   
22.50  21.71  22.95  24.72  25.11  25.54  25.66  26.13  26.92  27.40  26.33  25.51  23.23  23.12  23.48  23.81   
21.79  21.36  23.27  25.82  26.01  25.42  26.14  27.20  27.31  26.02  25.92  24.98  23.51  23.23  23.44  23.08   
22.19  22.51  24.31  27.08  25.90  25.82  25.82  25.93  27.01  26.58  24.75  23.42  22.71  23.49  23.65  23.00   


0
22.90  21.85  22.29  22.66  22.79  23.29  22.93  23.92  22.75  22.42  22.73  23.18  23.08  22.69  23.26  23.07   
21.77  22.29  22.08  23.10  22.86  23.15  22.93  25.20  23.76  24.29  24.12  24.31  23.52  23.07  23.29  23.46   
22.30  21.69  22.04  22.82  22.06  23.83  24.57  25.30  25.58  25.26  25.37  25.87  24.49  23.55  23.26  22.73   
21.84  22.19  24.01  24.33  23.05  24.66  24.69  25.24  26.41  27.30  26.99  26.08  24.84  23.72  24.07  24.36   


0
22.29  21.99  22.55  22.90  22.44  22.72  22.71  22.37  23.19  22.97  22.73  23.06  22.73  23.20  23.54  22.91   
21.64  21.28  21.61  23.21  22.86  23.46  23.13  23.61  22.84  22.88  22.86  23.14  22.84  22.94  23.29  22.70   
21.88  21.82  22.28  23.59  21.27  23.00  23.34  25.11  23.87  23.81  23.33  24.40  22.88  23.18  23.53  23.63   
21.25  22.59  23.76  23.49  21.96  23.54  23.28  24.48  24.85  23.85  24.01  24.67  24.58  23.44  23.13  23.66   


0
21.70  21.58  22.04  22.67  22.57  22.96  22.61  23.05  22.65  22.66  22.74  23.64  22.50  23.34  22.17  24.02   
21.25  22.18  22.33  23.11  22.77  23.06  22.34  22.72  23.37  23.20  22.87  23.05  23.31  23.08  23.17  23.17   
22.03  21.95  22.29  23.50  21.92  23.54  23.45  23.63  23.48  23.19  23.24  22.69  23.24  23.44  23.27  23.79   
21.85  22.47  23.14  23.50  22.52  22.53  23.07  23.73  24.19  23.41  23.09  23.50  22.67  23.88  23.30  23.49   


0
22.47  22.16  23.09  23.77  22.11  23.09  22.62  22.62  22.78  22.12  22.97  22.97  22.40  22.71  22.60  23.09   
21.26  22.44  21.63  22.90  22.89  23.17  22.76  22.63  22.25  22.91  23.09  22.63  22.87  22.97  23.99  23.18   
22.32  21.97  21.95  23.18  22.41  23.34  22.94  23.25  23.39  23.52  23.15  22.92  23.37  23.82  22.46  23.65   
22.45  22.75  23.28  23.03  22.26  23.22  22.97  22.54  23.30  23.54  23.69  23.51  22.94  23.18  23.63  23.15   


0
22.33  21.75  22.46  23.42  22.59  22.64  22.64  22.74  23.12  22.35  22.65  23.10  23.23  22.85  22.33  23.11   
21.41  21.82  22.00  22.91  22.48  23.29  22.67  22.54  22.57  23.73  23.00  22.86  23.56  22.98  23.60  23.65   
21.78  22.60  22.32  22.86  22.58  22.83  23.48  23.86  23.50  23.53  23.06  23.37  23.03  22.85  23.16  23.22   
21.44  23.56  23.54  23.77  22.00  23.35  22.87  23.32  23.77  24.00  23.70  23.16  22.30  23.62  23.01  24.22   


0
22.33  21.75  22.46  23.06  22.94  23.56  22.52  23.41  22.90  22.90  22.65  23.21  22.76  23.11  22.47  22.95   
21.41  21.82  22.00  23.03  23.01  23.60  23.17  23.04  23.19  23.22  22.79  22.75  22.88  22.74  23.74  23.19   
21.78  22.60  22.32  23.41  21.94  23.46  22.85  23.56  22.89  23.43  23.06  22.83  23.61  22.97  22.61  23.37   
21.44  23.56  23.54  23.53  22.41  23.46  23.09  23.43  23.08  23.89  22.88  23.64  23.08  23.20  23.16  23.52   


0
21.71  21.45  22.06  23.05  22.93  23.54  22.51  23.40  23.00  22.56  22.86  23.20  22.28  23.23  23.43  22.94   
21.26  22.19  22.58  23.01  22.99  23.59  23.16  23.03  22.15  23.21  22.67  22.74  23.32  23.21  23.45  23.48   
22.05  21.59  22.30  23.40  21.93  23.44  22.84  23.55  23.29  23.42  23.35  23.14  23.14  22.59  22.73  23.20   
21.13  22.62  23.66  23.51  22.40  23.45  23.08  23.42  23.30  23.65  23.57  22.67  23.33  23.75  22.99  23.68   


0
22.37  22.77  22.63  22.98  22.63  23.02  23.01  23.56  23.05  22.61  22.91  23.25  22.33  23.28  23.48  22.99   
21.72  21.99  22.27  22.84  23.15  23.22  23.21  22.98  22.20  23.26  22.72  22.79  23.37  23.26  23.37  23.23   
22.52  21.77  22.35  23.12  21.98  22.76  23.31  23.20  23.33  23.46  23.40  23.19  23.19  22.64  22.78  23.70   
22.36  23.07  22.82  23.32  22.45  23.84  23.13  23.25  23.35  23.70  23.62  22.72  23.38  23.80  23.20  23.91   


0
22.31  22.29  22.95  23.40  22.57  23.19  22.39  23.05  22.98  22.44  23.40  22.73  22.26  23.21  23.14  22.92   
21.92  22.30  21.98  23.23  22.98  23.37  23.15  23.32  22.86  23.50  22.76  23.26  23.42  22.83  23.31  23.17   
22.59  22.08  22.76  23.93  21.44  23.85  23.55  23.73  23.58  23.61  23.44  23.13  23.59  23.81  22.72  23.64   
22.00  22.60  23.39  23.74  22.38  23.55  22.85  22.86  23.97  23.64  23.67  23.50  23.44  23.59  23.14  23.85   


0
22.82  22.07  22.63  23.10  23.21  23.36  22.78  23.45  22.83  22.94  22.69  23.25  22.80  23.91  23.61  22.99   
21.99  22.62  22.63  23.52  23.36  23.22  22.91  22.98  23.02  23.87  23.04  23.43  23.71  22.65  23.23  23.68   
21.68  21.89  22.47  23.56  22.62  23.91  23.51  23.99  23.54  23.67  23.20  23.62  23.30  23.62  22.78  23.70   
22.06  22.67  23.83  24.04  22.45  24.06  22.91  23.58  23.46  24.04  23.50  23.20  23.76  23.37  23.20  24.44   


0
21.72  22.31  22.46  23.42  22.59  23.10  22.19  23.41  23.55  23.01  22.87  23.44  23.12  23.37  23.02  23.73   
22.22  22.33  22.71  22.80  23.32  23.08  22.87  22.74  22.57  23.53  23.21  23.29  22.88  22.98  24.01  24.10   
22.20  22.35  23.14  23.08  21.78  23.56  23.17  23.26  23.60  23.32  22.85  22.83  23.26  23.34  23.56  23.81   
22.61  22.76  23.54  23.77  22.68  23.46  23.64  23.32  23.77  23.55  23.47  23.88  23.08  23.76  25.20  25.10   


0
22.92  22.16  22.97  22.93  22.81  23.77  22.73  24.06  23.43  22.67  22.86  23.43  23.22  22.71  23.43  23.56   
22.20  22.19  21.99  23.47  23.31  23.89  23.36  22.53  22.77  23.21  23.09  23.06  23.55  23.95  23.18  23.78   
23.02  22.22  22.66  23.29  22.25  23.75  23.46  23.95  23.08  23.31  23.25  22.92  23.48  23.33  23.82  23.35   
22.89  22.35  24.04  23.87  23.48  23.79  23.96  23.31  23.98  23.19  23.57  23.75  23.07  24.45  23.78  24.74   


0
22.29  22.41  23.07  22.90  22.67  23.29  22.60  23.04  22.75  22.75  23.28  23.18  22.25  23.46  23.68  23.22   
21.77  22.29  22.55  23.10  23.29  23.36  23.23  23.01  22.43  23.79  23.70  23.36  23.07  23.31  24.10  24.06   
22.86  21.31  22.63  22.82  22.06  23.94  23.54  23.82  22.85  22.97  23.74  23.44  23.11  24.04  23.80  24.22   
22.13  22.99  23.00  23.85  22.51  23.31  23.17  23.83  23.73  23.74  24.01  23.37  23.30  23.72  23.92  23.13   


0
22.65  21.76  22.73  23.31  22.25  23.45  23.09  23.42  23.02  22.69  22.89  22.88  23.13  23.38  22.62  23.43   
22.23  22.34  22.25  23.72  23.12  23.41  23.08  22.35  23.20  23.24  23.43  23.30  23.23  23.48  23.34  23.81   
22.07  21.99  22.68  23.31  22.91  23.88  23.28  23.67  23.62  23.54  23.38  22.84  23.85  23.35  22.90  23.82   
21.89  22.37  23.56  23.78  22.29  23.81  23.22  23.66  23.32  23.33  23.94  23.66  23.48  24.05  23.81  24.41   


0
22.96  22.48  21.44  23.09  22.85  23.35  22.44  23.66  23.03  23.47  22.90  23.47  22.79  22.88  23.46  22.97   
21.16  22.23  22.50  22.94  23.24  23.52  23.20  23.27  22.91  23.55  23.03  23.10  23.36  23.62  23.63  23.67   
22.22  21.75  22.46  22.99  22.45  23.38  23.40  23.88  23.32  23.77  23.49  22.96  23.75  23.86  23.86  23.39   
22.34  22.92  23.70  23.55  23.25  23.49  23.67  23.57  24.02  24.03  23.61  23.07  23.24  24.20  23.03  24.43   


0
23.07  21.59  22.71  23.17  22.70  23.77  22.84  23.40  22.56  23.11  23.19  23.32  22.51  22.97  22.32  23.87   
21.53  21.56  22.11  22.90  22.78  23.59  22.96  22.83  22.66  23.31  23.30  22.95  23.21  23.58  24.13  23.63   
22.32  21.21  22.07  23.29  21.61  23.24  23.57  23.85  23.08  23.52  23.56  23.25  23.37  23.82  23.14  23.50   
22.01  23.15  23.78  23.75  22.12  23.90  23.41  23.20  23.41  23.65  23.69  23.03  23.33  23.18  24.10  24.39   


0
21.72  21.32  23.11  23.42  22.82  23.21  22.86  23.19  23.23  22.57  22.87  23.67  23.00  24.25  23.58  23.73   
21.95  22.46  22.59  23.14  23.64  23.80  23.07  23.04  22.98  24.03  23.42  23.29  23.45  23.59  23.74  23.80   
22.20  22.35  22.43  23.19  21.94  23.14  23.79  23.56  23.60  23.64  24.29  22.94  23.38  23.34  23.84  24.11   
21.44  22.90  23.80  23.89  23.22  23.69  23.20  23.54  23.65  24.23  24.05  23.28  23.08  23.76  24.27  25.10   


0
22.01  21.59  22.45  22.44  23.62  23.31  22.84  23.29  23.76  22.89  23.08  23.54  23.22  23.74  22.87  23.56   
21.80  23.20  22.58  24.14  23.10  23.07  23.06  23.33  23.07  23.21  22.99  23.27  23.66  22.85  23.99  24.38   
22.19  22.22  22.30  23.18  22.41  23.65  23.67  23.65  23.29  24.04  23.46  23.14  23.83  24.31  23.55  23.35   
22.45  23.15  24.16  23.87  22.94  23.45  23.19  23.42  23.64  23.65  23.69  23.75  23.84  24.59  23.94  24.74   


0
22.91  22.00  23.21  23.16  22.57  23.07  22.94  22.94  23.42  22.44  22.52  23.42  23.44  23.85  23.00  23.24   
21.38  21.54  22.45  23.79  23.30  23.68  22.75  23.22  22.44  23.50  23.29  22.94  23.20  23.20  23.44  23.02   
21.75  22.33  22.64  23.39  21.92  23.22  23.86  23.03  23.38  23.40  23.34  22.91  23.36  23.32  23.40  23.64   
22.15  22.20  23.65  23.86  23.06  23.78  23.07  23.08  23.51  23.41  23.67  23.38  23.32  23.31  23.14  24.20   


0
21.74  22.18  22.60  22.95  22.72  22.65  22.20  23.31  22.80  23.13  22.56  23.45  23.01  23.38  22.34  23.59   
21.96  22.47  22.37  23.15  23.02  22.99  23.18  22.96  22.79  23.84  23.12  23.30  23.46  23.48  23.75  23.51   
22.35  22.62  22.45  23.20  21.80  23.88  23.18  23.77  23.00  23.44  23.58  22.52  23.62  23.35  23.98  23.53   
21.60  23.18  22.92  23.54  22.29  23.70  23.00  23.55  23.55  23.79  23.59  23.06  23.87  23.63  23.81  24.06   


0
22.32  21.88  22.32  22.81  22.93  23.31  22.84  23.84  22.89  22.78  22.64  23.32  23.34  23.10  23.01  23.25   
21.93  21.81  22.22  23.01  23.10  23.28  22.86  23.13  22.77  23.72  23.30  23.17  23.32  23.21  24.13  23.33   
21.62  21.71  22.07  23.51  22.09  23.44  23.26  23.85  23.49  23.62  23.46  22.60  23.60  23.57  23.14  23.35   
22.31  22.48  23.78  23.39  22.26  23.34  23.30  23.64  23.41  23.42  22.87  22.79  23.07  23.75  23.47  24.39   


0
22.19  21.48  22.60  22.95  23.18  22.54  22.76  23.42  23.24  22.36  22.78  23.79  22.54  23.25  23.31  22.80   
21.56  22.47  22.48  23.15  22.28  23.20  23.28  22.55  22.89  23.44  23.12  22.87  23.35  23.12  23.88  23.96   
22.21  21.87  22.33  23.42  22.11  23.16  23.18  23.97  22.90  23.75  22.65  23.27  23.05  23.48  23.71  22.93   
22.04  23.18  23.94  23.30  22.29  23.14  23.22  22.67  23.44  23.90  23.59  23.30  22.84  23.49  23.97  24.41   


0
21.99  21.28  22.81  22.42  22.67  22.72  22.49  23.26  23.63  22.75  22.84  22.95  22.13  22.82  23.13  23.22   
21.50  22.29  21.96  22.99  22.76  23.15  22.83  22.60  22.33  23.89  22.65  23.04  22.39  22.94  24.37  23.31   
21.32  21.69  22.51  23.04  22.22  23.63  23.65  23.32  23.06  23.18  23.43  22.57  22.88  24.04  23.66  23.18   
21.69  22.72  23.51  23.25  23.32  23.54  23.28  23.72  24.07  23.28  23.31  23.13  23.56  23.58  23.60  24.01   


0
21.99  21.42  22.94  22.54  22.55  23.06  22.71  23.26  22.86  23.08  23.06  23.06  22.96  23.46  22.57  22.60   
21.50  21.40  21.61  23.21  22.65  23.15  23.33  22.40  22.43  23.49  22.43  23.25  23.30  22.82  23.56  23.76   
23.00  21.44  22.51  23.48  22.54  23.42  22.82  23.42  23.46  23.29  22.81  23.01  23.00  23.67  22.98  23.63   
21.99  22.86  23.38  23.73  22.78  23.20  23.17  23.39  23.27  23.74  22.96  23.13  23.05  23.02  23.60  24.01   


0
22.14  21.57  21.90  22.78  22.09  23.29  21.82  23.48  22.53  22.42  22.73  22.83  22.49  22.82  22.85  23.07   
21.23  21.40  21.73  22.65  23.07  23.05  22.53  22.71  22.33  23.49  22.65  23.04  22.62  22.82  23.02  23.01   
21.46  21.31  22.75  22.82  22.54  23.11  23.54  23.62  22.85  23.39  23.22  22.79  23.23  22.93  23.26  23.03   
21.55  21.92  23.38  23.13  23.05  23.43  22.73  23.50  23.27  23.40  23.08  23.37  22.66  23.58  22.49  24.19   


0
22.46  21.72  22.43  23.04  22.68  23.64  22.83  23.38  23.42  22.44  22.85  22.39  22.50  23.60  23.14  23.39   
21.79  21.54  22.21  22.66  23.09  22.96  22.85  22.41  22.65  22.90  23.29  22.84  22.74  22.71  23.31  23.17   
21.89  21.32  22.41  23.39  21.12  23.01  23.55  23.43  22.97  23.40  23.13  22.48  23.59  23.07  22.58  23.19   
22.29  22.20  23.52  23.38  22.52  23.55  23.51  22.97  23.29  23.52  23.09  23.62  23.06  23.45  23.93  23.49   


0
22.48  21.32  23.49  23.06  22.71  22.87  22.41  23.41  23.01  23.01  22.54  23.44  22.76  23.37  23.16  23.42   
21.41  21.95  21.88  23.37  22.69  23.29  22.97  22.44  22.37  23.22  22.90  22.86  23.22  22.98  24.01  23.19   
21.78  21.85  22.55  23.30  21.46  23.25  23.27  23.36  23.20  23.11  23.16  23.47  23.15  23.10  23.29  23.07   
22.47  21.96  23.80  23.65  22.14  23.91  23.09  23.21  23.54  23.32  23.35  23.16  23.21  24.04  24.11  24.05   


0
22.32  22.02  22.84  22.93  22.35  23.09  22.29  23.51  23.00  22.56  22.97  22.97  23.10  23.23  23.15  23.56   
21.39  21.94  22.11  22.90  22.36  23.48  22.56  22.53  22.77  23.82  23.41  23.17  23.21  23.34  23.86  23.18   
22.19  21.97  22.54  23.18  22.25  22.82  23.36  23.95  23.39  23.62  23.15  23.03  23.60  23.57  22.73  23.50   
21.87  22.21  22.77  23.39  22.80  23.34  23.19  23.20  23.53  23.42  23.45  23.15  23.33  23.47  23.31  24.39   


0
22.92  21.59  22.71  22.81  22.46  23.20  23.07  23.06  22.89  23.22  22.64  22.97  22.51  22.59  23.15  22.94   
21.26  22.44  21.87  23.58  22.89  23.07  22.76  22.33  22.35  23.41  23.09  23.27  23.44  23.21  23.32  23.33   
22.60  21.59  22.42  22.51  21.93  24.07  23.46  23.05  23.08  23.42  23.15  22.82  23.14  23.21  23.42  23.50   
22.31  22.62  23.78  23.99  21.71  23.00  23.52  23.53  23.64  23.08  23.22  23.75  22.94  23.32  23.31  23.86   


0
22.17  22.16  22.71  23.29  22.35  22.63  22.62  22.73  22.67  22.67  22.53  23.20  22.87  22.97  23.29  22.31   
22.07  22.44  21.87  22.90  23.10  23.48  23.16  22.53  23.18  22.91  23.20  22.74  23.55  23.34  23.72  24.08   
22.46  22.22  22.18  22.73  21.93  24.07  23.67  23.65  23.49  23.83  23.35  23.14  23.60  23.70  23.82  23.35   
22.31  22.48  23.78  23.99  22.80  23.22  23.52  23.53  23.53  23.54  23.45  23.15  23.20  23.47  24.57  24.21   


0
22.17  22.16  22.71  22.57  22.46  23.20  22.40  23.73  23.11  22.45  23.19  23.09  23.22  23.74  22.87  23.72   
22.07  22.44  21.87  22.79  23.21  23.07  22.76  23.03  22.87  23.72  23.20  22.95  23.55  23.34  23.59  23.78   
22.46  22.22  22.18  23.51  21.93  22.71  23.57  23.05  22.98  23.73  23.76  22.71  22.56  23.21  23.01  23.20   
22.31  22.48  23.66  23.75  22.53  23.11  23.52  23.42  22.73  23.88  23.92  23.27  23.33  23.32  23.15  24.39   


0
21.99  21.71  22.42  22.54  22.44  23.18  22.38  23.70  23.08  22.97  22.73  22.83  22.25  23.58  22.43  22.60   
20.96  22.54  22.43  22.76  23.18  23.05  22.73  23.01  22.43  23.39  22.86  22.93  23.18  22.33  23.43  22.70   
21.88  22.32  22.04  23.48  21.91  22.69  23.54  23.02  23.36  22.76  22.91  22.68  23.11  23.18  22.85  23.48   
22.43  22.86  23.63  23.73  22.51  23.09  23.50  23.39  23.62  23.28  23.78  23.13  22.66  23.16  22.97  23.13   


0
22.04  21.33  21.56  23.19  22.60  23.00  22.31  23.42  23.13  23.02  22.78  22.88  22.30  23.63  22.48  23.59   
21.28  21.96  22.13  22.81  23.23  23.51  22.98  22.75  22.48  23.44  22.91  22.98  23.23  22.38  22.93  23.06   
21.65  21.99  22.45  23.31  22.11  23.47  23.38  23.77  23.41  22.81  22.96  22.73  23.16  23.23  22.90  22.78   
22.04  22.51  23.43  23.66  22.56  23.93  23.11  23.77  23.66  23.33  23.83  23.18  22.71  23.21  23.33  23.18   


0
22.14  21.71  22.29  22.30  22.09  23.29  22.15  23.37  22.75  22.86  22.28  22.95  22.49  22.82  22.43  23.54   
21.77  21.15  21.84  22.88  22.65  23.46  22.63  22.81  22.95  23.29  23.07  22.39  23.41  22.94  22.88  23.01   
21.60  21.69  22.04  23.15  21.27  22.58  23.02  22.92  22.44  23.91  23.22  23.33  23.11  22.69  22.85  22.73   
21.25  22.72  23.63  24.09  22.24  23.31  23.28  22.95  23.50  23.85  23.31  22.77  22.79  23.86  23.29  23.13   


0
22.29  21.57  22.03  22.90  22.20  23.52  22.71  23.26  23.08  21.87  22.28  22.95  22.13  22.95  22.43  22.75   
21.50  22.54  21.61  22.88  22.54  23.15  23.03  22.60  22.43  23.29  23.07  22.72  22.84  23.31  23.56  23.61   
21.74  22.19  22.40  22.93  21.43  23.73  23.54  23.12  22.85  23.29  22.71  23.22  23.57  22.81  23.53  23.48   
22.43  21.92  23.89  23.73  21.69  23.20  23.17  22.95  22.93  23.85  23.78  23.25  22.40  23.72  23.76  24.01   


0
21.85  21.30  22.82  22.67  22.33  22.96  22.83  23.61  22.54  22.66  22.52  22.85  22.74  23.34  22.72  23.55   
21.25  21.93  21.74  23.68  23.40  23.16  22.44  22.92  22.55  23.20  22.66  23.48  23.31  22.96  23.58  23.77   
22.31  21.95  21.70  22.72  21.60  23.01  23.35  23.23  22.86  22.88  22.93  22.80  23.59  22.58  23.95  23.64   
21.85  22.33  23.27  23.38  21.70  22.87  23.29  22.86  23.29  23.18  23.21  22.90  23.32  23.03  23.77  23.49   


0
21.90  21.77  21.96  22.36  22.03  22.55  22.77  23.55  22.37  22.60  23.01  23.69  22.31  23.14  23.33  23.13   
21.30  21.72  21.67  23.05  23.03  23.11  22.80  22.87  23.11  23.35  23.13  23.42  23.36  23.01  23.76  23.52   
21.94  22.13  21.75  23.32  21.65  22.85  23.29  23.28  23.32  23.66  23.70  23.18  23.75  23.49  23.72  23.54   
22.05  22.65  23.82  23.91  22.30  23.26  23.12  23.35  23.79  23.57  23.61  23.31  23.62  23.78  23.66  24.43   


0
21.70  21.86  22.82  22.31  22.57  22.96  22.39  22.50  22.76  22.22  22.74  22.62  22.38  23.21  23.28  23.24   
20.97  21.93  22.09  22.89  23.09  22.96  22.54  22.62  22.75  23.30  22.98  23.05  23.54  22.96  23.85  23.92   
21.89  21.58  21.82  22.83  22.24  23.43  23.14  23.83  22.97  23.40  23.44  23.45  23.70  24.05  23.95  22.89   
21.12  22.07  23.52  23.74  22.11  24.00  23.84  23.08  23.51  23.64  23.21  23.26  23.44  23.31  23.30  22.96   


0
21.57  22.17  22.20  22.09  23.17  23.56  22.19  22.86  23.12  22.79  22.87  23.56  22.76  23.37  23.58  23.89   
21.27  21.70  22.12  23.48  22.90  23.50  22.47  22.34  22.88  23.53  23.00  23.18  22.99  22.74  24.01  23.95   
21.64  21.98  22.43  23.41  22.10  23.14  23.48  23.16  23.50  23.64  22.95  23.04  23.38  23.22  22.88  23.96   
22.03  22.49  23.92  23.41  22.82  23.24  23.31  23.21  23.31  23.66  23.00  23.28  23.08  23.34  23.48  24.58   


0
22.14  21.71  22.94  23.14  22.67  23.40  23.04  23.04  23.19  22.42  22.95  22.95  22.61  23.58  23.13  23.22   
21.37  21.66  21.84  22.88  22.65  22.94  22.93  22.60  22.95  23.29  23.28  22.93  23.30  22.94  23.43  23.91   
22.44  21.44  22.16  23.48  22.38  23.21  23.65  23.62  22.85  23.60  23.64  22.68  23.23  23.18  23.26  23.33   
21.69  22.72  24.01  23.25  22.91  23.65  23.17  23.17  23.62  23.96  23.78  23.61  23.43  23.72  23.92  23.66   


0
21.56  21.45  22.71  23.29  22.58  23.09  22.18  23.06  22.78  22.56  23.08  23.09  22.75  23.35  22.87  23.87   
20.99  22.32  21.99  23.80  23.31  23.17  22.96  22.73  22.66  23.62  23.09  23.59  22.87  24.07  23.32  23.18   
22.19  21.84  22.18  23.40  22.09  23.65  22.94  23.55  23.69  23.42  23.56  23.46  23.14  23.33  23.01  23.20   
22.45  22.62  23.91  23.75  22.67  23.11  23.52  23.09  23.19  23.76  23.10  23.03  23.84  24.03  24.41  23.33   


0
22.32  22.16  22.45  23.29  22.81  23.66  23.18  23.18  23.21  23.00  22.64  22.97  23.22  23.10  23.43  22.62   
21.39  22.32  22.34  23.58  22.99  23.38  23.26  23.03  22.35  23.41  23.51  23.38  23.10  23.46  24.26  24.83   
21.76  22.22  22.30  22.96  21.77  23.24  23.36  23.25  23.08  23.42  23.15  22.60  23.94  23.70  23.28  23.35   
21.72  22.48  24.04  23.87  22.40  23.11  23.52  23.20  23.53  24.44  23.92  22.55  22.81  23.47  22.99  23.51   


0
21.44  21.49  22.87  22.97  22.62  22.55  22.66  23.66  23.36  22.71  23.01  23.01  23.02  23.26  22.77  23.13   
21.70  22.48  22.26  23.39  23.03  23.52  22.80  23.07  22.49  23.45  23.45  23.21  23.81  23.62  23.63  24.27   
21.94  22.38  22.69  23.43  22.45  23.48  23.40  23.58  23.42  23.77  23.49  23.71  23.40  23.86  23.86  23.24   
22.34  23.59  24.20  23.79  23.25  23.71  23.78  22.91  23.79  23.80  23.49  23.07  23.49  24.20  24.60  23.72   


0
22.00  21.72  21.78  23.28  22.45  23.19  23.05  23.16  22.98  21.78  22.74  22.73  22.50  23.85  23.14  22.92   
20.84  21.54  22.91  23.23  23.19  23.37  22.75  22.52  22.55  23.30  22.98  23.37  23.31  23.45  23.85  23.62   
22.59  21.95  22.53  22.72  21.92  23.43  23.35  23.73  22.86  23.82  23.13  22.80  23.24  23.69  23.40  23.79   
21.71  22.60  23.65  24.22  22.93  23.33  23.51  23.19  23.17  23.86  23.44  22.90  23.06  23.88  23.30  23.32   


0
22.05  21.63  22.87  23.45  22.27  23.47  22.99  23.43  23.14  22.38  23.12  23.58  22.91  23.26  22.77  23.13   
21.97  22.23  21.79  23.05  22.61  23.73  22.49  22.87  22.29  23.35  23.34  23.31  23.47  23.62  24.17  23.52   
22.36  22.13  21.99  23.21  21.49  23.48  23.09  23.78  23.53  23.87  23.18  22.53  23.40  23.12  23.72  24.13   
22.78  22.52  23.44  24.03  22.71  23.38  23.34  23.57  23.56  23.69  24.30  23.43  23.88  23.08  23.98  24.60   


0
23.17  21.26  22.53  22.39  22.53  22.69  22.68  23.68  22.95  22.29  22.92  23.15  23.17  23.30  23.38  22.10   
21.61  22.14  21.82  22.85  22.94  23.12  22.71  22.78  22.82  23.47  22.83  22.90  23.05  23.53  24.35  23.88   
22.27  22.17  21.90  23.24  21.88  23.19  22.79  23.50  23.34  23.05  23.20  22.98  23.20  23.52  23.91  24.05   
