0
21.87  21.88  22.57  23.27  22.91  23.18  22.82  22.93  22.86  22.42  22.50  23.06  22.49  23.34  23.43  22.48   
21.52  22.05  22.20  22.88  22.43  23.24  22.42  22.59  22.42  23.28  23.06  22.71  22.62  23.20  23.04  22.28   
21.48  21.83  21.81  22.93  21.63  23.10  23.02  23.41  22.94  23.38  22.70  22.89  22.89  23.19  23.14  24.11   
22.16  23.01  23.01  23.50  23.21  23.43  23.28  23.17  23.16  23.74  23.32  23.61  23.32  23.61  23.49  23.72   


0
21.48  21.52  21.98  23.21  22.74  23.58  22.55  22.88  22.92  22.81  22.57  23.13  22.68  23.02  23.63  22.54   
20.77  22.24  22.03  22.83  22.39  23.41  22.78  22.66  22.28  23.64  22.91  23.09  23.25  22.89  23.11  22.65   
21.83  21.89  22.11  22.88  21.54  23.47  22.66  23.77  23.42  23.13  22.66  23.06  22.72  22.88  23.34  23.58   
21.64  22.27  23.33  23.56  22.32  23.26  22.68  23.12  23.68  23.80  23.26  23.56  23.00  23.95  24.02  23.79   


0
21.48  21.52  21.98  23.21  22.62  23.24  22.88  23.21  22.92  22.70  22.23  23.13  22.56  23.53  22.66  22.39   
20.77  22.24  22.03  22.83  23.13  23.92  22.08  22.45  23.10  23.54  22.91  23.20  23.02  23.26  23.24  22.35   
21.83  21.89  22.11  23.21  20.73  23.27  23.08  23.57  22.70  23.24  23.28  22.74  23.06  22.88  23.07  23.28   
21.64  22.27  23.33  23.56  22.46  23.26  23.23  22.57  23.23  22.78  23.61  23.20  23.77  24.09  22.44  23.08   


0
22.06  22.20  22.35  22.83  22.60  23.22  22.86  23.19  22.90  22.79  22.54  22.53  22.06  22.61  23.05  22.04   
21.29  21.71  22.71  23.14  23.11  23.90  22.05  22.43  23.08  23.21  22.68  22.64  22.88  22.62  23.76  22.17   
22.22  21.99  21.61  23.19  20.71  23.24  23.05  23.55  22.98  23.11  22.84  22.82  23.38  23.23  22.77  23.25   
21.76  22.24  23.81  23.53  22.43  23.24  23.20  22.55  23.20  23.55  23.00  22.57  23.36  23.37  23.21  23.58   


0
22.06  22.34  22.48  22.71  22.60  23.10  22.30  22.85  23.11  22.79  22.54  22.53  22.06  22.61  23.05  22.36   
21.02  21.96  21.41  23.59  22.26  22.87  22.05  22.73  22.77  23.21  22.68  22.64  22.88  22.62  23.76  22.93   
21.94  22.11  21.96  23.63  22.15  23.03  23.47  23.25  22.98  23.11  22.84  22.82  23.38  23.23  22.77  22.80   
20.73  22.65  23.56  23.77  22.57  23.35  23.53  22.99  23.20  23.55  23.00  22.57  23.36  23.37  22.57  23.05   


0
21.91  21.49  22.08  22.22  22.13  22.87  22.52  23.30  23.11  22.68  22.65  22.87  22.29  22.61  23.33  22.36   
20.88  21.71  21.77  23.14  22.26  22.77  23.06  22.43  22.46  23.72  22.57  23.07  23.34  22.75  23.08  22.93   
21.80  21.49  22.44  23.63  21.67  23.24  23.26  23.95  23.08  23.11  22.94  22.28  23.15  23.23  23.32  22.80   
21.17  22.24  23.68  23.41  22.30  22.56  23.20  22.99  23.54  23.09  23.35  22.81  23.23  23.37  22.57  23.05   


0
22.10  21.53  22.38  22.74  22.87  23.25  22.89  23.33  22.93  22.61  22.47  22.91  22.21  22.52  23.09  22.87   
20.79  21.87  22.04  23.18  22.93  23.22  22.59  23.07  22.70  23.35  22.71  22.68  23.03  23.03  22.85  23.27   
21.98  22.15  22.24  23.22  22.03  23.59  23.19  23.08  23.53  23.04  23.50  22.97  23.08  23.27  23.22  23.29   
21.21  21.74  23.72  23.33  22.47  23.28  23.24  23.79  24.03  23.36  23.04  23.45  23.39  23.69  23.72  23.62   


0
21.76  21.63  22.99  22.95  22.36  23.33  22.52  22.96  22.57  22.46  22.65  23.44  22.77  21.84  23.05  22.99   
21.43  22.09  21.18  23.25  22.47  22.87  22.86  23.13  22.56  23.11  22.78  22.96  23.11  23.11  22.95  22.93   
21.66  22.11  22.56  22.86  22.15  23.34  23.26  23.15  23.19  23.11  23.25  22.82  23.04  22.98  23.18  22.80   
22.35  22.11  23.30  23.53  22.97  23.35  23.20  22.77  23.54  22.98  23.12  23.05  23.10  23.37  23.37  23.05   


0
22.67  22.20  22.22  22.59  22.71  23.56  22.63  23.30  22.57  22.35  22.87  22.87  22.53  23.00  23.19  23.77   
21.70  22.34  22.00  22.80  23.42  23.28  22.76  22.43  22.36  23.52  22.78  23.39  23.34  22.75  23.08  22.93   
21.24  22.11  22.79  22.74  21.51  23.34  23.05  24.14  23.29  22.79  22.53  23.25  23.50  23.35  22.91  23.25   
21.47  22.38  23.05  23.29  22.57  22.67  23.53  22.99  23.88  23.32  23.12  23.17  23.36  23.22  23.53  22.87   


0
21.90  21.76  23.11  22.94  22.58  22.63  22.51  23.62  23.65  22.89  22.53  22.98  22.28  23.50  22.48  22.98   
21.95  21.57  22.58  23.01  22.99  23.06  22.85  22.92  22.55  23.51  23.09  22.63  22.76  22.98  23.88  22.92   
21.93  22.10  22.19  23.18  21.82  22.81  23.14  23.24  22.76  23.30  23.14  23.13  23.49  23.09  23.44  23.09   
21.75  22.50  23.42  23.64  22.42  23.11  23.85  23.09  23.30  23.99  23.23  22.92  22.83  23.78  23.83  23.39   


0
21.87  21.45  22.31  23.03  22.91  25.55  23.26  24.47  23.84  23.19  22.84  22.95  23.20  23.09  22.60  22.95   
20.84  22.05  22.20  23.44  22.75  24.67  22.72  22.69  23.04  23.08  22.85  22.82  23.07  22.46  23.99  22.89   
21.48  21.32  22.28  23.26  22.11  22.89  23.12  23.41  23.25  23.49  22.80  22.57  23.23  22.82  23.14  23.36   
21.72  22.74  23.27  22.89  22.12  22.97  22.84  22.62  23.05  23.40  23.32  23.26  22.80  23.75  23.01  23.72   


0
22.81  22.04  22.72  24.96  25.91  25.57  24.93  24.50  24.41  25.37  24.28  24.11  22.87  23.24  23.18  23.29   
21.68  22.33  22.34  23.47  24.67  25.31  24.74  24.42  24.69  25.11  24.97  23.91  23.89  22.73  23.48  23.52   
22.49  21.85  21.95  23.18  22.13  25.39  24.79  24.73  24.29  24.35  24.47  23.67  23.49  22.85  23.85  23.54   
22.34  22.63  23.29  23.16  22.15  23.45  24.17  24.07  24.77  23.42  23.81  23.28  23.73  22.79  23.04  23.92   


0
21.81  21.26  23.04  23.60  24.61  25.97  25.74  26.07  25.43  24.89  25.53  26.51  25.84  24.57  22.68  22.73   
21.34  22.27  21.94  24.31  26.38  26.96  26.94  25.76  25.16  25.27  25.34  25.13  26.07  24.02  23.81  22.83   
22.27  21.91  22.72  24.55  26.40  26.97  26.47  26.45  25.46  25.74  25.85  24.90  24.12  23.77  23.91  23.45   
21.67  22.56  23.48  23.58  24.77  26.19  26.07  25.97  24.72  25.06  25.37  24.53  23.66  23.27  24.05  23.10   


0
22.37  22.06  22.22  23.07  22.60  23.33  23.19  24.73  24.53  23.12  23.42  23.78  23.36  22.74  23.33  22.36   
21.97  21.45  22.12  23.25  22.79  23.38  23.46  24.23  24.20  25.02  25.29  25.39  25.58  24.09  23.76  23.83   
21.38  21.61  22.67  23.41  22.31  24.59  25.31  25.91  25.21  25.39  26.20  26.53  26.22  25.30  24.00  23.55   
21.47  22.11  23.81  23.05  23.38  26.03  25.81  26.13  26.23  26.57  26.91  27.05  26.65  25.74  23.53  23.41   


0
22.38  22.35  22.88  23.08  22.96  22.54  22.42  23.42  23.02  22.47  22.55  23.00  22.90  22.63  23.61  22.53   
21.30  21.85  22.02  23.60  22.69  22.67  22.87  23.45  22.99  23.53  23.32  23.29  22.89  23.37  23.50  23.24   
22.93  21.88  22.69  22.65  21.84  23.88  23.38  24.16  24.52  23.43  22.96  23.27  23.97  22.87  23.60  22.82   
22.22  22.79  23.70  23.55  22.58  23.48  23.32  24.64  25.35  24.91  24.64  24.38  25.41  24.08  23.85  23.60   


0
22.38  21.22  21.84  22.84  22.02  23.23  22.76  23.09  22.69  22.69  22.33  23.34  22.66  22.88  22.65  22.37   
21.44  21.97  22.25  22.81  22.91  23.40  22.77  22.74  22.37  23.13  22.90  23.19  23.46  23.25  23.23  22.64   
21.95  22.00  21.86  22.87  22.32  23.04  23.38  23.26  23.40  22.91  23.27  22.73  23.05  23.00  23.87  23.56   
22.94  22.66  23.82  23.67  22.99  23.48  23.32  23.33  23.33  24.01  23.95  22.71  22.98  23.94  23.38  23.77   


0
21.74  21.48  22.72  23.18  22.00  23.43  22.84  23.40  23.32  22.56  22.97  22.98  22.52  23.50  22.76  22.82   
21.82  21.82  21.40  22.79  22.88  23.06  22.85  22.72  22.76  23.20  23.30  23.27  22.87  22.98  23.21  23.52   
22.49  22.23  22.31  23.18  22.13  23.64  23.77  23.34  23.17  22.99  23.24  22.70  23.49  22.60  23.71  23.54   
22.19  22.90  23.16  23.28  22.42  23.45  23.08  22.87  23.98  23.65  24.27  23.52  23.47  23.64  23.83  23.92   


0
22.71  21.10  22.12  23.11  22.75  22.80  22.56  23.00  23.37  22.39  23.13  22.68  23.16  23.16  23.09  22.71   
21.19  22.13  22.51  23.52  22.83  23.22  23.10  22.57  22.50  23.05  23.14  23.53  22.46  23.03  22.85  22.97   
22.12  22.28  21.41  23.22  21.55  23.59  23.61  23.68  23.12  23.77  23.08  23.18  23.19  23.27  23.22  22.99   
21.21  22.28  23.34  23.93  22.47  23.50  23.24  23.47  23.35  23.47  23.27  22.73  23.01  22.84  23.72  24.15   


0
22.21  21.63  21.95  22.22  22.01  23.10  22.41  22.85  23.11  22.35  22.98  23.33  23.00  23.38  22.63  22.99   
21.15  21.96  21.65  23.14  23.21  22.97  22.56  22.53  22.77  23.52  23.21  22.43  23.11  22.50  23.35  22.78   
22.22  21.74  22.32  22.86  21.83  23.45  23.57  24.05  22.98  23.11  22.94  22.72  22.92  23.35  23.18  23.85   
22.06  21.97  23.56  23.77  22.30  22.90  23.42  23.54  23.43  23.55  23.47  23.17  22.45  23.51  23.53  23.23   


0
22.87  21.82  22.79  22.76  22.53  22.81  23.13  22.90  22.84  22.40  22.26  23.15  22.70  23.18  22.96  23.04   
21.07  21.38  22.64  23.08  23.16  22.71  23.11  22.17  22.41  23.26  22.94  23.12  23.16  23.16  23.81  23.13   
21.99  21.66  22.37  23.24  21.56  23.81  23.10  23.80  23.34  23.47  22.99  22.77  23.20  23.40  22.55  22.70   
22.25  22.56  23.86  24.06  22.07  22.95  22.70  23.59  23.36  23.60  23.52  23.34  22.76  23.27  24.21  23.63   


0
22.50  22.32  21.94  22.94  22.82  23.32  22.29  23.17  22.99  22.78  22.42  22.63  22.87  22.34  22.48  22.51   
21.82  21.95  21.76  23.24  22.99  23.37  22.64  22.82  22.55  23.51  22.88  23.06  23.44  23.47  23.21  23.22   
21.37  22.23  22.07  23.29  21.82  23.23  23.04  23.44  22.87  23.62  23.24  23.24  22.91  22.85  23.03  23.09   
22.04  22.23  23.04  23.40  22.96  22.89  22.86  22.98  23.53  23.20  23.58  22.92  23.47  23.50  22.72  23.57   


0
21.92  20.93  21.97  22.72  22.96  23.46  22.31  23.64  23.24  23.02  22.55  22.66  22.66  23.01  22.65  23.47   
21.57  21.72  22.02  22.81  22.80  23.60  22.57  22.74  22.47  23.13  22.58  23.19  23.24  23.37  23.09  22.94   
21.53  22.00  21.62  23.53  21.68  23.15  23.27  24.06  23.20  23.01  23.37  22.84  23.63  23.98  23.19  23.27   
22.51  21.99  24.20  24.03  22.17  23.02  23.00  23.66  23.21  23.45  23.60  23.31  22.72  23.24  23.54  24.13   


0
22.25  21.81  22.25  22.87  22.52  23.37  22.45  23.45  23.04  22.39  23.02  22.91  22.45  23.16  22.81  23.34   
21.60  21.75  22.04  23.63  22.61  23.32  22.90  22.47  22.91  23.76  23.24  22.79  23.60  24.01  23.93  22.66   
21.98  22.40  22.24  24.00  21.71  23.59  22.99  23.28  23.12  23.14  22.88  22.64  23.31  23.27  23.08  22.84   
22.24  23.09  22.96  23.45  22.47  23.39  23.02  23.47  23.58  23.36  23.04  23.45  23.52  22.69  24.19  23.09   


0
22.53  21.79  22.49  22.96  22.96  23.57  22.42  22.76  22.36  23.35  23.00  23.11  22.66  22.88  22.51  22.85   
21.17  21.72  22.02  22.81  22.80  23.40  22.97  22.64  22.78  23.63  22.58  23.51  22.78  22.88  23.09  23.09   
22.38  22.13  21.98  23.09  22.00  23.25  23.48  23.26  22.69  23.75  23.06  23.16  23.05  23.00  23.19  23.12   
21.48  22.79  23.44  23.79  22.04  23.14  23.00  23.33  23.55  23.34  23.13  22.71  22.46  23.38  23.06  24.30   


0
22.06  22.48  22.61  23.07  22.48  22.76  22.63  23.08  23.01  22.57  22.54  22.87  22.65  22.61  22.91  22.36   
21.56  21.58  21.89  22.57  22.79  22.97  22.76  22.83  22.25  23.32  23.21  23.28  23.22  22.62  23.49  23.08   
22.22  21.86  22.56  23.63  21.35  23.14  23.16  23.15  23.08  23.32  23.05  22.50  23.38  22.49  23.59  23.10   
21.62  22.24  23.18  23.05  22.16  22.67  23.42  23.54  23.54  23.09  23.12  23.17  22.58  23.08  23.68  23.58   


0
21.90  21.48  22.85  22.33  22.35  23.09  22.51  23.17  22.99  22.56  22.75  22.98  22.99  22.60  23.45  22.19   
21.68  21.70  21.76  23.01  22.35  23.17  22.85  22.82  22.45  23.20  22.67  23.16  23.10  22.49  23.75  22.92   
22.35  21.47  21.71  22.40  21.34  23.33  23.66  23.24  23.48  23.09  23.14  22.49  23.49  23.22  23.17  23.09   
22.19  21.69  22.91  23.40  22.83  23.79  22.75  22.76  23.30  23.42  23.34  23.40  23.22  23.64  22.88  23.39   


0
21.78  21.37  22.50  22.61  21.92  23.01  22.10  23.21  22.70  22.37  22.90  23.13  21.96  22.51  22.52  23.02   
21.05  22.11  21.79  23.16  22.81  22.89  22.38  22.86  22.18  23.34  23.23  22.56  22.45  22.89  23.51  23.11   
22.11  21.64  22.11  22.99  21.85  22.95  23.18  23.57  23.42  23.24  23.28  22.85  22.72  23.50  23.48  23.28   
22.08  21.87  23.20  23.68  22.86  23.26  22.35  23.12  23.00  24.03  22.91  23.32  23.12  23.81  22.92  23.43   


0
21.78  21.37  22.50  22.61  22.27  23.58  22.21  23.21  22.48  22.81  22.79  22.90  22.79  23.53  22.66  22.39   
21.05  22.11  21.79  23.16  22.92  22.69  22.78  22.66  22.18  23.24  22.81  23.09  23.14  23.02  23.38  23.11   
22.11  21.64  22.11  22.99  22.33  23.16  22.97  23.37  23.31  23.34  23.18  22.52  23.06  23.01  22.52  23.13   
22.08  21.87  23.20  23.68  22.46  23.26  23.23  23.78  23.00  24.03  22.91  23.20  23.38  23.95  23.71  23.43   


0
21.63  21.66  22.37  22.37  22.27  23.58  22.21  23.21  22.48  22.81  22.90  23.70  22.08  23.02  23.21  22.86   
21.32  21.86  22.38  22.94  22.92  22.69  22.78  22.66  22.18  23.24  22.38  23.20  23.25  23.14  22.97  23.11   
22.53  21.51  22.23  23.32  22.33  23.16  22.97  23.37  23.31  23.34  22.97  23.28  23.52  23.25  22.93  23.28   
21.20  22.81  23.58  23.56  22.46  23.26  23.23  23.78  23.00  23.46  23.50  23.44  22.74  23.39  22.76  23.43   


0
21.62  21.36  22.75  22.96  21.79  22.77  22.20  23.31  22.58  22.47  22.88  23.68  22.07  23.01  23.20  22.85   
20.76  21.97  22.37  23.15  22.91  22.98  22.67  22.64  23.09  23.53  22.37  23.19  23.24  23.13  22.96  23.09   
22.10  21.88  21.86  22.87  21.36  23.04  23.38  23.36  23.20  23.33  22.96  23.27  23.51  23.24  22.92  23.27   
21.04  22.79  23.70  23.43  22.44  23.02  23.11  22.67  23.67  23.45  23.48  23.43  22.72  23.38  22.75  23.24   


0
22.24  21.66  22.24  22.61  22.74  23.35  23.10  23.21  23.03  22.70  22.68  23.35  22.32  23.02  23.21  22.70   
21.59  21.73  21.91  22.71  23.13  23.41  22.48  22.76  22.69  23.34  22.81  23.20  23.25  23.39  24.05  23.11   
21.41  21.01  21.99  23.65  21.69  23.37  23.49  23.37  23.21  23.34  23.28  23.28  23.06  22.88  23.75  23.28   
21.49  22.54  23.20  24.04  23.27  23.04  22.68  23.34  23.00  23.35  23.73  23.20  23.00  22.97  23.55  23.25   


0
22.20  21.90  22.33  22.69  22.58  23.66  21.73  23.40  23.10  22.34  22.53  22.63  22.76  23.11  22.62  22.19   
21.95  22.45  21.76  23.13  22.24  23.17  23.05  22.72  22.65  23.61  23.30  22.52  23.10  23.10  23.34  23.22   
21.93  21.60  21.83  22.95  21.50  23.33  22.94  23.73  23.38  23.09  23.24  23.13  23.37  23.34  23.31  23.83   
21.60  21.96  23.04  24.00  22.28  23.00  23.30  22.65  24.09  23.20  23.46  22.92  23.09  23.35  23.36  23.75   


0
23.00  21.52  22.50  22.85  22.62  23.01  22.77  23.21  22.59  22.37  22.57  23.35  22.32  22.77  22.80  22.70   
20.77  22.11  22.03  22.94  23.03  22.89  23.18  22.45  23.41  23.14  23.02  23.09  23.14  23.63  23.38  23.26   
22.25  21.51  22.11  22.55  22.49  23.47  23.60  23.97  23.42  23.55  22.87  22.85  22.95  23.50  23.48  23.43   
22.81  22.27  22.82  23.44  22.19  22.81  23.34  22.68  23.79  23.23  23.96  22.84  22.87  23.39  23.71  24.49   


0
22.39  22.36  22.11  23.09  22.62  23.81  22.77  22.99  22.59  22.81  22.79  23.35  22.68  23.02  22.80  22.54   
21.32  22.11  22.03  23.05  22.92  23.00  22.98  22.55  22.38  23.34  22.91  22.99  23.14  23.26  23.65  23.41   
21.83  21.64  22.35  22.99  22.49  23.58  23.60  23.07  23.31  23.55  23.28  23.17  23.18  23.38  23.07  23.43   
22.08  22.14  23.08  23.56  22.86  23.26  23.01  23.56  23.11  23.80  23.50  23.32  22.74  23.95  23.24  23.61   


0
22.10  21.24  22.25  22.99  22.17  23.37  22.34  23.67  23.26  22.61  22.58  22.68  21.98  23.42  22.95  22.40   
21.06  22.25  21.92  22.95  23.14  23.22  22.80  22.67  22.70  23.45  22.82  22.79  23.49  22.91  23.80  22.82   
22.12  21.27  22.24  23.56  22.03  22.96  23.30  23.58  22.92  23.88  22.98  22.86  22.96  23.14  23.08  22.99   
22.53  21.88  23.59  23.57  22.61  23.39  23.02  22.14  23.46  24.49  23.51  23.33  23.39  23.54  23.25  23.62   


0
22.38  21.36  22.36  22.72  22.49  23.11  22.54  23.20  23.02  22.69  22.88  22.66  22.66  23.14  22.37  22.22   
21.57  21.85  21.66  23.04  23.12  23.70  22.87  22.64  22.27  23.53  23.11  22.97  22.89  23.25  23.64  23.09   
22.10  22.50  22.33  23.20  22.00  23.04  23.48  23.66  23.40  23.54  23.27  23.05  23.51  22.75  22.78  23.86   
21.78  22.53  23.44  23.31  21.76  22.91  23.32  22.89  23.10  23.45  23.83  22.71  22.85  23.10  23.22  24.13   


0
22.53  21.50  21.97  23.32  22.26  23.00  22.54  23.64  22.69  22.47  22.55  23.57  22.31  22.63  22.92  22.69   
21.17  21.97  21.43  23.15  22.59  23.40  22.87  22.34  22.78  23.43  23.22  23.61  22.89  23.00  23.64  22.79   
22.24  21.75  22.10  22.87  21.36  23.04  23.27  23.56  22.69  23.22  22.96  23.16  22.82  23.49  23.87  23.12   
22.22  22.53  24.20  23.43  22.17  23.70  22.66  23.22  23.55  23.45  22.90  22.58  22.98  23.94  23.54  23.77   


0
22.39  22.08  22.37  23.09  22.97  23.13  22.55  23.65  22.59  22.59  22.57  22.90  22.56  23.53  23.21  22.70   
20.91  21.35  21.79  23.28  22.81  23.41  22.78  22.45  22.49  22.94  22.70  22.56  23.48  23.02  23.38  23.41   
22.25  21.51  22.23  22.99  22.01  22.95  23.39  23.57  22.70  23.34  22.87  22.42  23.64  23.25  23.21  23.72   
22.52  22.40  23.20  23.68  22.46  23.49  23.56  23.12  23.68  23.69  23.03  23.56  22.48  23.39  23.87  23.79   


0
21.62  21.64  22.36  22.84  22.26  22.77  22.42  23.42  22.58  22.58  22.88  23.23  21.95  23.39  23.20  23.16   
21.30  21.47  22.25  22.81  22.69  23.50  22.97  22.64  22.58  23.23  22.90  23.40  22.89  22.76  23.50  22.34   
21.25  21.50  22.33  22.76  22.00  23.15  23.17  23.56  23.10  23.33  22.85  22.62  22.70  23.12  22.92  23.41   
21.78  22.66  23.19  23.43  21.76  23.14  22.66  22.78  23.10  23.34  23.37  22.71  23.37  22.95  23.22  23.77   


0
21.77  21.36  22.36  23.20  22.84  23.00  22.42  23.53  22.80  22.25  22.33  22.77  22.54  23.14  23.06  23.63   
20.76  21.21  22.25  22.93  23.01  22.88  22.57  22.74  22.47  23.53  22.80  22.65  23.58  22.39  23.09  22.94   
22.10  22.00  22.21  23.31  21.84  23.56  23.07  23.06  23.10  22.91  22.65  23.05  22.70  23.49  22.51  22.37   
21.63  23.06  23.57  23.43  22.85  23.36  23.11  23.33  23.10  23.22  23.25  23.54  23.11  23.52  22.59  24.65   


0
22.83  21.50  22.49  22.84  22.49  23.34  22.76  23.09  23.13  21.92  22.88  23.34  22.78  22.37  22.79  22.69   
21.44  21.72  21.66  22.81  22.80  23.29  22.97  21.93  22.47  23.02  23.22  23.29  22.55  23.25  23.64  22.34   
21.53  21.63  22.45  22.87  22.79  23.56  23.69  23.86  23.40  23.33  23.47  22.94  23.28  23.12  23.87  24.45   
21.19  22.66  23.06  23.06  21.76  22.80  23.32  22.89  23.55  22.99  23.72  23.66  23.75  23.10  24.01  23.06   


0
21.68  21.42  22.94  22.66  22.20  22.72  23.04  23.15  22.86  22.64  22.51  22.95  22.84  23.33  22.71  22.91   
21.10  22.04  22.20  22.88  23.29  23.15  22.53  22.71  22.84  23.19  22.65  22.93  22.84  22.70  23.29  22.85   
22.02  21.69  21.80  22.82  22.06  23.63  23.75  23.62  23.06  22.97  23.02  23.01  23.57  23.43  22.85  23.77   
22.43  22.46  23.51  24.09  22.64  23.20  22.62  23.61  23.73  23.96  23.66  22.53  22.92  23.30  23.13  23.66   


0
22.08  21.36  21.84  22.84  22.61  22.88  22.31  23.09  23.13  22.47  22.33  22.77  22.43  23.01  22.92  21.90   
21.03  21.47  22.25  23.38  23.12  22.98  22.57  22.64  22.78  23.23  23.11  22.76  22.78  22.88  23.23  23.09   
21.25  21.37  22.69  22.65  22.32  23.46  23.38  23.66  23.20  23.64  23.27  22.84  22.59  23.12  23.33  22.52   
22.36  23.33  23.32  23.31  22.99  23.14  22.77  22.56  23.21  23.68  22.66  22.58  22.98  22.95  23.38  23.95   


0
22.67  21.20  22.73  22.46  22.60  23.44  22.74  22.85  23.01  22.79  22.76  22.87  22.53  23.13  23.05  22.52   
21.43  21.84  22.71  22.80  23.00  23.08  22.86  22.12  22.46  23.72  22.68  22.96  22.88  22.99  22.54  22.93   
21.80  21.11  22.56  22.86  21.83  23.14  23.26  23.35  23.08  23.11  23.36  23.04  23.50  23.48  23.18  24.00   
22.06  21.84  23.68  23.53  22.57  23.12  22.76  23.21  23.77  23.32  23.00  23.05  23.49  24.21  23.53  23.41   


0
21.45  21.49  22.35  22.83  22.36  23.10  22.63  23.08  23.11  23.01  22.43  23.33  22.53  23.38  23.19  22.83   
21.83  21.84  22.00  23.14  22.89  23.49  22.86  22.83  22.56  23.82  22.99  22.85  22.88  22.99  23.08  22.32   
22.22  21.99  21.96  22.97  22.15  23.24  23.57  23.35  23.08  23.32  23.67  23.15  23.27  22.86  23.18  22.80   
21.91  21.97  23.68  23.65  22.43  23.46  23.20  23.21  23.09  23.44  23.47  23.17  22.71  23.22  23.68  23.41   


0
22.09  21.94  22.63  22.97  22.39  23.35  22.44  22.99  22.92  22.81  22.35  23.01  22.44  23.41  22.80  23.33   
21.18  21.86  22.03  22.83  22.81  23.20  22.78  23.16  22.59  22.83  22.81  23.73  23.14  22.77  23.65  23.41   
21.69  21.89  21.87  23.54  22.01  22.74  22.77  23.47  22.90  23.03  23.28  22.85  23.29  23.13  22.66  23.58   
21.64  22.40  23.33  23.80  22.19  22.81  22.79  23.01  23.23  23.57  23.73  23.20  23.25  23.39  24.18  23.61   


0
22.24  21.80  22.11  22.85  22.50  23.13  22.55  23.43  22.37  22.37  22.79  22.67  22.91  22.51  21.96  22.86   
21.32  21.73  21.91  22.26  22.81  23.41  22.98  22.66  22.90  23.54  23.02  22.67  23.25  23.51  23.24  22.20   
21.83  21.64  21.63  22.55  22.17  23.16  23.08  23.57  23.42  23.76  23.28  23.39  23.18  22.88  23.21  23.13   
22.38  22.27  23.58  23.44  22.19  23.49  23.34  22.57  23.11  24.14  23.03  23.92  23.90  22.83  23.71  23.61   


0
21.78  21.37  21.72  22.49  22.04  23.01  22.44  22.77  22.92  22.37  22.90  23.13  22.44  22.64  22.66  22.70   
20.91  21.73  22.15  23.05  23.03  23.41  22.88  22.05  22.79  23.24  23.13  23.20  22.57  22.52  23.11  23.71   
21.55  21.26  22.11  22.77  22.81  23.37  22.56  23.37  23.21  23.55  22.97  23.06  23.18  22.88  23.21  23.43   
21.64  22.27  23.08  22.96  22.73  23.60  23.23  23.12  23.11  23.46  23.50  22.84  23.12  22.68  23.24  23.43   


0
21.95  21.67  23.03  22.50  22.28  23.25  22.23  22.78  22.93  22.28  22.69  23.14  22.45  22.65  23.09  22.56   
21.33  21.49  22.28  22.61  23.35  23.01  22.59  22.16  22.60  23.05  22.71  23.32  23.26  23.03  22.98  23.72   
21.70  21.40  21.88  23.34  22.19  23.17  22.99  23.28  23.02  23.35  22.98  22.54  22.96  22.53  22.95  23.29   
21.36  22.69  22.83  23.81  22.20  23.50  23.13  22.81  23.35  23.47  23.63  22.73  22.88  23.26  23.25  22.37   


0
22.67  22.20  22.22  22.71  22.60  22.99  22.52  22.63  22.46  22.90  22.54  22.76  22.65  22.74  23.19  22.99   
20.88  21.96  22.36  23.25  22.68  22.45  22.76  22.73  22.36  23.11  22.78  23.18  22.31  23.24  22.95  23.38   
22.08  21.49  21.61  23.52  21.51  23.45  23.16  23.05  22.78  23.63  23.05  23.04  23.15  23.35  23.18  23.40   
21.76  21.97  23.30  22.81  22.02  23.46  22.87  23.32  23.20  23.32  23.24  22.69  22.71  22.66  23.53  23.58   


0
21.80  21.67  21.99  22.74  22.63  22.80  22.34  23.45  22.93  22.72  22.47  22.57  22.21  22.52  22.81  22.71   
20.37  21.49  21.57  23.06  22.72  23.32  22.90  22.97  22.60  23.55  23.03  23.00  23.03  22.66  22.85  23.27   
21.42  21.65  21.53  22.34  21.23  23.38  23.30  23.38  23.22  23.35  23.19  23.18  22.96  23.51  23.76  22.99   
22.24  22.82  23.09  23.33  22.20  23.05  22.69  22.59  23.58  23.47  22.81  23.21  23.65  23.40  24.19  24.15   


0
22.10  21.81  22.25  22.62  22.52  22.80  22.89  23.33  22.16  22.39  23.02  22.80  22.57  22.91  22.81  23.34   
20.79  21.62  21.92  22.72  22.72  22.60  23.20  22.36  22.50  23.15  22.71  23.43  23.26  22.66  23.39  22.21   
21.42  21.53  22.36  22.78  21.71  23.17  23.19  23.78  22.81  22.93  23.50  22.43  23.31  23.39  23.63  22.99   
21.51  22.42  23.47  23.33  22.47  23.73  23.02  22.70  23.58  23.47  22.81  23.33  22.88  23.83  22.77  22.91   


0
22.08  21.79  22.23  22.60  22.49  23.34  22.31  22.76  22.58  22.47  22.66  23.00  22.54  23.39  22.37  22.37   
20.76  21.59  21.90  22.70  22.69  22.98  22.37  22.95  22.37  22.92  22.69  23.08  23.12  22.76  22.82  23.39   
21.39  21.50  22.33  22.76  21.68  23.15  23.38  23.36  22.89  23.22  23.16  22.62  23.63  23.24  22.65  23.71   
21.48  22.39  23.44  23.31  22.31  23.14  23.00  23.33  23.78  23.56  23.60  22.95  23.88  23.66  23.22  23.60   


0
22.09  21.23  22.63  22.73  22.27  23.35  22.33  22.77  22.59  22.48  22.68  23.13  22.68  22.77  22.52  22.70   
21.45  22.11  21.91  22.83  22.81  23.00  22.38  22.96  22.38  22.94  22.70  22.99  22.68  22.65  22.97  22.65   
21.83  21.89  21.87  22.88  21.85  23.16  23.39  23.37  22.90  23.24  23.18  23.28  22.83  23.50  22.80  22.38   
21.64  22.54  23.20  23.80  22.32  23.15  23.01  23.34  23.79  23.57  23.61  22.72  22.87  23.39  23.08  24.84   


0
21.78  21.37  22.24  23.09  22.50  22.90  22.66  23.10  22.59  22.70  22.12  23.13  22.68  22.77  22.52  22.70   
21.72  21.35  21.68  22.71  22.71  22.89  21.98  22.25  22.69  23.74  22.81  22.99  22.68  22.65  22.97  22.65   
21.83  21.39  21.75  22.88  21.85  23.47  23.18  23.27  22.90  23.34  22.45  23.28  22.83  23.50  22.80  22.38   
21.35  22.67  23.08  23.68  22.32  22.81  23.45  23.23  23.11  23.69  23.15  22.72  22.87  23.39  23.08  24.84   


0
21.16  21.22  22.10  23.32  22.26  22.66  22.20  22.64  22.69  22.58  21.89  22.77  23.37  22.75  22.65  22.22   
21.57  21.72  22.02  22.93  22.69  22.78  22.67  22.34  22.47  23.02  23.01  22.97  22.44  22.14  22.69  23.09   
21.81  21.50  22.57  23.20  22.00  23.04  23.69  23.36  23.40  23.12  23.06  23.05  22.47  23.37  23.19  22.82   
21.04  21.99  22.68  23.67  22.44  22.91  22.88  22.89  23.44  23.79  22.90  22.71  23.11  23.66  22.75  23.42   


0
21.67  21.55  22.15  22.89  21.96  22.93  22.14  23.36  23.07  22.63  22.94  23.05  22.24  22.55  23.11  23.37   
20.95  22.53  21.95  23.32  23.17  23.24  22.62  22.89  23.14  23.18  23.06  22.70  23.29  22.93  23.01  23.60   
22.01  22.30  22.26  22.92  22.37  22.88  23.74  22.91  22.63  23.27  22.70  22.67  22.87  22.92  23.52  23.32   
21.24  22.31  22.99  23.60  21.95  23.30  23.26  22.83  23.26  24.06  23.42  23.12  23.42  23.43  23.43  23.82   


0
22.06  21.77  22.35  22.71  21.89  22.99  22.19  22.96  22.68  22.13  22.21  22.42  22.18  22.87  23.33  22.83   
21.70  21.45  21.18  23.25  22.58  23.28  22.35  22.93  22.56  23.52  22.99  22.85  23.22  23.11  23.76  23.23   
21.66  21.49  21.73  23.08  21.19  23.24  23.36  23.25  22.37  23.53  22.84  22.93  23.38  22.61  23.05  22.80   
21.62  22.24  23.68  22.81  22.16  23.01  23.09  23.21  23.54  22.98  23.12  22.69  23.10  23.08  23.84  23.41   


0
22.27  22.39  22.66  22.88  22.18  22.81  22.57  23.35  22.95  22.73  22.04  22.58  22.94  22.92  23.10  23.04   
21.75  22.27  21.46  23.08  22.63  23.23  22.61  22.58  22.72  23.97  22.62  22.69  23.05  23.78  22.45  22.68   
21.71  22.29  22.72  22.91  22.20  23.19  23.21  23.70  23.03  23.47  23.30  22.55  22.97  22.91  22.82  22.70   
22.11  22.16  23.35  23.82  22.07  22.95  23.14  22.82  23.14  23.26  23.52  23.82  23.02  22.85  22.46  23.63   


0
22.37  22.06  22.08  23.19  22.13  22.99  22.08  23.19  23.01  22.57  22.65  22.87  22.89  23.25  22.49  22.68   
