
0
22.20  22.04  22.20  23.30  22.58  23.54  22.40  23.51  23.21  22.56  22.64  23.09  22.28  22.99  22.34  22.19   
21.14  21.70  22.11  22.79  22.88  22.75  23.05  23.02  22.55  23.40  23.09  22.41  23.21  22.11  23.21  23.07   
21.93  21.73  22.19  22.73  21.18  22.91  23.25  23.44  23.48  23.62  23.04  22.92  23.49  23.71  22.90  23.39   
21.31  21.96  23.67  23.28  21.87  22.89  23.19  22.65  23.87  23.54  23.34  23.52  22.70  23.64  23.67  23.57   


0
22.24  21.52  22.24  22.73  22.50  23.58  22.33  23.32  22.81  22.37  22.79  22.78  22.08  23.15  22.80  22.86   
21.32  21.35  22.15  22.94  23.03  23.61  23.08  23.26  22.79  22.94  23.23  22.88  23.02  22.77  23.65  22.80   
21.69  21.39  21.87  23.10  21.21  23.47  23.08  23.27  23.11  23.34  23.38  23.39  23.52  24.11  24.16  24.02   
21.49  22.27  23.46  24.04  22.32  23.38  22.57  23.01  23.11  23.69  23.15  22.84  22.48  23.25  23.39  24.31   


0
22.85  21.66  22.63  23.09  22.39  23.35  22.44  22.99  22.59  22.26  22.68  22.78  22.91  22.77  22.80  22.39   
21.18  22.11  22.27  22.83  22.92  23.10  22.88  22.55  22.79  23.74  22.91  22.77  23.14  22.52  23.11  22.50   
21.69  21.89  22.58  22.55  22.01  23.58  23.08  23.47  23.42  23.45  22.87  23.28  22.95  23.01  23.48  23.43   
21.79  22.27  23.33  23.56  22.46  23.15  23.01  23.01  23.45  23.57  24.19  23.20  22.61  23.53  23.71  23.43   


0
21.95  21.95  22.90  23.35  22.63  23.25  22.67  22.89  23.26  22.72  22.36  23.14  22.92  23.42  23.23  22.40   
21.33  22.25  21.45  23.29  22.93  23.83  22.29  22.67  22.50  23.55  23.35  23.43  23.03  23.40  24.20  22.66   
21.42  21.27  22.59  23.45  21.55  23.17  23.19  23.18  23.02  23.77  22.57  22.54  23.08  23.27  24.03  23.88   
21.80  22.42  23.59  23.45  22.88  22.82  22.80  22.92  23.24  23.70  23.63  22.97  23.14  23.40  22.93  23.62   


0
22.10  21.67  22.64  23.23  22.52  22.68  22.45  23.56  23.15  22.72  22.02  23.37  22.33  23.04  22.81  22.08   
21.60  22.25  21.92  22.72  23.04  23.73  23.10  23.27  22.60  23.66  22.61  23.11  23.26  22.54  22.98  22.97   
21.56  21.40  21.65  23.34  22.34  22.86  23.61  23.58  23.12  22.93  22.77  22.75  23.31  23.39  22.53  23.14   
21.95  22.15  23.72  23.57  21.79  23.39  23.46  22.70  23.69  23.59  23.27  22.97  22.75  23.83  23.56  23.97   


0
22.13  21.70  22.67  23.25  22.54  22.71  22.03  23.36  22.96  22.30  22.49  23.16  22.48  23.44  22.97  22.58   
21.63  22.28  21.95  22.75  23.06  23.75  22.72  22.49  22.73  23.48  23.06  22.81  23.29  23.05  23.28  23.45   
21.59  21.42  21.67  23.36  22.37  22.88  23.43  23.41  23.15  23.80  23.21  23.10  23.22  23.54  23.38  23.02   
21.97  22.17  23.75  23.60  21.81  23.41  23.26  23.16  23.26  23.50  23.77  23.00  22.77  23.57  22.96  23.82   


0
21.82  21.84  22.28  23.13  22.07  23.73  22.03  23.36  22.96  22.30  22.49  23.16  22.00  23.06  22.84  23.37   
21.49  22.03  21.71  23.32  22.85  23.14  22.72  22.49  22.73  23.48  23.06  22.81  23.29  23.18  23.55  23.14   
21.87  22.30  21.79  23.14  22.21  23.30  23.43  23.41  23.15  23.80  23.21  23.10  23.79  23.17  22.56  23.76   
22.12  21.77  23.37  23.96  22.49  22.85  23.26  23.16  23.26  23.50  23.77  23.00  22.90  23.85  22.96  23.82   


0
22.09  22.22  22.76  22.37  22.04  23.24  22.55  22.88  23.03  22.59  22.57  22.78  21.96  23.02  22.80  23.33   
21.45  21.61  22.38  23.16  23.13  23.20  22.98  23.06  22.69  23.64  22.81  22.77  23.25  23.14  23.51  23.11   
21.12  21.51  22.23  22.77  21.38  22.95  22.97  23.67  23.21  23.13  22.97  22.63  23.75  23.13  22.52  23.72   
22.08  22.14  23.46  22.84  21.91  22.47  23.34  23.23  23.68  23.69  23.61  22.72  22.87  23.81  22.92  23.79   


0
22.23  22.07  22.23  22.96  22.72  23.23  22.42  23.09  22.69  22.14  23.00  22.89  22.90  23.14  23.48  22.69   
21.84  21.34  22.13  22.59  22.80  23.60  23.07  22.44  22.16  23.63  22.58  22.65  23.46  22.76  22.96  22.79   
21.81  20.99  22.10  23.53  21.36  23.15  22.86  23.26  23.10  22.80  23.06  22.62  23.05  23.00  22.65  22.37   
21.48  22.66  23.44  23.67  22.31  23.25  22.55  23.33  23.33  23.68  22.78  23.19  23.63  23.66  23.22  23.60   


0
22.57  21.82  22.40  22.64  22.76  23.04  22.79  23.35  23.06  22.73  22.70  23.15  22.94  23.56  22.41  22.25   
21.21  21.89  21.94  23.19  22.52  24.05  23.01  22.98  23.13  23.06  22.73  22.80  22.93  22.18  23.40  23.13   
22.41  21.79  22.25  23.02  21.72  23.39  23.10  23.80  22.83  23.26  23.20  22.98  22.97  23.40  23.77  24.19   
21.37  22.70  23.61  23.70  22.35  23.17  23.03  23.48  23.25  23.37  23.75  22.98  22.37  22.85  24.05  23.81   


0
22.00  21.44  22.56  22.67  22.45  23.07  22.28  23.38  22.76  22.22  22.63  22.39  22.62  23.09  23.00  22.61   
21.38  21.67  22.09  23.34  23.40  23.68  22.95  22.52  22.65  22.90  22.66  22.84  22.51  22.71  24.12  22.56   
22.03  21.58  22.17  23.39  21.92  23.85  23.24  23.53  23.48  23.30  23.13  22.91  23.36  23.93  23.54  23.49   
21.71  21.80  23.77  23.50  22.38  23.33  23.07  23.41  23.51  23.64  23.56  23.50  23.19  23.73  23.61  24.02   


0
22.76  22.43  22.56  22.79  22.80  23.30  22.83  23.05  22.76  22.44  22.96  23.19  22.62  23.60  23.00  23.08   
21.65  22.43  22.21  22.89  22.34  22.96  22.14  22.82  22.55  23.40  22.66  23.05  23.54  22.83  23.31  23.62   
22.45  22.20  22.53  23.16  21.76  23.43  23.24  23.43  23.38  23.51  23.34  23.45  23.36  23.44  23.54  23.04   
21.71  22.47  23.39  23.86  22.66  23.78  22.85  22.97  23.40  23.86  23.67  23.50  23.32  23.59  24.09  23.67   


0
22.24  22.22  22.89  23.57  23.55  24.60  23.32  24.20  23.90  23.36  23.34  23.24  22.44  22.90  22.66  22.86   
22.13  22.24  22.03  22.71  23.03  24.23  22.98  22.86  23.00  23.44  22.91  23.09  22.79  22.89  23.24  23.56   
21.83  22.27  22.35  23.54  22.01  23.37  23.60  23.37  22.90  23.34  23.07  23.17  22.72  23.62  23.34  23.43   
22.23  23.21  23.20  23.44  22.46  23.26  23.12  23.23  23.34  23.35  23.73  23.56  23.00  22.97  23.08  23.25   


0
21.66  21.54  23.69  26.08  26.08  26.30  24.99  24.67  24.90  25.32  24.67  23.72  23.17  23.69  22.68  23.36   
21.34  22.27  22.64  24.87  24.83  26.37  24.90  23.88  24.85  24.67  23.68  23.44  23.39  22.67  23.81  23.28   
21.57  21.16  22.49  23.90  23.15  25.86  25.36  25.28  24.35  24.72  24.02  23.73  23.89  22.91  22.82  23.00   
22.40  22.56  23.35  23.70  21.66  23.29  23.80  24.46  24.61  23.94  23.29  22.98  23.92  23.27  23.10  23.99   


0
21.84  22.41  22.94  24.10  25.43  26.10  25.88  26.31  25.46  25.45  25.98  25.43  23.66  22.43  23.40  23.54   
22.45  22.29  22.67  25.67  27.01  26.49  27.26  25.79  25.68  25.69  25.88  24.42  23.86  23.68  23.83  23.31   
22.02  21.31  22.75  27.05  28.08  27.09  27.59  26.67  25.58  25.77  25.47  24.40  23.46  23.30  23.12  22.73   
22.13  21.92  23.76  25.51  25.98  25.44  26.41  25.46  24.97  25.64  25.51  24.44  23.69  23.44  24.07  24.54   


0
21.96  21.97  22.53  23.24  22.88  22.92  23.35  26.07  24.47  23.82  24.99  25.18  24.22  22.92  22.68  22.57   
21.61  22.01  22.05  23.64  23.58  24.05  24.21  24.78  24.95  26.25  26.57  26.58  25.85  23.65  24.35  23.58   
22.13  21.66  22.25  23.13  23.77  25.76  26.57  25.57  25.76  26.56  27.24  26.68  25.82  23.52  23.37  23.00   
22.40  21.89  23.86  24.18  25.16  26.95  26.28  26.39  26.83  27.71  26.06  26.06  25.07  23.56  22.94  24.34   


0
22.10  21.24  22.51  22.99  22.52  23.25  22.23  24.11  23.04  22.93  22.47  23.14  23.63  23.29  23.36  23.34   
21.46  21.87  22.16  23.40  23.25  23.42  23.30  23.57  22.81  23.45  22.82  23.21  24.72  23.64  23.26  23.12   
22.12  22.53  22.00  23.11  21.07  23.38  23.61  25.66  24.24  24.08  23.91  24.47  24.68  23.02  23.08  23.74   
21.65  22.28  23.21  23.93  22.33  23.50  24.01  24.77  24.93  25.27  25.82  25.93  25.94  24.53  23.41  23.62   


0
21.34  21.53  22.25  22.50  22.40  22.80  22.45  22.78  22.71  23.04  22.47  23.48  22.45  23.04  22.67  23.19   
21.74  22.00  21.21  22.61  22.40  23.42  22.80  22.77  22.29  23.15  22.82  23.00  23.15  23.40  23.39  23.57   
21.84  21.27  22.36  23.45  21.39  23.59  23.09  23.98  23.43  23.25  23.70  23.18  22.96  22.77  23.49  22.84   
21.65  21.88  23.09  23.93  22.20  22.71  22.91  23.90  24.48  24.60  23.74  23.45  23.78  24.11  23.25  23.09   


0
22.23  21.22  22.36  22.11  22.49  23.00  22.31  22.76  22.25  22.69  22.77  22.66  22.78  23.14  23.20  22.69   
21.44  21.85  22.02  22.24  22.80  23.40  22.57  22.44  23.29  24.23  22.90  23.08  23.01  22.39  22.96  23.09   
22.10  22.00  21.74  23.31  22.48  23.04  23.48  23.86  23.10  23.22  22.75  22.73  22.82  23.12  23.06  23.41   
22.51  22.53  24.33  23.43  22.44  23.25  23.54  23.66  24.01  24.13  23.48  23.66  23.24  23.24  23.38  23.77   


0
22.71  21.24  22.25  22.74  22.52  23.14  22.56  23.45  22.60  22.61  22.91  23.03  23.04  22.91  23.23  22.08   
22.01  21.24  21.69  22.61  23.04  23.32  22.69  22.97  22.39  23.45  23.14  23.00  23.15  23.15  23.26  23.42   
21.14  21.65  21.88  23.45  21.39  23.17  22.99  23.18  23.22  23.46  23.70  23.18  23.08  23.27  22.67  23.29   
21.21  22.69  23.47  22.85  22.33  23.16  23.90  23.36  23.92  23.59  23.16  23.21  23.27  23.26  23.25  24.33   


0
22.28  21.70  22.41  23.25  22.66  22.93  22.36  23.36  22.52  21.97  22.71  23.28  22.71  22.80  22.56  22.90   
20.95  22.15  22.30  23.20  22.74  23.55  22.72  22.89  22.42  23.28  22.95  22.81  23.29  22.69  22.46  22.99   
22.01  21.30  22.03  23.36  21.57  23.30  23.43  23.51  23.25  23.38  23.21  23.10  23.33  23.54  23.11  23.32   
21.97  22.84  23.49  23.36  22.36  23.19  23.05  22.72  23.83  23.95  23.42  23.24  22.90  23.43  22.64  24.00   


0
22.09  22.08  22.50  22.85  21.68  22.90  22.77  22.66  22.92  22.70  22.57  23.01  22.08  23.41  22.80  23.17   
20.64  21.86  22.50  22.60  23.03  23.00  22.78  22.55  22.79  23.24  23.13  23.31  22.34  23.63  23.24  23.56   
21.83  22.27  22.58  23.32  22.17  23.37  22.87  23.97  22.90  23.55  23.48  22.96  23.29  23.50  23.34  22.68   
22.67  22.54  23.96  23.68  22.32  24.05  23.45  23.34  23.00  23.91  23.38  22.96  23.00  23.25  23.39  23.79   


0
21.94  21.66  22.11  23.21  22.62  23.01  22.44  23.21  22.92  22.37  22.79  23.24  22.91  22.90  23.21  22.39   
20.91  22.87  21.91  22.71  23.03  23.72  22.58  23.06  22.90  23.54  23.23  23.20  22.79  22.77  23.51  23.26   
22.11  21.51  21.87  23.43  21.21  23.79  23.18  23.37  23.01  23.24  23.48  22.85  23.29  23.75  22.80  23.28   
22.52  22.14  23.46  24.16  23.00  23.38  23.34  23.12  23.23  23.57  22.91  23.20  22.87  23.81  23.39  24.49   


0
22.40  21.67  22.51  22.99  21.93  23.02  22.67  23.00  23.04  22.93  22.47  22.45  23.04  23.16  22.39  22.71   
21.46  21.37  21.69  23.18  22.72  23.11  22.80  22.57  22.60  23.45  22.93  22.68  23.26  22.66  23.39  22.97   
21.84  21.53  22.24  23.45  21.39  23.38  22.88  23.48  23.12  23.56  22.77  23.08  23.31  23.39  23.22  22.69   
21.51  21.47  23.21  23.57  22.06  23.61  23.90  23.14  23.12  24.15  23.39  22.61  22.88  23.69  24.04  23.80   


0
22.56  21.24  22.64  22.62  22.87  22.68  22.11  23.45  23.04  22.61  22.91  23.25  22.81  22.65  22.67  22.40   
21.60  22.00  22.16  22.95  22.93  23.42  22.90  22.57  22.81  22.95  22.82  23.00  23.15  23.40  23.66  23.27   
21.42  21.78  22.71  23.45  22.03  23.38  22.88  23.78  22.92  23.35  23.08  23.18  23.31  23.76  23.22  22.39   
21.51  22.01  23.34  23.33  22.33  23.16  23.57  23.14  23.58  23.47  23.27  22.97  23.52  23.69  23.09  23.80   


0
22.28  22.40  22.54  22.53  22.31  22.82  22.70  22.69  23.29  22.30  22.94  23.16  22.36  23.32  22.42  22.74   
21.49  21.01  22.30  23.20  23.06  23.24  22.62  22.29  23.14  22.97  22.95  23.02  22.94  23.05  23.01  23.14   
22.15  21.42  22.15  23.14  21.57  22.78  23.32  23.51  23.45  23.27  23.42  22.89  23.45  23.54  23.52  23.32   
22.12  22.17  23.87  23.96  22.49  23.19  23.26  23.16  23.49  23.73  23.30  23.24  22.64  23.29  23.59  23.82   


0
21.98  21.55  22.67  23.13  22.77  22.93  22.25  22.69  22.85  22.30  22.16  22.59  23.18  23.57  22.70  22.74   
20.81  22.41  21.95  22.86  22.43  23.45  22.52  22.19  22.63  23.38  22.53  23.02  23.06  23.05  23.82  22.84   
22.01  21.80  22.50  23.03  21.73  23.20  23.22  23.61  23.15  23.69  22.90  22.89  22.98  23.29  23.38  23.17   
21.53  22.44  23.49  24.08  22.77  22.62  23.26  23.16  23.15  24.06  23.53  22.63  23.80  23.00  23.59  23.47   


0
22.42  21.97  22.91  22.88  22.06  23.49  22.46  23.13  22.51  22.95  22.48  22.69  22.58  23.05  23.10  22.88   
21.61  21.89  21.82  22.74  22.84  23.33  22.61  22.78  22.51  23.16  22.83  22.58  22.82  23.04  23.27  22.83   
21.57  21.91  22.02  23.24  22.04  22.87  23.21  23.40  23.03  23.26  23.20  23.30  23.32  23.28  22.96  22.55   
21.08  22.56  23.10  23.34  22.21  22.61  23.47  23.48  23.36  23.26  23.87  23.46  23.54  23.70  23.26  23.81   


0
22.29  21.71  23.07  23.14  21.97  23.52  22.71  22.71  22.75  22.53  23.17  23.40  22.61  23.33  22.71  23.54   
21.50  21.53  22.55  23.78  22.97  23.25  23.13  22.60  23.05  23.59  22.96  23.04  22.84  23.56  23.43  23.61   
22.30  22.19  22.16  23.04  21.59  23.31  23.02  23.72  22.75  22.97  23.12  23.11  23.92  23.92  23.80  23.03   
21.84  22.05  23.51  24.09  22.24  23.31  22.84  22.84  23.05  23.62  23.31  23.01  23.43  22.87  23.92  24.36   


0
22.29  22.41  22.68  22.78  23.02  23.52  22.26  23.48  23.08  22.75  22.62  22.83  22.61  23.96  22.99  23.69   
21.64  22.04  21.73  23.33  23.18  23.15  23.53  22.50  22.43  23.09  22.12  23.36  23.07  23.19  23.70  23.16   
22.16  22.07  21.57  23.37  21.59  23.52  22.61  23.12  23.67  23.29  23.12  23.33  23.00  23.06  23.26  23.03   
21.99  22.59  23.51  24.09  22.24  23.09  23.50  22.84  23.62  23.40  23.19  23.61  23.05  23.58  22.97  24.71   


0
22.11  22.39  22.66  22.76  22.99  23.49  22.24  23.24  22.62  22.73  23.25  23.04  22.70  23.30  22.55  22.88   
21.61  22.01  21.70  23.30  23.16  23.12  22.71  22.78  22.51  23.67  22.94  22.90  23.16  23.41  23.40  23.28   
22.13  22.04  21.54  23.35  21.56  23.50  23.41  23.20  23.03  23.26  23.71  23.41  23.32  23.16  22.27  23.75   
21.96  22.56  23.48  24.06  22.21  23.06  23.69  23.04  23.25  24.28  23.87  23.46  23.28  23.13  22.62  23.46   


0
22.11  21.40  22.01  22.76  22.53  23.15  22.57  23.24  22.62  22.73  23.25  23.04  22.23  22.66  22.27  22.73   
21.07  21.76  22.53  23.08  22.52  23.23  22.71  22.78  22.51  23.67  22.94  22.90  23.05  22.30  23.81  23.13   
22.13  21.79  22.37  23.02  21.40  23.29  23.41  23.20  23.03  23.26  23.71  23.41  23.55  23.89  23.09  23.00   
22.11  22.30  23.10  23.22  23.16  22.49  23.69  23.04  23.25  24.28  23.87  23.46  22.24  22.99  23.10  23.81   


0
22.13  21.70  22.67  23.49  22.54  23.16  22.14  23.25  22.96  22.63  22.16  23.28  22.24  22.68  22.28  22.74   
21.08  21.77  22.19  22.75  22.96  23.14  22.72  22.79  22.42  23.48  22.95  22.81  23.06  22.31  23.82  23.14   
22.15  21.30  22.50  23.03  22.53  23.20  23.22  23.71  23.04  23.17  22.90  22.78  23.56  23.90  23.11  23.02   
22.85  22.31  23.49  23.24  22.22  23.07  23.26  23.16  23.03  23.61  23.42  23.59  22.25  23.00  23.11  23.82   


0
22.43  22.68  22.93  23.25  22.42  23.39  22.14  23.47  22.96  22.85  22.71  22.94  23.07  23.06  23.11  22.27   
21.08  21.90  22.30  23.20  22.74  23.45  22.82  22.59  22.63  23.58  22.95  23.02  23.06  22.31  23.69  22.84   
22.15  21.68  22.74  23.58  21.41  23.61  22.91  22.91  23.55  23.90  23.73  22.35  23.10  22.80  24.06  23.32   
21.83  22.17  24.00  23.72  22.22  23.30  23.05  23.38  22.81  23.38  23.07  23.12  22.77  23.57  23.59  24.00   


0
22.24  22.50  22.89  22.61  22.85  23.35  23.21  23.21  23.47  22.81  22.90  23.13  22.68  23.02  22.52  23.02   
21.45  21.86  22.27  22.83  22.81  22.89  22.88  23.06  22.59  23.74  23.13  22.88  23.25  23.02  23.11  22.96   
21.97  22.02  22.11  23.43  21.69  23.58  23.18  23.77  23.42  23.13  23.38  23.28  23.41  23.13  23.75  23.13   
21.64  22.14  23.84  24.04  22.32  23.60  23.56  23.12  23.91  23.23  23.61  23.44  23.90  23.25  23.87  23.79   


0
22.27  21.82  22.40  23.12  22.76  23.15  22.68  23.46  22.73  23.06  22.59  23.61  22.11  23.05  22.55  23.51   
21.75  22.64  22.41  23.08  22.94  23.23  23.01  22.48  22.51  23.36  22.83  22.90  22.93  23.29  23.27  24.03   
21.85  21.79  22.61  23.79  22.04  23.39  23.72  23.60  23.34  23.47  22.89  22.87  23.66  23.16  23.50  23.75   
21.67  22.56  23.35  23.58  22.48  23.29  23.36  23.59  23.48  23.71  23.52  23.58  22.76  23.84  23.73  25.21   


0
22.97  21.77  22.48  23.43  22.71  23.44  22.41  23.30  23.01  23.01  22.76  22.87  22.41  22.49  22.91  23.46   
21.97  22.47  22.00  22.80  23.21  23.38  22.86  22.33  22.36  23.32  22.78  23.28  22.88  23.11  23.62  22.78   
21.94  22.24  22.20  23.74  21.83  23.66  23.26  23.25  23.19  23.42  22.63  22.61  23.38  22.98  23.32  23.85   
21.91  22.65  23.05  23.77  22.43  23.01  23.64  23.43  23.20  23.78  23.47  22.93  23.10  23.65  23.05  23.41   


0
22.72  21.68  22.79  23.00  22.53  23.15  22.91  23.24  23.16  23.06  22.59  22.58  23.41  23.43  22.68  23.20   
21.75  22.27  22.29  23.53  23.05  23.12  22.61  22.48  22.72  23.36  23.68  23.23  23.39  23.16  23.54  23.43   
21.85  22.54  22.49  23.46  21.88  23.29  23.31  23.40  23.24  23.68  23.10  23.30  22.74  23.40  23.23  23.60   
21.67  22.43  23.10  22.98  22.35  23.29  23.80  23.37  24.04  23.49  23.87  23.70  23.79  23.70  23.42  24.51   


0
22.43  21.98  22.93  22.41  22.42  22.71  22.59  23.47  23.29  22.63  22.71  22.82  22.48  23.06  23.11  23.21   
21.08  21.52  21.83  22.75  22.85  23.45  23.02  22.89  22.73  23.28  23.06  23.34  23.29  23.18  23.28  23.45   
22.15  21.30  22.50  23.14  22.05  23.72  23.32  23.81  23.45  23.27  22.90  22.89  22.87  23.54  23.11  23.46   
21.39  22.58  23.24  23.84  21.95  23.30  23.59  23.05  23.60  23.61  23.77  23.24  23.29  23.43  23.59  24.35   


0
22.72  21.97  22.27  22.76  22.65  23.61  22.57  23.46  23.06  22.84  22.70  23.27  23.05  23.30  23.51  23.20   
21.48  22.01  21.82  23.30  23.05  23.43  22.61  23.08  22.41  23.57  23.15  23.23  23.05  23.16  23.27  23.58   
22.55  21.66  22.25  23.13  22.04  23.29  23.72  23.40  23.13  23.16  23.30  23.20  23.55  23.40  23.77  23.15   
22.40  21.89  24.11  23.82  22.21  23.74  23.36  23.48  24.27  23.37  23.17  23.46  23.15  23.56  24.21  23.99   


0
22.11  22.11  22.53  23.12  22.88  23.15  21.79  24.01  22.84  22.84  22.59  23.38  23.17  22.79  22.68  22.57   
21.07  22.39  22.05  23.42  23.26  23.43  22.91  22.68  22.61  23.57  23.57  23.76  23.16  22.80  23.81  22.68   
22.27  21.91  22.49  23.57  21.56  23.08  23.62  23.40  23.44  23.57  23.30  22.66  23.78  23.77  23.37  24.05   
22.11  22.56  23.86  23.34  22.75  23.51  23.47  23.48  23.70  23.60  23.75  23.10  23.28  23.27  23.73  23.63   


0
22.40  20.96  22.12  22.87  22.75  23.37  22.67  22.78  23.04  22.50  22.69  22.91  21.74  23.29  22.53  22.40   
21.46  22.13  21.69  23.29  23.04  22.91  22.59  22.77  22.29  23.55  23.14  23.21  22.81  22.91  23.39  23.42   
21.84  21.90  22.59  23.00  23.13  23.59  23.61  23.78  22.81  23.56  23.08  23.18  23.31  23.39  23.76  23.74   
21.65  22.55  24.10  23.69  22.61  23.73  22.69  23.69  23.92  23.36  23.04  23.45  22.88  23.97  23.41  23.62   


0
22.39  22.08  22.37  22.61  22.50  23.01  22.66  23.43  22.48  22.26  22.68  22.90  22.68  23.66  22.66  23.17   
21.05  21.35  22.50  22.37  22.81  23.61  22.58  22.45  22.69  23.34  22.91  22.67  22.22  22.65  23.11  23.56   
21.55  22.27  22.46  23.10  21.54  24.20  22.97  23.67  22.80  23.45  23.18  23.28  23.18  23.62  23.61  23.58   
21.49  21.19  23.96  23.68  22.19  23.83  23.45  22.79  23.34  23.12  23.26  23.68  23.00  23.39  23.08  23.79   


0
21.81  21.97  21.87  23.00  22.53  22.92  22.13  22.90  23.16  22.40  22.48  23.04  22.46  23.43  22.55  22.10   
21.61  22.01  21.58  22.74  22.94  23.02  23.01  23.08  22.92  23.36  22.83  22.80  22.93  23.29  23.27  23.28   
21.85  22.29  22.61  23.02  22.04  23.50  22.79  23.30  23.13  23.05  23.41  22.77  23.89  23.28  23.23  23.00   
21.67  22.30  23.61  23.94  22.62  22.83  23.25  23.37  23.36  23.14  22.70  23.58  22.89  23.98  24.05  23.46   


0
22.13  21.70  22.54  23.25  22.31  23.73  22.59  23.14  22.19  22.63  22.94  22.94  23.18  22.68  22.56  23.37   
21.22  21.77  22.07  23.20  23.17  23.03  23.12  22.49  22.63  22.87  23.48  22.81  23.06  22.93  23.01  22.54   
21.87  22.05  22.26  23.14  21.89  23.30  22.91  23.21  23.25  23.38  23.32  22.99  23.33  23.29  23.38  23.46   
21.68  22.84  23.62  23.84  22.49  23.19  23.37  23.16  23.26  23.50  23.30  23.71  23.03  22.86  24.22  24.00   


0
22.44  21.85  22.81  22.06  21.97  23.18  22.82  22.71  22.42  22.64  22.40  22.61  22.25  23.07  22.71  22.44   
21.64  21.91  21.84  22.54  22.76  23.15  22.43  22.50  22.43  23.19  22.86  23.25  23.30  23.31  23.70  23.46   
22.02  22.44  22.51  23.26  22.54  23.73  23.13  23.32  23.36  23.08  23.53  23.11  23.34  23.06  23.66  22.58   
22.13  22.46  22.87  22.64  21.96  22.97  23.17  22.95  22.93  23.40  23.78  23.73  23.30  24.00  23.29  23.48   


0
21.76  21.63  22.08  23.43  22.13  22.76  22.63  22.85  23.33  22.90  22.43  22.87  22.18  22.87  22.77  22.99   
21.70  21.58  22.47  23.03  22.15  22.97  22.76  22.23  22.77  23.62  22.99  22.21  23.22  22.62  22.81  22.93   
21.24  21.36  22.08  23.41  21.83  23.24  22.84  23.05  23.29  23.42  22.94  22.93  22.92  23.60  22.50  23.10   
21.62  22.11  23.05  24.01  21.75  22.90  22.65  22.44  23.31  23.09  23.24  23.29  22.45  23.22  23.37  23.76   


0
21.20  21.40  22.14  22.39  23.11  23.26  22.79  23.01  22.73  22.95  22.70  22.92  23.05  23.05  22.68  22.57   
21.21  21.89  21.58  22.17  22.52  23.23  22.91  22.58  22.51  23.26  22.62  23.23  23.39  22.92  22.86  22.98   
21.15  22.29  21.66  22.46  21.24  23.19  23.31  23.60  23.13  23.26  23.20  22.87  23.20  23.40  22.82  22.70   
21.81  21.76  23.48  23.10  22.75  23.06  23.14  23.15  23.36  23.14  23.75  23.22  22.50  22.99  23.42  23.99   


0
22.23  21.36  21.84  22.60  22.14  22.88  22.31  23.20  22.69  22.91  22.77  22.77  22.54  23.14  22.51  22.69   
21.30  21.47  21.31  23.04  22.91  23.09  22.47  22.44  22.47  23.43  22.90  23.19  23.35  22.88  23.23  22.79   
21.53  21.12  22.33  23.20  22.16  23.04  22.75  23.66  22.69  22.80  22.96  22.94  23.28  23.12  23.47  23.56   
21.19  22.26  23.32  23.55  22.31  23.14  23.43  22.89  23.67  23.34  23.83  23.66  23.50  23.52  23.70  23.24   


0
21.96  20.97  22.79  23.24  22.41  23.04  23.13  23.68  22.51  22.40  23.14  23.15  22.94  23.43  22.55  22.57   
20.93  21.63  21.94  22.51  22.94  23.02  22.51  22.78  22.10  23.47  23.15  23.01  23.05  23.65  23.13  23.28   
22.41  21.16  22.25  23.24  21.56  23.29  23.31  23.00  22.93  23.47  22.89  23.30  23.43  22.91  23.37  23.75   
21.37  22.56  23.61  23.10  22.48  23.85  23.03  22.93  23.36  23.37  23.75  22.74  23.54  23.70  23.42  23.81   


0
21.66  21.68  22.53  23.36  22.06  22.69  22.68  23.35  22.40  22.40  22.92  23.38  21.99  22.54  23.24  22.41   
21.48  22.01  21.58  22.62  22.41  23.02  23.01  22.38  22.20  23.57  23.25  23.44  23.16  22.80  23.54  23.28   
22.13  21.54  22.61  22.57  21.72  23.29  22.69  22.80  23.64  23.37  23.10  23.30  23.20  23.28  23.09  22.85   
22.11  22.43  23.86  22.86  22.07  23.29  22.81  22.93  23.14  23.26  22.70  23.34  23.54  22.71  23.58  23.28   


0
22.24  21.23  23.02  22.73  22.50  23.35  21.99  23.10  22.26  22.48  23.01  23.01  22.79  23.02  22.66  22.86   
21.45  21.73  22.50  22.83  22.71  23.10  22.78  22.76  22.49  22.83  22.60  22.24  22.91  23.14  23.24  23.71   
21.83  21.89  22.23  22.77  21.54  23.06  22.77  23.47  23.31  23.24  23.28  22.85  22.95  23.50  22.93  23.43   
21.49  22.27  23.58  23.20  22.19  23.26  23.01  22.90  22.88  23.69  22.91  23.44  23.12  23.53  22.12  23.61   


0
22.72  21.82  22.01  23.00  22.53  23.26  22.35  23.57  23.27  22.51  22.59  23.04  21.87  22.79  23.38  23.67   
21.48  22.01  21.94  22.51  22.52  23.54  22.61  22.68  22.72  23.16  22.73  22.26  22.25  22.80  23.27  23.73   
22.13  21.54  22.61  23.13  21.56  23.29  23.31  23.70  23.03  23.78  23.30  23.09  23.32  22.54  23.50  23.30   
21.52  22.16  22.72  23.82  22.89  23.17  23.80  23.04  23.82  24.05  22.70  22.74  23.02  23.13  23.42  23.10   


0
22.90  22.13  22.16  23.02  22.79  23.63  22.82  22.82  22.75  22.53  22.62  22.72  22.01  23.58  22.99  22.91   
21.10  22.04  21.73  23.33  23.18  23.66  22.63  22.71  22.33  23.19  22.43  23.04  23.41  22.82  23.43  22.70   
21.74  21.56  21.92  22.93  21.75  23.63  23.34  23.22  23.16  22.97  23.22  22.68  23.80  23.06  22.98  23.18   
21.99  22.05  23.51  23.25  22.10  23.09  22.84  22.73  23.84  23.28  23.19  23.37  23.05  23.16  23.60  22.77   


0
22.90  22.13  22.29  22.90  22.32  23.18  23.04  23.37  22.64  22.64  23.06  23.06  23.08  23.07  22.71  23.07   
21.10  22.04  22.32  23.33  23.18  23.36  23.03  22.91  22.43  23.19  22.75  22.82  23.18  23.07  23.70  22.85   
21.74  22.19  22.28  22.93  21.91  23.42  23.23  23.52  23.16  23.08  22.91  23.11  23.57  22.69  23.26  22.73   
21.99  22.05  23.38  23.61  22.37  23.09  23.28  23.28  23.16  23.17  23.90  23.25  22.53  23.44  24.07  23.30   


0
22.31  21.58  22.30  22.92  22.33  23.19  23.05  23.38  22.43  22.55  23.29  23.42  22.86  23.34  22.72  22.61   
22.06  21.93  22.33  23.34  23.19  23.37  23.05  22.92  22.44  23.50  23.29  22.84  22.63  22.71  23.31  23.17   
22.45  22.20  22.29  22.94  21.92  23.43  23.24  23.53  22.76  23.51  23.24  22.80  23.12  23.56  23.68  23.64   
21.85  22.07  23.39  23.62  22.38  23.10  23.29  23.52  23.97  23.86  23.32  23.14  22.67  23.31  22.82  23.32   


0
21.19  21.81  22.12  22.14  22.40  22.91  22.67  22.89  22.38  22.50  23.24  23.37  22.81  22.78  23.23  23.03   
21.60  22.00  21.69  22.95  22.83  23.52  22.29  22.47  22.39  23.45  23.24  22.79  22.58  23.03  23.26  23.87   
21.84  22.03  22.24  23.11  21.39  23.38  23.19  23.38  22.71  23.46  23.19  22.75  23.08  23.51  23.08  23.29   
21.80  21.74  23.85  23.69  22.88  23.16  23.13  23.47  23.92  23.81  23.27  23.09  23.01  23.97  22.77  22.91   


0
22.10  21.39  22.25  22.87  22.28  22.91  22.89  22.89  22.71  22.28  23.02  23.14  22.45  22.78  23.23  23.03   
21.19  22.13  21.69  23.06  22.83  22.80  23.10  22.87  23.01  23.66  22.82  23.11  23.37  23.03  23.26  23.87   
22.40  21.40  22.12  23.22  21.87  23.28  23.61  23.98  23.63  23.14  23.70  23.29  23.65  23.51  23.08  23.29   
21.95  22.15  23.34  23.21  22.06  22.48  23.13  23.58  23.35  23.36  23.63  23.33  23.01  23.97  22.77  22.91   


0
21.67  22.26  21.89  22.65  22.66  23.05  22.36  23.58  23.29  22.41  22.27  22.94  22.12  22.68  23.11  22.74   
