
0
21.99  21.57  22.16  22.78  22.79  22.95  22.71  23.48  22.20  22.53  22.95  22.83  22.37  23.33  22.99  22.60   
21.10  21.53  21.73  22.65  23.39  22.94  22.73  22.71  22.23  23.39  23.17  22.39  22.62  22.82  23.29  23.16   
21.74  21.69  22.51  23.37  21.59  23.31  22.92  23.32  23.26  23.18  23.02  22.90  23.11  22.93  22.98  22.73   
21.55  22.72  22.87  23.37  23.05  23.65  23.06  22.95  23.16  23.51  23.43  22.77  22.79  23.86  22.81  24.36   


0
21.82  22.12  22.28  23.49  22.89  23.05  22.59  23.03  22.96  22.41  22.94  23.39  22.12  23.44  22.70  22.74   
20.81  21.65  21.95  23.43  22.96  22.83  22.52  22.09  22.21  22.97  23.06  22.70  23.40  22.93  23.96  22.99   
22.71  21.55  21.67  22.70  21.57  23.61  23.01  23.71  23.35  23.17  23.11  22.67  23.10  23.17  22.97  23.17   
21.83  22.31  23.11  23.24  22.36  23.86  22.49  23.05  23.38  23.61  22.95  23.36  23.03  23.29  23.75  23.11   


0
22.73  21.84  22.28  23.01  22.54  23.39  22.36  23.25  22.63  23.29  22.60  22.94  22.59  23.06  22.56  23.52   
21.22  21.90  22.07  22.98  22.85  22.93  22.72  22.89  22.11  23.18  22.95  22.92  23.17  22.56  23.01  23.75   
22.15  21.93  22.85  22.92  21.25  22.88  22.91  23.61  23.25  23.06  23.21  22.89  23.68  23.29  22.70  23.32   
22.12  22.17  23.37  23.60  22.77  23.19  22.82  22.83  23.26  23.84  22.95  22.39  23.29  23.00  23.59  23.65   


0
22.27  21.54  22.27  22.52  22.88  23.38  22.79  23.35  22.29  22.51  22.26  23.15  22.94  22.92  22.55  22.10   
21.61  21.63  21.82  22.85  22.73  23.33  22.81  22.78  22.92  22.86  22.62  22.37  22.59  22.92  23.54  22.68   
21.29  21.66  22.37  23.13  21.24  23.29  23.21  23.00  23.34  23.68  22.68  23.09  22.97  22.79  23.50  23.75   
20.93  22.16  22.97  23.34  22.21  23.17  22.92  22.82  23.82  23.14  23.87  23.22  23.02  22.57  23.42  23.63   


0
22.47  21.59  22.19  22.69  22.46  22.86  22.40  23.29  22.56  22.23  22.75  23.20  22.75  22.71  23.01  22.46   
21.80  21.43  21.87  22.45  22.57  22.66  22.66  22.73  22.66  23.41  22.78  22.63  23.21  22.72  23.59  22.88   
21.90  21.34  22.07  22.96  21.61  23.44  23.15  23.35  23.18  23.42  23.04  22.92  23.48  23.82  23.01  23.65   
20.98  22.75  23.15  22.91  21.71  22.88  22.97  22.98  23.53  23.42  23.34  22.91  22.68  23.04  23.63  24.04   


0
22.13  21.98  22.02  22.89  22.66  23.16  22.36  23.47  22.96  22.30  23.16  22.71  22.12  23.06  22.14  23.52   
20.67  22.03  21.95  22.86  22.74  22.41  23.22  22.69  22.63  23.58  23.27  23.24  23.17  23.05  22.87  22.99   
22.71  22.30  22.50  23.58  22.05  22.99  23.53  23.51  22.94  23.38  23.21  22.78  23.22  22.92  22.97  22.72   
21.68  22.58  23.49  23.60  22.36  23.07  23.59  23.27  23.38  23.27  23.30  22.75  23.29  23.29  23.11  22.58   


0
22.28  21.41  22.41  23.13  22.89  22.93  22.70  23.58  22.63  22.30  22.60  22.94  22.71  23.06  22.84  23.37   
21.63  21.52  22.30  23.09  23.17  23.03  23.02  23.00  22.73  23.28  22.95  23.34  23.06  23.42  23.55  22.69   
22.01  21.93  22.26  22.70  22.37  23.30  23.53  22.91  22.94  23.38  23.01  23.10  23.45  22.80  23.38  23.46   
21.24  22.44  23.49  23.36  22.09  23.07  22.49  23.05  23.60  23.27  23.18  23.12  22.90  23.71  22.96  23.65   


0
22.28  21.41  22.41  23.13  22.54  22.82  22.25  22.58  23.07  22.41  22.71  23.16  22.59  22.68  22.97  22.58   
21.63  21.52  22.30  23.09  22.74  22.31  22.52  22.39  22.83  23.28  23.27  22.81  22.94  23.18  22.87  22.99   
22.01  21.93  22.26  23.47  22.05  23.61  22.70  23.31  22.84  23.06  23.01  23.21  23.33  23.17  23.38  23.02   
21.24  22.44  23.49  23.60  22.36  23.30  23.16  23.16  23.38  23.73  22.36  23.47  23.29  23.29  23.11  24.00   


0
22.56  21.53  22.51  23.11  22.52  22.80  22.23  22.56  23.04  22.93  22.69  23.14  22.21  22.91  22.53  22.40   
21.60  21.62  22.28  23.06  22.72  22.28  22.49  22.36  22.81  23.55  23.45  22.89  22.69  23.03  23.12  23.57   
21.28  21.53  22.24  23.45  22.03  23.59  22.67  23.28  22.81  23.35  22.98  22.75  23.42  23.51  23.22  23.59   
21.95  22.82  23.34  23.57  22.33  23.28  23.13  23.14  23.46  22.90  23.51  23.45  23.01  23.54  22.61  24.33   


0
22.39  21.80  23.02  23.45  22.50  23.13  22.55  22.88  22.92  22.92  22.68  23.13  22.20  22.90  22.52  23.17   
21.72  21.99  22.62  22.94  22.49  23.31  22.28  22.66  22.49  23.54  23.44  22.88  22.68  23.02  23.11  23.26   
21.97  21.39  21.99  22.77  21.69  23.06  23.29  23.47  23.21  23.34  22.97  22.74  23.41  23.50  23.21  23.58   
21.94  22.14  23.58  22.71  22.73  23.49  23.34  23.45  23.45  22.89  23.50  23.44  23.00  23.53  22.92  23.96   


0
22.29  21.99  22.29  23.14  22.55  23.29  22.82  23.48  23.08  22.42  21.95  23.06  21.66  22.95  23.68  23.22   
21.23  21.91  22.08  22.76  22.33  23.56  22.63  22.60  22.33  23.09  22.65  22.93  22.96  22.94  23.56  23.31   
21.74  22.32  22.28  23.04  21.75  23.73  23.02  23.62  22.95  23.70  22.91  23.22  23.00  23.30  22.71  23.63   
22.57  22.05  23.38  23.25  22.10  23.43  22.40  23.61  23.62  23.28  23.66  22.65  23.05  23.58  22.97  24.01   


0
22.58  21.70  22.28  23.01  22.66  23.05  22.59  23.14  22.74  22.30  22.38  23.05  22.71  23.19  22.84  23.21   
21.49  22.53  21.83  23.43  22.85  23.14  23.02  22.79  22.32  23.58  22.85  22.92  23.06  22.81  23.28  22.84   
22.15  21.05  22.50  23.03  21.41  22.57  23.43  23.11  22.94  23.90  23.62  22.99  23.33  23.17  22.70  23.17   
21.97  22.31  23.24  23.84  22.63  22.85  22.82  22.50  23.60  23.84  23.53  23.24  22.90  23.85  23.43  24.17   


0
22.58  20.84  22.41  22.89  22.54  23.16  22.59  23.14  22.74  22.63  22.94  22.59  21.76  22.80  23.11  22.11   
21.49  21.39  22.30  22.86  22.85  22.83  22.52  22.09  22.52  23.07  23.06  22.81  22.83  23.05  23.55  22.69   
21.87  21.68  22.50  22.59  21.89  23.20  23.32  23.71  23.25  23.27  23.21  22.89  23.56  23.17  23.11  23.76   
21.39  22.84  22.73  23.12  22.36  22.96  22.82  22.83  23.26  23.50  23.53  22.51  23.03  23.15  22.80  23.82   


0
21.68  21.57  22.29  22.54  22.79  23.18  22.49  23.48  22.75  22.31  22.73  22.61  22.37  22.95  22.85  22.44   
21.91  21.91  21.61  22.88  22.76  23.05  22.83  22.60  22.74  22.88  22.96  23.04  23.41  23.07  23.70  23.91   
22.30  21.69  22.63  22.93  21.91  22.69  23.02  23.42  22.85  22.97  23.12  22.47  23.69  22.93  23.53  23.18   
22.28  22.19  23.25  23.37  22.10  23.88  22.73  22.95  23.27  23.51  23.55  23.25  23.95  23.44  23.29  24.19   


0
21.85  22.43  22.43  22.67  22.33  22.96  22.50  23.27  23.20  22.22  22.85  23.08  22.74  22.83  22.72  22.77   
21.38  22.43  22.56  23.11  22.66  23.47  22.85  22.52  23.06  23.40  23.19  23.16  22.63  22.83  22.76  22.87   
22.17  21.83  22.29  23.61  22.24  23.64  23.86  23.23  22.86  23.19  23.03  23.66  23.36  23.69  23.40  22.74   
21.71  22.07  23.39  23.74  21.98  22.99  23.18  22.53  23.40  23.52  23.21  23.14  23.19  23.31  23.30  24.73   


0
22.75  21.85  22.03  22.90  22.32  23.18  22.49  23.26  22.97  22.86  22.84  22.72  22.61  23.33  23.26  23.22   
21.91  21.79  22.20  22.65  22.86  22.94  22.93  22.20  22.64  23.49  22.75  23.25  23.30  22.94  23.02  23.16   
22.16  21.82  22.16  22.93  21.43  23.73  24.26  23.92  23.06  23.39  22.40  23.01  23.00  23.43  23.53  23.48   
21.99  22.59  23.63  23.73  22.24  23.43  23.28  22.73  23.62  23.40  23.55  23.61  23.17  23.30  23.76  23.30   


0
22.57  22.53  22.27  23.00  22.99  23.15  23.13  23.35  22.62  22.84  22.81  23.15  22.58  23.05  23.10  22.57   
21.61  21.38  21.94  22.62  22.94  23.02  22.81  22.88  22.82  22.96  22.83  23.33  22.93  22.92  23.54  22.98   
22.13  22.04  22.61  23.35  21.88  23.50  23.10  23.30  23.34  23.26  22.89  22.66  23.20  22.54  22.82  23.30   
22.55  22.43  22.97  23.34  22.07  23.29  23.36  23.48  23.36  23.49  23.17  22.98  22.89  23.98  23.42  23.46   


0
22.46  21.30  22.56  22.79  22.45  23.53  22.16  23.16  22.54  23.20  22.74  23.19  22.74  22.70  22.72  23.08   
20.70  22.30  22.33  22.43  22.77  23.16  22.64  22.52  22.03  23.30  23.29  23.05  22.97  23.32  23.71  23.47   
22.17  21.83  22.64  23.27  22.39  23.01  23.24  23.73  22.76  23.51  22.82  22.69  23.01  23.19  23.40  23.49   
22.29  21.93  23.14  23.38  22.79  23.55  22.52  23.52  22.94  24.09  23.21  23.26  23.44  23.31  23.61  23.67   


0
22.29  21.99  22.55  22.06  22.20  22.72  22.49  23.04  22.97  22.42  22.84  23.06  22.49  23.20  22.71  22.60   
20.96  22.29  21.96  22.65  22.97  23.05  22.93  22.10  22.12  23.59  23.28  23.25  23.41  22.82  23.83  23.01   
22.30  21.94  21.57  23.48  21.75  23.31  23.13  23.42  23.06  23.29  23.33  22.36  23.92  23.18  23.26  22.28   
22.43  22.72  23.63  22.76  22.51  22.97  23.39  23.39  23.16  23.74  23.43  23.73  23.43  23.72  23.44  23.48   


0
22.46  22.43  22.95  22.92  22.57  23.98  23.27  22.94  23.31  22.66  23.29  23.08  22.50  23.09  22.72  23.24   
22.06  21.80  22.09  23.11  22.77  23.27  23.35  22.41  22.44  23.40  23.19  23.37  23.20  23.08  23.85  23.77   
22.59  22.08  22.05  23.16  21.92  23.54  23.76  23.73  23.17  23.61  23.24  22.80  23.12  23.56  22.72  22.74   
21.71  22.74  23.52  23.86  22.66  23.10  23.07  23.52  23.63  23.86  23.32  23.50  22.93  23.31  23.30  23.14   


0
22.88  21.55  22.67  22.89  22.77  23.28  22.81  23.47  22.96  22.96  22.27  23.16  22.48  23.44  22.56  22.58   
21.49  22.03  21.71  23.20  23.27  23.14  23.22  22.69  22.73  23.68  23.06  23.13  22.83  23.42  24.23  22.99   
22.01  21.55  22.50  23.25  21.09  23.30  23.43  24.11  23.04  23.38  23.42  22.89  22.75  23.05  23.11  23.17   
21.83  22.31  23.11  23.84  22.77  22.85  22.94  23.71  23.38  23.95  23.77  23.47  22.90  23.57  22.80  23.82   


0
22.15  22.00  22.43  22.79  22.68  24.10  22.61  23.50  22.87  22.22  23.07  23.30  22.50  23.47  23.41  23.86   
21.65  21.67  22.45  23.23  23.30  23.68  23.25  23.22  22.65  23.40  23.08  22.94  22.86  22.96  23.31  23.47   
22.87  22.58  22.76  23.16  21.92  23.64  23.45  23.53  23.27  23.82  23.55  22.69  23.12  23.19  23.40  24.08   
21.12  23.14  23.39  23.98  22.52  23.10  23.29  23.08  23.51  24.09  23.44  23.74  22.93  22.75  23.77  23.14   


0
22.76  22.43  22.17  23.16  22.45  23.30  22.94  23.50  23.20  22.98  22.41  23.19  22.86  23.09  22.86  22.77   
21.52  22.43  21.86  23.45  22.66  23.27  23.05  22.72  23.16  23.80  22.87  23.37  23.08  22.71  22.76  23.77   
22.31  21.70  22.29  23.16  22.08  23.33  23.14  23.13  22.97  23.61  23.24  23.23  22.89  22.82  23.13  23.34   
22.15  22.60  23.65  23.74  22.25  23.66  23.07  23.52  23.29  23.75  23.09  23.14  23.06  23.45  23.14  24.38   


0
22.31  21.44  22.82  22.55  22.68  23.64  22.83  23.61  22.98  22.88  22.96  22.96  22.26  23.34  22.86  22.45   
21.79  21.80  21.62  23.57  22.77  23.37  22.75  22.92  22.75  23.50  22.87  22.94  22.74  23.32  23.85  22.26   
22.03  21.58  22.64  22.72  22.08  23.33  23.35  23.73  23.17  23.72  23.24  23.56  23.70  23.44  23.00  23.19   
21.12  22.47  23.14  23.62  22.52  23.44  23.18  23.52  23.40  23.98  23.56  22.78  23.44  23.31  23.77  24.20   


0
22.15  21.86  23.08  23.52  22.57  23.87  23.61  23.72  22.54  22.66  22.19  22.62  22.26  22.96  22.86  23.55   
22.06  22.30  21.98  22.43  22.88  23.37  22.34  22.82  22.55  23.40  22.87  22.51  23.31  23.45  22.90  23.77   
22.03  21.32  22.29  22.83  21.92  23.22  23.55  23.53  22.97  23.30  23.24  23.23  23.01  23.32  23.13  23.49   
21.85  21.80  23.52  23.26  21.98  23.33  23.29  23.41  23.40  23.64  23.79  23.02  22.93  23.31  23.46  22.06   


0
22.58  22.12  22.15  23.01  23.01  24.52  25.00  24.02  23.07  22.41  22.71  23.16  22.48  22.80  22.28  23.21   
20.95  22.28  22.54  22.86  22.64  23.14  25.11  24.20  22.73  23.68  23.06  23.02  23.63  23.42  24.49  22.69   
22.84  21.55  22.50  22.92  22.21  23.20  24.97  24.40  22.74  23.27  22.80  23.21  23.22  23.90  23.38  23.17   
21.83  22.44  22.86  23.72  22.36  23.64  23.48  23.27  23.49  23.95  23.53  23.24  23.55  23.00  23.11  24.88   


0
22.61  22.00  22.56  23.64  24.64  25.67  25.78  25.36  24.29  23.64  22.96  23.19  22.86  23.47  23.14  22.77   
20.70  22.30  21.74  23.34  24.45  25.50  25.72  24.22  23.78  24.31  23.08  22.51  23.20  23.20  23.31  22.56   
21.75  21.45  22.41  23.27  23.81  24.98  25.30  24.33  23.99  23.72  23.03  22.80  23.12  22.95  22.72  23.34   
21.41  22.47  23.52  23.86  23.74  24.11  24.49  24.06  23.40  23.75  23.32  23.26  23.19  23.17  23.30  24.02   


0
22.44  22.27  23.33  26.69  25.76  27.42  26.41  26.85  27.99  26.20  26.30  26.32  23.90  23.46  23.54  22.60   
21.77  22.42  23.02  25.67  24.96  25.99  25.71  25.79  27.17  26.57  24.33  24.42  23.41  22.70  24.37  23.46   
21.88  22.19  22.98  24.69  24.73  25.58  25.79  26.28  25.68  24.84  24.15  23.11  23.57  23.79  22.98  23.18   
22.13  22.32  23.13  23.97  23.86  24.99  25.34  25.67  25.75  24.19  23.31  23.49  23.05  23.86  24.39  23.66   


0
21.53  21.85  22.42  23.14  23.48  24.42  24.80  24.58  25.03  25.13  25.66  25.21  24.13  23.71  23.26  23.38   
21.64  22.54  22.55  25.12  25.27  25.79  25.12  25.39  25.48  27.15  26.59  26.40  25.87  23.56  23.29  23.16   
21.60  22.81  23.45  25.55  27.18  26.29  26.80  27.34  27.95  27.39  26.77  26.60  25.74  23.55  23.26  23.48   
21.84  22.46  24.26  26.22  26.89  26.87  27.89  27.58  28.37  28.06  26.65  25.73  24.33  24.56  23.29  23.83   


0
21.98  21.98  22.41  23.13  22.19  23.39  22.25  23.91  23.18  22.85  22.38  23.28  22.59  23.83  23.53  22.90   
21.49  22.15  21.95  23.09  23.38  23.45  22.92  24.39  23.24  24.28  23.48  23.24  23.17  22.93  23.55  23.14   
21.44  21.93  22.97  23.69  22.05  24.13  24.56  25.00  24.77  25.35  24.54  24.28  24.48  23.17  23.52  23.32   
21.53  23.38  23.11  23.48  23.17  24.98  25.65  24.80  25.85  26.30  26.07  25.72  25.46  23.43  23.27  24.35   


0
22.90  22.13  23.07  22.78  22.55  23.29  22.82  22.60  22.53  22.53  22.73  23.06  22.49  22.69  23.13  23.07   
20.96  21.91  22.32  23.10  23.07  23.66  22.73  23.41  22.74  23.99  22.96  23.04  23.07  23.43  23.70  23.76   
21.60  21.44  22.04  22.93  21.27  23.73  22.92  25.40  24.48  23.39  23.12  23.33  23.57  22.93  22.85  23.48   
21.84  22.19  23.51  23.73  21.69  23.76  23.28  24.70  24.63  23.96  23.66  24.44  23.43  23.44  23.44  24.19   


0
21.81  21.97  22.66  22.88  22.18  23.04  22.79  23.57  22.62  22.51  23.03  23.15  22.94  23.56  23.24  23.20   
21.21  22.77  21.82  22.85  22.73  23.02  22.10  22.88  22.10  23.36  23.25  23.23  22.93  23.16  23.81  23.43   
22.13  22.29  22.37  22.79  22.04  23.39  23.41  23.40  23.44  23.16  23.51  22.77  23.66  23.28  22.96  23.00   
22.11  22.56  23.73  23.22  23.29  23.06  23.03  24.24  23.25  23.49  23.64  23.58  23.15  23.56  22.94  23.81   


0
21.81  21.97  22.66  22.88  22.06  23.15  22.46  23.13  23.06  22.84  22.48  22.47  22.23  22.92  22.96  22.57   
21.21  22.77  21.82  22.85  22.41  23.12  22.30  22.38  22.61  23.57  23.15  22.80  23.16  22.92  23.67  22.37   
22.13  22.29  22.37  23.02  21.72  23.19  23.62  23.10  23.03  23.47  22.89  23.09  23.66  23.77  23.23  23.15   
22.11  22.56  23.73  23.22  21.80  23.17  23.36  23.15  23.14  23.83  23.87  23.58  23.66  23.56  23.73  23.46   


0
22.00  22.15  22.30  22.67  22.10  23.19  22.50  23.16  23.09  22.55  22.19  23.08  22.26  23.09  22.58  22.61   
21.92  21.54  22.56  23.00  22.45  23.16  22.34  22.41  22.65  23.50  22.87  22.41  23.20  23.08  22.90  23.17   
22.31  21.58  22.53  23.05  21.76  23.22  23.66  23.13  23.17  22.88  22.93  22.59  22.89  23.19  22.45  23.19   
21.12  22.33  23.90  23.26  21.84  23.21  23.40  23.19  23.40  23.52  22.97  23.02  22.93  22.60  23.30  23.49   


0
21.82  21.27  22.41  22.89  22.31  23.39  22.36  23.47  23.07  22.52  22.16  23.05  22.24  23.06  22.56  22.11   
21.08  22.28  21.71  22.52  22.53  22.83  22.62  21.98  23.14  23.48  22.85  22.38  23.17  23.05  22.87  22.54   
21.73  22.30  22.26  22.70  21.73  22.99  23.43  23.01  23.15  22.85  22.90  22.56  22.87  23.17  22.42  22.87   
22.27  23.11  24.12  23.12  22.77  23.30  23.48  22.61  23.38  23.50  22.95  23.00  22.90  22.58  23.27  23.82   


0
22.01  21.59  22.32  22.93  22.46  23.31  22.62  22.95  23.00  22.45  22.53  22.97  22.99  22.46  22.32  22.15   
21.66  21.81  21.40  23.47  22.99  23.07  22.96  22.63  22.46  23.21  22.78  22.74  22.64  23.58  23.32  22.58   
21.90  22.22  22.42  22.84  22.09  23.34  23.46  23.25  22.98  23.83  23.46  22.82  23.37  23.57  23.14  22.91   
21.72  21.94  22.77  23.27  22.94  23.22  23.41  23.09  23.30  23.88  23.45  23.03  23.07  22.90  23.31  23.86   


0
22.77  21.45  22.84  22.93  22.46  23.43  22.84  23.51  22.67  22.23  22.75  23.20  22.63  22.71  23.29  22.46   
21.80  21.81  22.69  23.13  22.68  23.17  23.06  22.02  23.07  23.62  23.30  22.85  22.53  22.97  23.72  23.03   
21.90  21.97  22.77  23.07  21.29  23.75  23.36  23.75  23.29  23.31  23.15  23.14  22.91  23.33  23.42  23.50   
22.31  22.48  23.40  23.63  21.99  23.79  23.30  23.09  23.53  23.65  23.69  22.79  23.07  23.89  23.15  23.68   


0
22.28  21.27  22.02  23.01  22.89  23.05  22.25  23.36  22.63  22.52  22.05  23.62  22.71  23.06  22.84  23.05   
20.13  21.77  22.19  22.75  22.00  23.03  22.62  23.20  22.32  23.18  23.06  22.70  23.40  22.81  23.14  23.14   
21.73  21.68  22.50  22.92  21.73  23.51  23.12  23.41  22.84  23.17  23.21  22.89  23.56  23.41  23.38  23.32   
21.97  22.17  22.99  23.24  22.36  23.41  23.16  23.27  23.72  24.06  23.42  22.88  23.93  23.57  23.59  24.17   


0
22.14  21.57  22.16  22.90  22.90  23.18  22.38  23.15  22.97  22.42  22.95  23.52  22.61  23.33  23.40  22.75   
21.23  21.66  21.61  22.99  22.33  23.05  23.43  22.40  22.53  23.49  23.07  22.82  23.18  22.82  22.88  23.16   
21.60  21.56  22.16  22.60  22.22  23.42  23.34  22.92  23.06  23.29  22.60  22.79  23.00  23.06  22.85  23.18   
21.84  22.05  23.51  23.49  21.69  22.97  23.06  23.28  23.84  23.06  23.66  23.49  23.05  23.16  23.29  23.66   


0
22.32  21.31  22.97  23.05  22.58  23.09  22.73  23.29  22.89  22.56  22.97  22.75  22.40  23.23  22.32  23.09   
21.53  22.06  22.22  23.13  22.46  23.48  22.66  23.23  22.66  23.21  22.78  22.85  22.87  23.58  23.32  23.33   
21.62  22.22  22.30  23.07  21.45  22.92  23.26  23.15  23.59  23.83  23.76  23.46  23.37  23.45  23.14  23.35   
22.74  22.48  22.90  23.51  22.80  23.34  23.08  23.42  23.64  24.33  23.80  23.27  23.07  23.89  23.47  24.21   


0
22.31  22.00  22.95  23.16  22.45  22.85  23.27  23.27  22.76  22.98  23.07  23.30  22.97  23.21  23.00  23.24   
21.79  22.56  21.74  22.77  23.51  23.37  22.75  23.22  22.86  23.50  23.50  22.84  22.97  23.08  23.98  23.02   
21.75  21.45  22.64  23.61  22.39  24.26  23.76  23.93  23.27  23.51  23.24  23.13  23.59  23.07  23.00  23.64   
21.56  22.20  23.52  24.34  22.38  23.10  23.18  23.19  23.29  23.30  23.09  23.74  23.44  23.73  23.93  23.85   


0
22.43  21.55  22.54  23.01  22.31  23.62  22.47  23.58  23.40  22.52  22.82  22.82  22.36  23.06  22.56  22.90   
21.90  21.14  22.30  23.54  22.85  23.55  22.92  23.00  22.73  23.98  23.48  23.24  23.63  23.30  23.28  23.75   
22.01  21.80  22.03  23.58  21.57  23.30  23.12  23.51  23.25  23.06  23.62  23.32  23.68  23.78  23.24  23.61   
21.83  22.44  23.49  23.48  22.49  23.19  23.59  22.94  22.92  23.50  23.18  23.36  23.16  23.15  24.06  22.94   


0
22.46  21.58  22.95  23.16  21.87  23.76  22.39  23.61  22.43  22.88  22.41  23.53  22.62  23.34  23.14  23.08   
21.11  21.54  22.09  22.32  22.98  23.47  22.85  22.72  22.86  23.10  23.19  22.84  23.42  23.32  23.58  23.02   
22.03  22.20  22.64  23.27  22.39  23.12  23.24  22.83  23.27  22.88  23.03  23.34  23.59  23.69  23.00  24.08   
21.71  22.87  23.65  23.50  22.25  23.21  22.41  23.73  23.74  23.86  23.67  22.90  23.44  23.59  24.56  24.38   


0
22.73  22.40  22.67  22.77  23.12  23.62  23.03  23.25  23.07  23.29  22.94  22.48  22.59  23.19  23.11  23.05   
21.63  22.41  22.19  22.98  23.06  24.06  22.82  22.69  23.04  23.28  23.06  22.38  23.29  23.55  23.96  23.45   
22.84  22.05  22.74  23.03  22.53  23.93  23.53  23.51  23.15  23.27  23.32  23.32  23.79  23.41  23.52  23.02   
21.53  22.58  24.00  23.12  22.36  23.53  23.26  23.38  23.49  24.06  23.30  22.75  23.80  23.85  24.06  23.65   


0
22.47  21.45  22.71  22.69  23.04  23.31  22.62  23.51  23.11  22.89  22.97  23.20  23.34  22.97  23.01  23.25   
21.80  21.68  22.11  23.01  22.99  22.97  23.06  23.13  22.66  23.82  22.78  22.95  23.32  23.46  23.59  23.48   
22.19  22.22  22.66  23.51  21.61  23.65  23.15  23.65  22.98  23.31  23.15  22.60  23.48  23.70  23.28  23.35   
22.31  21.67  23.53  23.63  22.26  23.56  23.30  22.87  23.30  23.31  23.45  23.15  22.94  23.18  24.57  25.09   


0
22.29  21.42  22.55  23.02  22.79  23.29  23.15  23.59  23.08  22.97  23.39  22.95  22.96  23.33  23.26  22.91   
21.64  21.91  22.20  23.55  22.97  23.15  23.03  22.81  22.74  23.29  23.39  24.21  23.30  23.56  23.43  22.85   
22.44  22.69  23.22  23.04  21.91  23.00  23.85  23.82  23.46  23.70  23.22  22.68  23.57  23.55  23.12  24.37   
22.28  22.59  23.89  23.73  22.78  23.76  23.39  23.28  23.50  23.85  24.01  23.61  23.43  23.58  23.92  22.77   


0
22.58  21.98  22.28  23.13  22.42  23.39  23.14  23.91  22.96  22.52  22.49  23.16  22.71  23.06  22.56  24.30   
21.63  22.28  21.83  23.43  23.17  23.75  23.22  22.79  22.73  23.68  23.48  23.45  23.06  23.05  23.69  22.84   
22.29  22.30  22.50  23.80  21.73  23.30  23.12  24.01  23.25  24.21  23.62  23.53  23.91  23.78  23.65  23.61   
22.41  22.71  23.37  24.20  22.63  23.30  23.26  23.05  24.06  24.06  23.30  23.83  23.93  23.15  24.06  24.00   


0
22.29  22.69  22.81  23.02  22.09  23.29  22.49  22.93  22.97  22.53  23.39  23.74  22.73  23.33  22.99  23.69   
22.18  21.91  22.55  23.44  23.18  23.56  23.03  22.91  22.64  23.79  23.49  23.57  23.41  22.57  23.56  23.46   
21.60  22.19  22.40  23.37  21.91  23.42  23.44  23.72  23.26  23.29  23.02  23.22  22.88  23.55  23.66  23.63   
21.55  22.86  23.76  24.21  22.78  23.65  23.50  23.39  23.73  23.51  23.66  23.73  23.43  23.72  23.60  23.66   


0
22.90  22.27  23.33  23.50  23.02  23.29  23.26  23.26  22.97  22.64  22.51  23.52  22.13  23.33  23.95  23.07   
21.50  21.79  22.32  23.21  22.65  23.05  22.63  22.50  22.53  23.39  23.49  23.14  23.07  23.19  23.83  23.46   
21.88  21.82  22.63  23.37  22.70  22.90  23.23  24.02  23.77  23.18  23.12  22.47  24.03  23.30  22.98  23.63   
22.13  22.59  23.25  23.49  22.51  23.20  23.50  23.50  23.50  23.85  23.08  23.61  23.56  23.72  23.92  23.66   


0
22.17  22.02  22.97  22.93  22.93  22.74  22.96  23.73  22.56  22.56  22.53  22.86  22.75  22.71  23.15  22.31   
22.20  21.56  22.22  23.35  23.31  23.48  22.86  22.93  22.15  23.41  23.30  22.74  23.10  23.46  23.59  22.88   
21.76  22.34  22.66  23.51  21.93  23.24  22.84  23.75  23.08  23.31  23.25  23.35  23.02  23.08  23.14  23.35   
22.01  22.88  23.78  23.51  22.40  23.45  23.41  23.09  23.87  24.10  23.22  23.75  23.33  22.76  23.78  23.68   


0
21.98  22.12  22.80  23.13  22.07  23.16  22.92  23.14  22.96  23.61  22.60  23.05  23.07  22.68  22.56  22.90   
21.36  22.28  21.60  23.09  23.17  23.55  23.02  22.89  22.93  23.28  22.95  23.13  23.17  22.81  23.01  23.14   
22.01  21.42  22.15  22.92  21.25  23.41  23.22  23.11  23.04  22.85  23.32  23.21  23.33  23.66  23.65  23.17   
21.83  22.04  23.24  23.72  22.36  23.53  23.37  23.16  23.26  24.06  23.65  23.59  23.16  23.57  22.80  24.17   


0
21.67  21.70  22.02  23.25  22.89  22.59  22.36  23.36  23.07  22.63  22.71  22.59  21.88  23.06  23.11  23.05   
21.08  21.52  22.42  22.86  22.64  22.93  22.92  23.20  22.83  23.28  22.63  23.34  23.40  23.18  23.69  23.60   
22.43  21.42  22.26  23.58  22.21  23.30  23.43  23.61  23.15  24.21  22.70  22.78  23.33  23.29  22.70  23.32   
22.41  22.58  23.24  23.72  22.22  23.64  23.26  23.38  23.03  23.38  23.77  23.83  23.29  23.57  23.43  22.94   


0
22.73  21.55  22.80  22.77  22.54  23.39  22.47  23.58  23.29  22.74  22.38  23.39  21.64  22.80  22.42  23.21   
20.95  22.15  22.54  22.64  23.38  23.65  22.72  22.69  23.04  23.38  23.16  23.66  23.51  23.30  23.69  22.84   
22.15  21.42  22.26  23.36  22.21  23.09  23.32  23.81  23.25  23.06  23.21  22.89  23.33  22.43  23.38  23.91   
21.97  22.44  23.87  23.36  21.68  22.62  23.26  23.49  23.26  23.84  22.95  23.36  23.16  24.27  23.75  23.29   


0
22.31  21.44  22.95  23.28  22.45  22.96  22.94  22.94  22.65  22.55  23.07  22.96  22.26  22.83  22.17  22.29   
21.11  21.42  22.21  23.23  22.88  22.96  22.64  22.82  22.86  23.20  23.50  23.16  23.31  22.34  23.17  23.17   
22.45  22.20  22.64  23.50  21.44  23.12  23.45  23.63  22.97  23.30  23.75  22.91  22.89  23.32  23.40  23.19   
22.59  22.47  23.39  23.98  22.79  23.55  23.40  23.08  23.63  23.52  23.21  23.26  23.06  24.02  23.61  23.67   


0
22.32  21.45  22.19  22.69  22.81  22.86  22.18  23.06  23.00  22.34  22.97  23.09  23.34  23.35  22.74  22.78   
21.39  22.57  21.87  23.24  22.57  23.28  22.96  22.63  22.77  23.41  23.72  22.95  23.32  22.85  22.64  22.88   
22.32  21.71  22.07  23.73  22.25  23.44  23.15  23.25  22.98  23.42  23.04  23.35  23.25  23.70  23.42  23.50   
22.01  22.21  22.90  23.87  22.80  23.22  23.19  22.87  23.87  23.42  23.80  23.03  23.07  23.32  23.94  23.51   


0
21.98  21.55  22.41  23.01  22.42  23.39  23.03  23.25  23.07  22.85  22.94  23.05  22.71  22.93  22.97  22.74   
21.49  22.41  22.19  23.43  22.64  23.45  22.82  23.00  22.83  23.48  22.95  23.45  23.17  22.69  23.14  23.75   
21.59  21.30  22.38  23.14  21.57  23.51  23.63  23.41  23.55  23.38  23.32  23.21  22.75  24.15  23.38  23.46   
21.53  21.90  23.11  22.99  21.95  23.64  23.37  23.27  23.60  23.38  23.42  23.12  22.90  23.85  22.64  23.47   


0
22.11  21.68  22.40  22.52  22.06  22.69  23.02  23.13  22.73  22.62  22.59  23.27  22.94  22.92  22.96  23.51   
21.07  21.63  21.94  23.08  22.63  23.23  22.51  22.48  22.61  22.86  23.36  22.80  23.39  22.30  23.67  22.68   
22.13  21.79  21.78  23.02  21.40  23.50  23.31  23.30  23.03  23.26  23.41  22.98  23.20  23.03  23.23  24.19   
22.11  22.03  23.48  23.46  22.35  23.74  23.03  22.93  23.59  23.03  23.05  23.46  23.28  23.42  23.58  23.81   


0
22.11  21.68  22.40  22.52  22.41  22.92  22.35  22.79  22.51  22.73  22.59  22.69  22.58  23.18  23.24  22.88   
21.07  21.63  21.94  23.08  22.94  23.12  22.81  22.78  22.61  22.55  23.25  23.23  22.93  22.30  22.59  22.68   
22.13  21.79  21.78  23.02  21.40  23.91  22.89  23.50  23.24  23.89  22.99  23.30  23.43  23.16  23.23  22.85   
22.11  22.03  23.48  23.46  22.07  23.40  23.25  22.93  23.14  23.83  23.52  23.58  22.89  23.42  23.89  22.92   


0
22.31  22.43  22.43  23.04  22.45  22.96  22.39  22.83  22.54  22.77  22.52  23.08  22.86  23.47  23.14  22.45   
21.79  22.05  22.33  23.00  22.98  23.16  22.85  22.82  22.65  23.20  23.19  22.73  23.08  23.32  23.17  23.02   
21.75  21.58  22.29  23.05  21.44  23.95  22.93  23.53  23.27  23.30  22.82  23.02  23.01  22.82  22.72  22.44   
21.26  21.93  24.02  23.62  22.11  23.44  23.29  22.97  23.17  23.41  23.32  23.14  23.70  23.73  22.82  22.78   


0
22.47  21.59  22.19  22.57  22.81  23.54  22.29  23.62  23.54  22.78  22.53  23.09  22.87  23.48  23.15  22.46   
21.93  22.32  22.46  23.01  23.10  23.48  22.86  22.43  22.35  23.21  23.20  22.74  23.10  23.34  23.18  23.63   
22.05  21.84  22.07  23.18  22.09  23.13  23.67  23.25  22.88  23.31  22.84  23.03  23.02  22.84  22.73  22.91   
21.87  22.75  23.40  23.51  21.99  23.22  23.85  23.75  23.30  23.42  23.34  23.15  23.71  23.75  22.83  24.04   


0
22.94  21.04  22.85  22.34  22.71  22.98  22.64  23.19  22.90  22.35  23.20  23.67  22.64  22.73  23.02  22.63   
21.81  22.08  22.71  23.48  22.48  23.50  22.77  23.04  22.68  23.53  22.90  22.97  23.22  23.23  23.87  23.65   
22.06  21.60  22.08  23.19  22.58  23.25  23.68  23.46  23.09  23.43  23.26  22.94  23.38  22.85  23.56  22.92   
22.03  22.90  22.65  24.36  22.41  23.35  23.20  23.21  23.31  23.43  23.58  22.44  23.34  23.05  23.80  24.05   


0
22.31  21.44  21.91  22.67  22.57  23.30  22.61  23.38  22.87  22.33  22.41  23.30  22.50  22.83  22.58  22.92   
21.25  22.18  22.33  23.57  22.56  23.27  22.54  23.02  22.44  23.30  22.66  22.51  23.31  22.83  23.44  23.02   
21.47  21.45  22.05  22.61  22.24  23.01  23.14  23.43  22.97  23.19  23.75  23.02  22.78  24.05  23.40  24.23   
21.85  22.33  23.27  23.38  23.06  23.44  23.29  22.75  22.94  23.86  23.09  23.14  22.67  22.60  24.40  23.32   


0
21.74  22.04  23.12  22.47  22.37  23.11  22.65  23.20  22.47  22.36  22.33  22.54  23.01  23.25  23.59  22.96   
21.42  21.58  22.25  22.93  22.81  22.99  22.98  22.35  22.07  23.24  23.22  22.98  22.89  23.36  23.07  22.60   
22.63  22.37  22.68  23.09  21.96  23.05  23.38  23.37  23.31  22.92  22.96  23.38  23.51  22.98  23.98  23.38   
21.89  21.97  23.43  23.42  22.56  23.36  23.22  22.67  23.66  23.79  22.77  23.18  23.74  23.07  23.97  24.06   


0
22.03  22.03  22.20  22.94  22.71  23.21  22.75  23.41  23.12  22.68  22.98  22.87  22.53  22.98  22.89  24.04   
21.95  22.46  22.24  22.91  22.58  23.50  23.07  22.64  22.78  23.63  23.53  22.65  22.65  22.74  22.51  23.19   
21.92  21.85  22.67  23.19  21.78  23.77  22.33  23.06  23.09  23.22  23.67  22.29  23.50  22.97  23.16  23.22   
22.03  22.23  23.67  23.53  22.27  22.90  22.98  22.99  23.43  23.66  23.23  23.16  22.95  23.90  24.11  23.70   


0
21.85  21.72  22.69  22.55  22.80  23.30  22.61  22.94  22.54  22.44  22.52  23.42  22.62  22.96  22.03  22.92   
21.38  21.67  21.74  23.34  22.56  23.37  23.05  22.21  22.34  23.20  22.45  22.94  22.63  22.46  23.58  23.02   
22.03  21.58  21.93  23.16  21.44  23.22  23.04  23.23  22.86  23.09  22.72  22.91  23.24  23.32  23.54  23.19   
21.71  22.20  23.27  23.62  22.11  23.55  23.29  23.63  23.06  24.20  23.32  23.26  23.70  22.60  22.66  24.02   


0
22.28  21.41  21.89  23.37  23.12  23.05  22.70  22.81  22.96  22.63  22.16  22.48  22.36  23.32  22.14  23.37   
21.36  22.15  21.60  23.09  22.85  23.24  23.02  22.89  22.21  23.58  22.74  23.24  22.60  22.93  23.01  22.54   
21.87  21.55  22.03  23.14  21.89  23.20  23.22  23.21  22.84  23.59  23.32  22.67  23.45  23.29  23.52  23.32   
21.53  21.77  23.24  23.60  22.77  23.30  22.82  23.05  23.38  23.50  23.53  23.00  23.55  23.71  23.43  24.17   
