
0
22.15  20.58  22.69  22.79  22.22  22.96  22.16  22.83  22.65  22.55  22.52  22.62  22.86  22.32  22.72  23.08   
21.25  21.80  21.74  22.89  22.77  22.75  23.15  22.72  22.55  23.50  22.76  23.16  22.97  22.83  22.21  22.87   
22.03  21.70  22.64  23.05  21.44  23.01  22.93  23.33  22.97  23.09  23.13  23.02  23.01  22.70  22.86  23.04   
22.29  22.20  23.52  23.38  21.84  23.10  22.96  23.41  23.51  23.52  23.21  23.26  22.93  23.31  23.46  23.67   


0
22.66  21.49  22.23  22.24  22.38  22.78  22.55  23.10  23.36  23.03  23.12  23.13  22.31  23.26  22.63  22.97   
21.57  22.10  22.03  22.94  22.71  23.31  22.69  22.97  23.11  23.45  23.34  22.78  23.36  23.13  23.36  22.77   
22.08  21.63  22.69  22.99  21.65  23.48  22.88  23.28  23.02  23.56  22.98  22.96  23.40  22.87  23.45  22.64   
21.46  23.45  23.57  23.67  22.84  23.04  22.57  23.13  23.34  23.80  22.90  23.07  23.11  23.36  23.19  22.83   


0
22.84  21.94  23.03  23.47  22.18  23.26  23.02  23.24  22.73  22.84  22.81  23.04  22.81  22.52  22.66  23.16   
21.32  22.51  21.93  23.08  22.84  23.24  22.62  22.89  22.73  23.88  22.84  23.12  23.16  23.64  23.79  23.25   
21.55  22.28  22.60  23.02  21.03  23.30  23.11  23.81  22.94  23.48  23.00  23.09  23.20  22.78  23.34  23.27   
22.08  21.74  22.96  23.70  22.46  23.40  23.47  22.82  23.59  23.37  23.28  23.21  22.87  23.95  23.69  23.04   


0
21.74  21.19  22.73  22.83  22.60  23.34  22.87  23.09  22.69  22.69  22.89  23.11  22.66  22.74  22.62  23.28   
21.01  22.09  22.48  23.04  23.02  22.68  22.48  22.55  22.89  23.03  22.48  23.62  22.78  22.62  23.21  22.75   
22.07  21.87  21.85  22.98  22.11  23.16  23.18  23.37  23.21  23.33  23.17  23.27  22.70  22.49  22.90  23.38   
22.48  22.64  22.92  23.66  21.88  23.48  23.00  22.89  23.78  23.67  23.59  22.70  22.84  23.49  24.12  24.41   


0
22.01  21.45  22.32  22.81  22.23  23.20  22.62  22.73  22.89  22.12  22.64  23.20  22.40  22.84  22.18  22.78   
22.20  21.56  21.99  22.90  23.10  23.28  22.86  22.43  22.46  23.11  23.51  23.27  22.98  22.72  22.91  23.18   
22.19  21.84  22.18  23.40  22.09  23.13  23.05  23.45  23.18  23.42  22.73  22.71  23.14  22.96  22.73  23.65   
22.01  22.08  23.28  23.27  21.99  23.22  23.30  23.09  22.96  23.08  23.22  23.27  23.71  23.32  23.78  22.97   


0
22.62  22.02  21.93  22.57  22.81  22.86  22.96  23.06  22.67  22.67  22.86  23.20  22.28  22.71  22.60  22.62   
20.71  21.81  21.87  23.01  22.78  23.28  22.76  22.53  22.66  23.31  22.78  22.85  22.98  23.09  22.91  23.33   
22.32  21.59  22.18  23.40  21.93  23.34  23.46  23.95  23.08  23.10  23.35  22.82  23.48  23.21  23.28  23.05   
21.57  21.94  23.02  23.75  21.44  23.68  22.53  22.43  23.07  23.54  23.22  22.67  23.33  23.89  23.15  25.26   


0
21.90  21.63  21.96  22.97  22.03  23.35  22.88  23.43  22.81  22.49  22.46  23.35  22.31  23.01  22.36  22.34   
21.70  21.85  22.26  22.94  22.82  22.90  22.59  22.67  22.70  23.35  23.03  22.89  22.79  23.01  23.76  23.22   
22.92  22.13  21.75  22.99  21.97  23.17  23.19  23.58  23.32  23.45  23.29  22.85  23.06  23.49  22.50  23.84   
21.61  22.25  23.82  23.55  22.03  23.15  23.45  23.46  23.34  24.03  23.02  23.55  23.75  23.36  23.82  24.60   


0
21.90  21.63  21.96  22.97  22.03  22.67  22.77  23.10  23.14  22.60  22.35  22.90  22.31  23.26  22.77  22.34   
21.70  21.85  22.26  22.94  22.82  23.31  22.90  22.87  22.49  23.35  23.13  22.99  23.25  22.88  23.08  23.52   
22.92  22.13  21.75  22.99  21.97  23.27  23.50  24.08  23.22  23.56  22.87  23.07  23.29  23.49  22.91  23.09   
21.61  22.25  23.82  23.55  22.30  22.81  23.34  22.91  23.45  23.69  23.26  22.95  23.37  23.78  22.87  23.01   


0
21.54  21.44  22.17  22.79  22.68  22.62  22.72  23.05  23.09  22.55  22.30  22.96  22.74  22.96  22.58  22.61   
21.52  22.30  22.21  23.00  22.45  23.27  22.85  22.82  22.44  23.30  23.08  21.97  23.20  22.46  23.44  23.77   
21.89  21.83  22.05  23.72  21.60  23.22  23.45  24.03  23.17  23.51  22.82  23.02  22.89  23.19  23.13  23.79   
21.85  22.60  23.39  23.74  22.25  22.76  23.29  22.86  23.40  23.64  23.32  22.90  22.93  22.32  23.30  23.67   


0
21.84  21.57  22.68  22.90  22.55  22.60  21.93  23.48  22.64  22.64  22.84  22.95  22.73  22.95  22.57  22.60   
21.77  22.29  21.84  22.65  23.07  23.66  23.03  22.60  22.23  23.39  22.75  21.96  23.18  22.45  23.43  23.76   
21.88  21.69  22.87  23.26  21.75  23.31  23.44  23.02  23.16  23.81  22.91  23.01  22.88  23.18  23.12  23.77   
20.95  21.65  23.51  23.61  22.10  23.09  23.28  22.51  23.62  23.74  23.31  22.89  22.92  22.31  23.29  23.66   


0
22.36  21.91  22.49  22.97  22.73  22.67  22.77  22.88  23.03  22.71  22.35  23.13  21.96  23.26  22.63  22.97   
21.30  21.85  22.50  23.05  22.71  23.01  22.90  22.67  22.70  23.45  23.24  22.99  22.68  23.01  23.49  22.46   
22.22  21.88  21.87  22.66  21.97  23.48  23.71  22.98  23.42  23.24  22.77  23.07  23.06  23.98  22.91  23.39   
21.91  22.25  23.95  23.43  22.30  22.58  23.45  23.02  23.79  23.12  23.49  23.55  23.49  23.50  22.87  23.54   


0
22.29  21.28  22.94  22.30  22.20  22.83  22.60  23.48  22.86  22.42  22.28  22.72  22.13  23.07  23.13  22.75   
21.91  22.17  22.20  23.21  22.65  22.74  22.83  22.91  22.74  22.98  22.86  22.93  22.62  22.82  23.56  22.70   
21.60  21.56  21.80  23.15  21.59  23.00  23.44  23.02  23.16  23.29  22.50  23.01  23.34  23.06  23.26  22.73   
22.13  22.59  23.25  24.09  21.96  22.75  23.17  22.95  23.62  23.74  23.55  23.01  22.79  22.45  24.23  23.30   


0
22.95  21.62  22.73  23.19  22.49  23.57  22.76  23.53  22.69  22.47  22.45  23.23  22.18  23.25  22.76  22.65   
21.15  22.09  22.37  23.15  22.81  23.10  22.78  22.15  22.58  23.34  23.22  23.09  22.78  22.99  23.07  23.21   
21.51  21.99  21.85  23.64  21.64  23.05  23.18  23.27  23.31  23.54  23.58  22.41  23.16  22.74  23.30  23.08   
21.60  22.24  24.06  23.42  21.88  23.81  22.89  23.22  23.78  23.33  23.59  23.42  23.09  22.92  23.81  23.71   


0
21.86  21.73  22.71  23.17  22.58  23.43  23.62  25.15  24.62  23.65  23.19  23.66  22.16  22.71  22.87  22.62   
21.66  21.81  21.99  22.45  22.89  23.38  23.36  24.13  23.69  23.82  23.41  23.06  22.75  23.46  23.18  23.03   
21.90  21.97  22.42  23.18  21.61  23.24  23.26  24.04  24.00  22.58  23.25  23.25  23.60  23.08  23.69  23.95   
21.72  22.48  23.02  23.87  21.85  22.88  23.52  23.64  23.53  22.85  23.69  23.03  23.71  23.32  23.94  23.33   


0
22.44  21.85  23.33  24.70  25.09  26.21  24.80  26.64  25.67  26.51  24.80  24.53  24.36  23.71  22.99  22.75   
21.37  21.79  22.08  23.10  24.44  24.78  24.63  25.10  24.07  25.88  23.80  24.31  24.31  23.07  24.10  23.31   
22.16  21.82  22.28  22.60  22.06  23.83  24.67  24.71  25.38  26.07  24.15  23.65  22.88  22.69  23.53  23.48   
21.84  22.86  23.63  24.09  22.78  23.09  24.04  24.70  25.64  26.97  24.24  23.73  23.82  23.58  23.13  23.83   


0
22.32  21.88  22.58  23.77  24.20  25.57  24.49  25.48  25.38  25.37  25.79  26.01  26.00  25.37  23.29  22.94   
21.26  21.56  21.99  24.03  24.88  25.82  26.02  26.78  26.20  27.27  27.02  26.63  26.56  26.36  23.86  23.03   
22.05  21.08  22.66  23.40  25.99  26.62  26.62  27.46  26.60  27.11  26.89  25.48  25.53  24.91  23.28  23.35   
22.60  22.21  23.66  24.11  24.42  26.34  25.79  26.76  27.09  26.88  27.24  25.17  24.48  24.31  23.94  23.86   


0
22.03  22.03  22.33  23.06  22.36  23.21  22.41  23.96  24.10  22.79  22.54  23.21  22.41  23.11  23.16  23.42   
21.00  21.95  22.24  23.48  23.11  23.50  23.27  24.14  23.19  23.93  23.53  23.61  23.90  23.10  22.38  23.04   
22.20  21.60  21.84  23.08  21.94  23.56  24.09  25.04  24.62  24.47  25.51  24.96  25.09  24.56  23.56  24.11   
21.44  22.90  23.67  23.77  23.22  24.59  25.81  25.81  25.11  25.46  25.77  26.12  26.01  26.26  24.11  23.70   


0
21.53  21.42  22.29  22.66  22.67  22.72  22.15  23.37  22.75  22.53  22.17  23.18  22.84  22.69  23.68  23.54   
20.96  21.28  21.96  22.54  22.33  23.05  22.83  23.61  23.05  22.98  23.28  22.93  22.96  22.45  23.29  22.85   
21.60  21.82  22.28  23.04  22.54  23.31  22.92  24.42  23.97  23.81  22.71  23.11  23.11  22.81  22.85  23.48   
21.84  21.78  23.25  23.49  22.64  23.09  23.17  24.16  24.52  23.74  23.55  23.37  22.92  23.44  22.97  24.54   


0
21.66  22.67  22.40  22.64  22.65  22.92  22.46  23.13  22.95  22.73  22.81  22.81  22.35  22.66  22.96  22.73   
21.48  22.39  21.82  23.19  22.63  23.12  23.11  21.97  22.61  23.26  22.73  22.69  22.59  23.16  23.40  22.68   
21.99  22.04  22.25  23.24  22.67  23.39  23.21  22.90  22.83  23.57  23.10  23.09  23.32  23.52  22.68  22.85   
22.69  22.16  23.35  23.22  22.21  23.06  23.58  23.70  23.82  23.37  23.17  22.74  22.89  23.56  23.10  23.81   


0
21.72  21.75  22.98  23.30  22.82  22.98  22.08  23.30  22.68  22.35  22.76  23.10  22.88  22.73  23.30  22.63   
21.27  21.95  22.00  23.25  22.90  22.98  23.07  22.64  22.98  23.53  23.21  22.97  22.65  22.86  22.92  23.35   
22.76  21.73  22.43  22.97  21.62  23.14  23.48  23.46  22.99  23.32  23.78  22.61  23.38  23.10  24.38  23.37   
22.17  22.76  22.78  23.16  22.68  23.24  22.65  23.54  23.65  23.43  23.58  23.40  23.21  23.48  23.48  23.70   


0
21.76  21.79  22.63  22.86  22.51  23.14  22.56  22.56  22.61  22.61  23.24  23.02  23.15  23.15  23.20  23.14   
21.72  22.37  21.92  23.06  22.51  23.43  22.91  22.68  22.40  23.66  23.04  22.68  23.03  22.53  23.50  23.08   
21.82  22.02  22.47  23.45  22.46  23.91  23.31  23.40  23.13  23.46  23.20  23.19  22.96  23.99  23.06  24.00   
22.36  21.86  22.56  23.08  22.58  23.05  23.24  22.92  23.12  23.70  23.03  23.32  23.63  23.80  23.52  23.38   


0
21.71  21.45  22.45  22.93  22.81  22.74  22.73  23.51  23.21  22.45  22.64  22.75  22.75  22.71  22.87  23.09   
20.99  22.19  22.58  23.47  22.78  23.48  22.46  22.73  22.46  22.81  22.99  22.95  22.87  23.09  23.72  22.27   
21.76  21.59  22.07  22.96  21.29  23.24  23.46  23.35  23.08  23.21  23.35  22.82  23.02  23.21  23.28  23.65   
21.57  23.02  23.66  23.27  22.94  23.11  22.97  23.42  23.53  23.65  24.04  22.55  22.94  23.75  23.31  24.04   


0
21.70  22.00  22.17  22.55  22.57  22.96  22.94  23.27  23.09  22.55  22.52  22.62  22.15  22.96  22.44  22.61   
22.33  21.54  21.74  23.45  22.45  23.27  22.95  22.31  22.13  23.00  22.76  22.41  22.97  22.83  23.44  23.17   
21.33  21.45  22.53  22.83  22.24  23.74  23.45  23.93  23.17  23.51  23.24  23.02  23.12  22.95  23.40  23.64   
22.00  22.20  23.65  23.14  21.98  23.33  22.85  22.75  23.74  23.41  23.91  23.02  22.80  23.03  23.30  23.85   


0
22.51  21.63  22.36  22.72  22.73  23.69  22.66  22.99  23.03  22.38  22.90  23.24  22.55  22.11  23.19  22.34   
21.70  22.10  22.26  23.05  23.14  23.21  22.39  22.57  22.29  23.35  22.71  23.53  22.68  23.13  23.49  22.61   
21.80  21.63  23.05  23.43  21.49  23.27  23.09  23.68  23.02  23.14  23.29  22.96  23.86  22.87  24.00  23.24   
21.32  22.39  23.32  23.91  22.30  23.04  23.34  23.13  23.68  23.57  23.37  23.43  22.98  23.22  24.14  22.65   


0
21.74  22.18  22.60  22.83  22.84  23.34  22.65  23.09  23.35  22.58  22.78  22.88  23.01  22.61  22.20  22.96   
21.83  21.96  22.25  22.93  23.55  23.20  22.98  22.65  22.89  23.74  23.22  23.41  23.23  22.38  22.93  22.75   
21.93  22.24  22.56  22.98  22.43  23.36  22.97  23.17  22.90  22.92  23.07  23.16  23.85  22.86  23.85  23.82   
21.01  22.10  24.06  23.66  21.74  23.14  23.22  23.00  23.32  23.90  23.24  23.66  22.45  24.05  23.81  23.53   


0
23.24  21.75  22.59  22.34  22.71  23.21  22.64  23.41  22.90  22.57  23.31  23.10  22.64  23.37  23.02  22.95   
22.22  21.82  22.12  23.37  22.37  23.19  23.07  22.94  22.37  23.73  22.79  23.07  23.45  22.86  23.47  23.95   
22.06  22.10  22.20  22.86  21.62  23.77  23.37  23.36  23.09  23.11  22.85  22.83  23.03  23.22  22.88  23.37   
22.47  22.63  23.54  23.53  21.86  23.24  22.98  22.77  23.43  23.09  22.88  23.28  23.98  23.48  23.01  23.70   


0
22.07  21.50  22.76  22.62  22.98  23.02  23.01  22.89  23.05  22.94  22.36  22.80  22.56  23.02  22.51  22.52   
21.04  21.99  22.04  22.84  22.62  23.33  22.40  22.58  22.20  23.46  22.72  23.22  23.03  22.77  23.50  23.38   
21.96  21.51  22.23  23.01  21.50  23.39  23.10  23.10  23.13  23.57  23.20  22.86  23.07  23.26  22.65  22.96   
21.77  22.53  23.46  23.56  21.77  23.27  23.24  23.03  23.46  23.70  23.39  23.44  22.86  23.51  22.88  24.09   


0
22.47  21.17  22.97  23.05  22.81  22.63  22.51  22.95  22.56  22.12  22.86  23.20  22.87  23.10  22.32  23.09   
21.66  22.06  22.22  22.79  22.68  22.87  22.76  22.33  22.46  23.62  22.99  22.95  22.98  23.46  23.32  23.18   
21.90  21.84  21.95  22.96  21.29  23.65  23.26  22.95  22.98  23.21  22.94  22.92  22.91  22.84  23.14  23.05   
21.57  22.08  22.90  23.51  22.26  22.88  22.75  22.98  23.19  23.88  23.22  23.03  23.20  23.47  23.47  23.33   


0
22.05  21.77  22.36  22.84  23.31  22.90  22.99  22.77  22.92  22.71  23.23  23.01  22.79  23.26  23.60  22.50   
21.16  22.23  22.14  23.28  23.45  23.73  23.00  22.67  22.70  22.95  22.60  23.21  22.68  23.25  23.22  23.82   
21.94  21.75  22.81  23.21  22.92  23.38  23.50  23.68  23.42  23.56  23.08  23.18  23.86  23.73  23.72  23.69   
22.34  22.39  23.19  23.79  22.30  23.26  22.79  23.67  23.11  23.46  23.49  22.71  23.24  23.08  23.82  23.90   


0
22.32  22.02  22.84  22.44  22.70  22.97  22.29  22.95  23.11  22.67  22.64  23.66  22.51  22.97  22.87  23.09   
21.39  22.44  21.99  23.47  23.10  23.59  22.66  22.83  22.46  23.92  22.99  22.85  22.64  22.97  23.99  23.33   
21.62  21.97  22.89  22.96  22.09  23.55  23.15  23.85  23.59  23.52  23.46  22.82  23.14  23.33  23.28  23.35   
22.45  22.62  23.40  22.91  22.67  22.77  23.19  23.09  23.41  24.21  23.80  23.03  23.33  23.61  24.41  24.04   


0
22.15  22.43  21.91  23.40  22.68  23.19  22.83  23.38  22.98  22.33  23.18  22.50  22.62  24.10  23.00  23.39   
21.38  21.93  21.98  23.11  22.77  23.47  22.54  22.92  22.24  23.40  22.98  23.37  23.42  23.32  23.31  23.62   
21.89  20.94  22.29  23.27  21.76  23.54  23.24  23.63  22.97  23.19  23.65  22.80  23.93  23.07  24.22  24.08   
21.85  22.87  23.27  23.74  21.98  23.78  23.07  23.52  23.40  23.98  23.21  23.50  23.44  23.59  24.09  24.38   


0
22.76  21.30  22.17  22.79  22.45  23.30  22.94  22.94  22.87  22.66  22.85  23.19  22.38  23.21  23.41  23.55   
22.33  22.43  22.33  22.89  22.77  23.16  22.85  22.72  22.44  23.20  23.29  22.94  23.42  22.83  23.31  23.62   
22.45  21.20  22.05  23.27  22.24  23.43  23.45  23.43  22.97  23.61  23.24  23.02  23.70  22.82  23.27  23.79   
21.85  22.60  23.65  23.50  22.38  23.55  23.29  22.75  23.85  23.75  23.44  23.38  23.32  23.73  24.09  24.20   


0
22.77  21.31  22.19  22.81  22.46  23.09  22.73  23.40  23.43  22.45  22.64  23.32  22.75  22.84  22.74  23.25   
22.34  22.44  22.34  22.90  22.78  23.59  22.86  22.63  23.18  23.51  22.78  22.85  22.98  22.72  23.72  23.03   
22.46  21.21  22.07  23.29  22.25  23.65  23.26  23.75  22.98  23.62  22.73  22.92  23.37  23.33  23.14  23.05   
21.87  22.62  23.66  23.51  22.26  23.11  23.19  23.42  23.87  23.08  23.80  22.67  23.07  23.61  23.94  24.21   


0
22.62  21.88  22.32  23.53  22.93  23.09  22.73  23.40  23.43  22.45  22.64  22.63  22.04  23.35  22.18  23.09   
20.99  22.44  22.22  23.24  22.57  23.59  22.86  22.63  23.18  23.51  22.78  23.06  23.21  23.09  23.45  23.18   
22.05  22.09  22.30  22.96  21.77  23.65  23.26  23.75  22.98  23.62  22.73  22.71  23.37  22.96  23.14  23.05   
22.45  22.35  23.40  23.99  22.26  23.11  23.19  23.42  23.87  23.08  23.80  23.39  22.68  23.61  23.94  23.33   


0
22.91  22.43  23.08  23.04  22.68  22.85  22.83  23.50  22.54  22.44  22.74  22.62  22.03  23.34  22.17  23.08   
21.79  22.18  21.98  22.43  22.88  22.65  22.54  22.31  22.34  23.60  22.98  23.05  23.20  23.08  23.44  23.17   
21.19  22.45  21.93  23.72  21.76  23.74  22.93  24.03  22.97  22.88  23.34  22.69  23.36  22.95  23.13  23.04   
22.29  22.74  23.27  24.10  21.98  23.21  22.74  23.52  23.63  23.98  23.32  23.38  22.67  23.59  23.93  23.32   


0
22.50  21.48  22.99  22.95  22.60  23.34  22.65  23.31  22.69  22.91  22.89  23.00  22.54  23.12  22.06  23.43   
21.83  22.47  21.54  23.49  22.70  22.89  23.18  22.96  22.48  23.54  23.22  23.30  23.12  22.75  23.61  23.06   
21.93  22.49  23.03  23.42  21.96  23.47  23.38  23.87  23.11  23.33  22.96  22.62  23.51  22.98  22.76  23.53   
22.62  22.77  23.05  23.18  22.42  23.81  23.33  23.99  23.44  23.22  23.48  23.30  23.09  23.49  23.65  23.53   


0
22.51  22.62  22.62  22.84  22.50  23.01  23.10  23.10  22.92  22.49  23.12  23.01  22.31  23.01  23.05  23.44   
21.84  21.60  21.67  22.94  22.93  23.52  22.80  23.07  22.91  23.15  23.13  22.99  23.36  23.62  23.49  23.07   
21.94  21.88  22.58  22.77  21.81  23.48  23.50  23.78  23.42  23.56  22.77  23.28  23.98  23.61  23.32  23.54   
22.34  21.85  23.44  23.19  22.03  23.38  22.68  22.91  23.68  24.25  23.61  23.67  22.85  23.64  24.29  24.43   


0
22.62  21.45  22.32  22.20  22.81  22.97  22.62  23.40  23.21  22.67  22.64  23.54  22.28  23.23  22.87  23.56   
21.12  21.68  22.46  23.47  22.99  23.48  22.56  22.83  22.56  23.31  22.88  23.49  23.21  23.09  23.72  22.88   
22.05  21.59  22.66  23.29  21.61  23.34  23.46  23.45  23.39  23.42  23.46  23.35  23.37  23.33  23.42  23.80   
21.42  22.75  23.78  23.39  22.26  23.22  22.97  22.98  23.64  24.55  23.80  23.15  23.07  23.89  23.94  24.04   


0
21.72  21.46  23.11  23.30  22.59  23.78  22.52  23.74  23.12  22.68  22.87  23.67  22.76  23.24  22.61  23.26   
21.68  21.82  22.24  23.25  23.01  22.88  23.07  23.25  22.57  23.43  22.79  23.07  22.99  23.47  23.74  23.65   
22.62  21.98  22.67  23.19  22.42  23.35  23.48  23.56  23.30  23.53  23.06  22.83  23.15  24.08  22.33  23.81   
22.03  22.49  23.67  23.65  22.55  23.46  23.42  23.43  23.77  23.89  23.70  23.64  23.34  23.48  23.80  23.87   


0
22.19  20.91  22.34  23.43  22.60  23.45  22.43  23.64  23.57  22.91  22.56  23.23  22.77  23.25  23.31  23.74   
21.69  22.59  22.37  23.04  22.70  23.10  22.58  23.06  22.58  23.24  23.12  22.87  23.12  22.50  24.15  23.21   
22.91  21.74  21.62  23.42  21.96  23.16  23.07  23.37  23.51  23.44  23.38  23.27  23.05  23.48  23.58  23.82   
21.75  23.18  22.79  23.78  22.96  23.48  23.00  23.55  23.44  23.22  23.48  23.66  23.35  23.35  23.02  23.71   


0
22.32  21.31  22.84  22.57  22.70  23.31  22.84  23.18  22.34  22.67  22.42  23.09  22.63  23.61  23.29  22.31   
21.93  21.94  22.34  23.13  22.89  23.07  22.96  23.03  22.87  23.72  22.99  22.85  23.21  22.97  24.26  23.63   
22.32  21.84  22.30  22.96  21.77  23.44  23.36  23.85  23.08  23.21  23.66  22.92  23.48  22.84  22.32  23.05   
22.45  22.21  24.04  23.87  22.40  22.66  22.86  22.98  23.53  23.65  23.45  23.51  23.07  23.75  23.47  23.68   


0
21.44  22.20  22.74  23.09  22.50  23.69  22.44  23.43  22.37  22.82  22.57  23.58  22.67  23.26  22.91  22.50   
21.30  22.23  22.14  22.94  23.24  23.31  23.10  22.77  22.80  23.35  23.13  22.56  23.02  23.37  24.03  23.22   
21.80  21.25  22.58  23.21  21.49  23.48  23.60  23.88  22.91  23.87  23.49  23.39  23.29  23.73  23.72  24.13   
21.61  22.52  23.57  24.03  22.30  23.04  23.23  22.91  23.90  24.25  23.02  22.71  23.37  23.36  24.14  24.25   


0
22.18  21.89  22.20  22.21  22.59  22.87  22.97  23.41  22.90  22.90  22.98  22.64  22.76  23.75  22.61  22.63   
21.27  21.70  22.24  23.14  22.37  22.88  22.87  22.54  22.78  23.63  23.21  23.07  22.54  22.86  23.33  22.74   
22.06  22.35  22.32  23.19  21.46  23.04  23.27  23.26  23.30  23.64  23.06  23.47  23.73  23.83  23.43  23.22   
22.32  22.49  23.80  23.77  22.41  23.01  23.31  22.88  23.77  23.77  23.93  23.40  23.34  23.62  24.27  23.52   


0
22.34  22.04  22.34  22.95  21.90  23.45  22.54  22.53  22.80  22.69  23.33  22.88  22.77  23.12  22.90  22.65   
21.28  22.22  21.66  23.38  22.59  23.61  22.48  23.16  22.69  23.44  22.59  22.66  23.57  22.62  23.61  23.36   
22.21  21.49  22.45  23.20  22.27  23.47  23.80  23.57  23.31  23.02  23.27  23.16  23.16  23.97  23.71  23.38   
22.33  22.37  24.19  24.14  22.69  23.48  23.00  23.22  23.55  23.67  23.94  23.66  23.22  23.21  23.81  23.88   


0
22.32  21.88  22.84  23.05  22.46  23.20  22.51  22.95  22.89  22.78  22.86  22.86  22.63  23.35  22.32  22.94   
21.26  21.56  21.99  23.47  23.10  23.59  23.56  22.93  22.46  23.51  22.46  23.06  22.87  23.09  23.45  23.03   
22.19  21.59  22.54  23.29  21.93  23.55  23.57  23.35  22.88  24.04  23.15  23.57  23.14  22.84  23.14  22.91   
22.01  22.48  23.78  23.87  22.53  23.68  23.08  23.09  23.07  23.88  23.45  23.15  23.33  23.61  23.63  23.68   


0
21.72  22.31  22.46  22.70  22.59  23.44  22.30  22.97  22.79  22.79  22.43  22.53  22.41  23.49  22.89  22.79   
21.41  22.20  21.88  23.14  23.11  23.60  22.87  22.84  22.47  23.33  22.68  22.86  22.88  22.74  23.19  23.35   
21.78  21.10  21.96  23.41  22.58  23.56  22.54  23.86  23.20  23.32  23.47  23.37  23.26  23.71  23.43  22.92   
21.59  22.49  23.67  23.29  22.14  23.12  23.75  23.32  23.77  23.55  23.82  23.40  23.34  22.91  23.32  22.45   


0
21.70  20.73  22.82  22.55  22.45  23.19  22.05  23.27  23.20  22.00  22.30  23.08  22.03  22.70  23.00  23.08   
21.52  22.30  21.38  23.00  23.19  23.16  22.85  22.01  22.65  23.50  23.08  22.84  23.42  23.20  23.31  22.26   
22.31  21.83  22.29  23.27  22.24  23.12  23.14  24.03  23.07  23.19  23.24  22.59  23.24  23.56  23.27  23.49   
22.44  21.53  23.39  23.86  22.66  22.87  22.85  22.86  23.40  22.95  23.21  22.78  22.93  22.75  23.46  24.38   


0
22.59  21.57  22.42  22.66  22.20  23.40  22.60  23.15  22.64  22.53  23.06  23.18  22.37  23.58  22.85  22.75   
21.77  21.28  22.20  22.76  22.86  23.05  22.73  22.40  23.25  23.09  22.86  22.93  22.73  22.82  23.56  23.01   
21.60  21.44  22.40  23.04  21.75  23.63  22.92  23.62  22.95  23.39  22.81  23.01  22.65  23.18  23.12  23.18   
21.69  23.12  22.62  23.61  22.51  23.09  23.17  22.40  23.05  23.40  22.25  23.37  22.66  23.72  24.07  23.30   


0
22.19  22.61  22.08  22.47  22.02  22.88  22.20  23.53  23.02  22.25  23.00  22.77  22.54  23.12  23.18  23.28   
21.56  21.71  22.25  22.70  22.38  23.10  22.98  22.55  22.58  23.54  22.70  23.19  23.01  22.62  23.21  23.51   
21.93  21.49  21.85  23.64  21.96  23.36  23.18  24.07  23.21  23.33  23.07  22.73  23.51  22.86  22.76  23.08   
22.33  22.77  23.56  23.90  22.69  23.48  23.11  23.33  23.21  23.79  23.24  23.06  22.97  24.33  23.02  23.71   


0
21.89  21.90  22.08  22.83  22.02  23.23  22.31  23.09  22.80  22.36  22.78  23.00  22.66  23.38  22.62  22.02   
20.88  22.09  22.48  22.47  22.28  23.51  22.58  22.65  22.27  23.24  23.12  23.09  23.12  23.24  23.61  22.45   
21.51  21.74  22.21  22.87  21.80  23.36  23.38  23.37  23.21  23.23  22.96  23.16  23.16  22.98  23.30  22.63   
21.60  22.10  23.43  22.94  22.42  23.14  23.00  22.56  24.00  23.67  23.36  22.94  23.22  23.63  23.65  23.71   


0
21.72  21.46  22.59  22.58  21.89  23.10  22.19  23.30  22.79  22.24  22.98  22.41  22.53  22.73  22.75  22.16   
21.00  21.44  22.12  22.80  22.69  22.98  22.77  22.54  22.57  23.02  22.58  23.50  23.11  22.98  23.60  23.19   
21.78  21.73  22.32  22.97  21.62  23.14  23.37  23.66  23.30  23.64  22.33  23.47  23.15  22.97  23.29  23.37   
21.88  22.90  23.67  23.53  21.73  23.24  23.20  23.10  23.31  23.32  23.35  23.28  23.21  23.90  23.32  23.87   


0
21.90  21.49  21.96  22.24  22.50  23.01  22.10  22.44  23.03  23.03  23.34  22.67  22.55  22.37  22.63  23.13   
21.30  21.60  21.91  23.16  22.61  22.70  22.59  22.57  22.08  22.95  22.92  22.46  22.68  22.88  23.63  23.07   
21.80  21.38  22.46  22.77  21.01  23.58  22.98  23.48  22.61  23.45  23.49  22.85  23.17  23.24  23.72  23.54   
22.20  22.12  23.70  23.91  22.03  22.81  23.45  22.46  22.88  23.23  23.14  23.07  22.72  23.50  23.66  23.01   


0
22.21  21.35  23.00  22.48  22.15  23.01  22.55  23.10  23.03  22.60  22.13  22.55  22.79  22.88  23.19  23.13   
21.70  22.10  22.14  23.28  22.93  22.90  23.00  22.97  22.60  23.35  23.13  22.99  22.79  23.37  23.08  23.22   
22.08  21.38  22.69  23.10  21.49  22.96  23.09  23.68  23.22  23.03  22.87  22.85  23.29  23.49  23.32  23.39   
21.46  22.39  23.57  24.27  22.03  23.26  22.68  23.24  23.68  23.80  23.37  22.83  22.33  23.08  23.19  23.37   


0
22.00  21.72  22.43  23.16  22.57  22.85  22.16  23.05  22.54  22.66  22.52  22.85  22.03  23.21  23.00  22.14   
21.25  21.67  21.62  22.66  23.09  22.96  22.75  22.41  22.13  23.40  22.87  23.05  23.54  22.71  23.31  23.02   
21.61  21.32  22.05  23.05  21.28  22.81  23.66  23.23  22.97  23.30  22.72  23.02  23.24  23.19  23.13  23.93   
22.15  21.93  22.76  23.50  22.52  23.33  22.63  22.64  23.29  23.30  23.21  22.90  22.93  23.17  23.46  23.49   


0
21.88  20.75  21.94  22.58  22.82  23.44  22.97  22.86  22.68  22.57  22.98  22.64  22.05  22.85  22.89  22.63   
20.45  22.33  22.12  22.91  23.22  22.88  22.97  22.54  22.68  22.41  23.00  23.18  22.20  22.98  23.33  23.04   
22.20  21.85  22.20  22.64  22.26  23.35  22.85  22.86  22.89  23.22  23.06  22.72  23.15  22.97  23.02  23.51   
21.59  22.90  23.29  23.29  21.86  23.46  23.42  23.21  23.43  23.09  23.82  23.76  23.08  23.48  23.48  23.70   


0
22.01  21.73  22.32  22.44  22.11  23.09  22.29  22.95  22.78  22.45  22.64  22.63  22.28  22.33  22.74  22.94   
21.26  21.56  22.93  23.01  22.78  23.38  22.76  22.63  22.25  23.31  22.78  22.63  23.10  22.72  23.18  22.88   
21.34  21.84  22.18  22.96  21.45  23.65  23.46  23.95  22.77  23.21  22.73  23.03  23.25  23.08  22.87  23.20   
21.87  22.35  23.15  23.63  22.53  23.56  22.97  23.31  23.64  23.42  23.45  23.63  23.46  22.76  23.15  23.86   


0
21.86  21.45  22.58  22.69  22.46  22.74  22.40  22.84  22.67  22.78  22.75  22.75  22.51  22.71  23.01  22.62   
21.12  21.94  21.63  22.90  22.68  22.87  22.86  22.73  22.56  23.31  22.67  22.95  23.10  22.35  23.59  23.33   
21.76  21.71  21.95  23.62  21.93  23.55  23.05  23.55  23.39  22.79  23.04  23.03  23.25  23.33  23.14  23.35   
21.57  22.35  23.15  23.75  21.85  22.88  22.75  22.87  23.30  23.31  23.10  22.79  22.81  23.18  23.31  23.15   


0
21.85  21.44  22.56  22.67  22.45  22.73  22.28  23.27  22.87  22.66  22.63  23.19  22.74  22.83  22.31  22.61   
21.11  21.93  21.62  22.89  22.66  23.16  22.75  22.01  23.06  23.00  23.08  22.62  23.08  22.59  23.58  22.56   
21.75  21.70  21.93  23.61  21.92  23.12  22.62  23.33  23.58  23.09  22.93  22.91  23.12  23.19  22.45  22.74   
21.56  22.33  23.14  23.74  21.84  23.10  22.74  22.53  23.74  23.52  23.56  23.74  23.32  23.03  23.14  23.14   


0
22.03  21.04  22.72  22.82  22.24  22.87  22.30  23.30  22.90  22.68  22.65  23.21  22.29  22.85  23.02  22.95   
21.41  22.08  21.77  22.57  22.69  23.19  22.77  22.03  23.09  23.02  23.11  22.11  22.54  22.98  23.60  22.44   
22.20  21.85  21.84  22.75  21.78  23.14  22.64  23.36  23.60  23.11  22.95  22.83  23.50  23.10  23.16  22.92   
21.73  22.49  23.80  23.29  22.41  23.12  22.76  22.55  23.77  23.55  23.58  22.68  22.43  23.20  23.16  22.63   


0
22.63  21.32  22.59  23.06  22.48  22.98  21.63  22.86  22.68  22.57  22.54  22.87  22.29  22.85  23.02  22.95   
21.00  22.08  21.53  23.25  22.69  22.98  22.47  22.74  22.37  23.53  22.58  22.11  22.54  22.98  23.60  22.44   
21.64  21.60  22.55  23.19  21.78  23.35  23.48  23.26  22.79  23.32  22.85  22.83  23.50  23.10  23.16  22.92   
22.17  22.76  22.91  23.53  21.86  22.90  22.87  22.99  23.08  23.09  23.23  22.68  22.43  23.20  23.16  22.63   


0
21.90  21.35  22.36  23.09  22.62  22.55  22.44  23.32  22.70  22.60  22.24  22.90  22.08  22.75  23.05  23.13   
21.43  22.36  22.73  23.16  23.45  22.90  22.29  22.36  23.01  22.95  22.18  22.89  22.68  22.76  22.54  22.16   
21.80  21.75  22.34  23.10  21.81  23.38  22.98  23.38  23.02  22.93  22.98  22.96  23.64  23.49  22.63  23.09   
