0
23.07  21.88  22.32  22.81  22.23  22.97  22.96  23.29  22.67  22.78  22.75  22.63  22.87  23.10  22.74  22.94   
21.53  22.32  21.99  22.90  22.89  23.28  23.06  22.43  22.77  23.11  23.09  22.74  22.87  22.72  23.32  23.78   
21.76  21.59  21.71  22.96  21.93  23.75  23.26  23.45  23.39  23.21  22.84  22.82  23.60  22.96  23.14  23.50   
21.57  22.88  23.66  23.99  23.07  23.22  23.08  22.65  23.30  23.42  23.57  23.15  23.46  23.47  23.78  23.33   


0
22.18  22.17  22.59  23.54  22.82  22.76  21.97  23.08  22.35  22.24  22.98  23.10  23.00  23.11  22.61  23.42   
21.00  22.08  22.35  22.57  23.01  23.50  22.77  23.15  22.78  23.43  23.11  22.75  23.67  23.23  22.79  23.19   
21.64  22.23  22.43  23.19  22.26  23.25  23.06  23.26  22.79  22.80  23.36  23.26  23.26  23.59  23.43  23.66   
22.61  22.36  23.29  23.29  22.55  22.90  22.98  23.10  23.88  22.75  23.00  23.28  23.21  23.76  23.64  24.22   


0
22.18  22.31  22.07  22.21  22.36  23.44  22.41  23.63  23.23  22.57  23.09  23.10  22.88  23.24  22.47  23.11   
21.00  22.33  21.88  23.37  23.11  23.29  22.97  22.34  22.47  23.22  23.11  22.97  22.99  22.98  23.19  23.35   
21.64  22.10  22.32  23.08  21.78  23.46  22.85  23.66  23.09  23.43  22.95  22.83  22.80  23.46  22.33  23.07   
22.61  22.49  23.16  23.77  22.00  22.90  23.20  22.88  23.43  23.55  22.76  22.44  22.56  23.34  24.27  24.05   


0
21.99  22.27  22.03  22.18  22.32  23.40  22.38  23.48  23.08  22.42  22.28  22.03  22.37  22.82  22.99  23.07   
21.64  22.29  21.84  23.33  23.07  23.25  22.93  22.71  23.05  23.59  22.65  22.29  22.73  22.45  23.56  23.01   
22.30  22.07  22.28  23.04  21.75  23.42  22.82  23.12  22.75  22.97  23.02  23.22  22.88  23.06  22.85  23.18   
21.10  22.46  23.13  23.73  21.96  22.86  23.17  23.06  23.27  23.40  23.08  23.01  22.53  23.02  22.65  23.83   


0
22.07  22.07  22.89  23.58  22.16  23.14  22.23  23.56  23.16  22.50  22.36  22.11  22.92  23.66  22.79  22.20   
21.31  21.99  21.92  22.50  22.62  22.92  22.51  22.78  23.12  23.66  22.72  22.36  23.26  23.02  23.23  22.93   
22.38  21.39  21.64  23.23  21.50  23.80  23.41  23.20  22.82  23.05  23.09  23.30  23.19  22.89  23.06  23.40   
21.33  22.13  23.33  23.56  22.72  23.05  22.91  23.14  23.35  23.47  23.15  23.08  22.99  22.95  23.68  23.38   


0
22.36  21.49  22.36  22.12  22.85  23.12  22.21  22.99  22.81  22.82  22.57  22.55  22.91  23.65  22.77  22.19   
21.97  22.48  21.79  23.28  22.93  23.11  22.90  22.87  22.80  23.55  22.60  22.56  23.25  23.01  23.22  22.92   
22.36  21.75  21.87  22.77  21.81  23.38  22.88  23.48  22.91  23.24  23.60  22.74  23.17  22.87  23.04  23.39   
21.76  22.79  23.32  23.43  22.30  23.60  23.01  23.13  24.02  23.46  24.07  23.31  22.98  22.94  23.66  23.37   


0
22.04  21.90  21.82  22.95  22.37  23.34  22.43  23.75  22.80  22.58  23.11  22.88  22.54  22.87  22.48  23.74   
21.56  21.84  21.78  23.15  22.91  23.10  23.18  22.65  22.58  23.24  23.33  22.77  22.67  22.62  23.21  22.75   
21.79  21.87  21.97  22.98  21.16  23.78  23.07  23.57  22.80  23.33  23.27  22.95  22.93  23.11  23.03  22.48   
21.89  21.83  23.30  23.78  22.01  23.48  23.00  23.00  23.44  23.67  23.48  22.46  23.09  23.07  22.86  23.53   


0
22.48  21.46  22.72  22.82  22.24  23.10  22.30  22.86  23.34  22.68  22.43  23.21  22.76  23.37  22.19  22.63   
20.86  22.71  21.65  23.03  22.90  23.19  22.87  22.24  22.68  23.63  23.11  22.43  22.20  22.74  23.47  22.29   
22.06  22.10  21.60  23.19  21.14  23.04  23.06  23.36  23.20  23.53  23.26  22.83  23.03  23.71  23.29  23.51   
22.61  22.63  23.54  23.41  22.27  23.12  22.76  22.77  23.43  23.77  23.00  23.28  23.21  22.91  22.53  24.05   


0
22.01  21.73  22.32  22.57  22.70  23.66  22.51  23.40  22.45  21.90  22.64  23.09  22.75  22.59  22.46  23.25   
21.12  21.68  21.63  22.33  22.57  22.66  22.66  22.93  22.15  23.01  22.88  22.74  22.87  23.34  23.99  23.18   
22.88  21.34  22.07  22.84  22.57  23.34  22.84  22.95  22.98  23.21  23.15  23.14  23.14  23.21  23.28  24.24   
21.57  22.35  23.28  24.47  21.44  23.11  23.08  23.64  23.19  23.65  23.10  23.39  23.33  23.75  23.47  24.04   


0
21.76  21.64  22.50  22.86  22.75  23.36  22.78  23.89  22.72  22.39  23.57  22.91  22.80  22.64  22.51  22.83   
21.45  21.61  21.69  22.50  22.83  23.53  22.81  22.88  22.71  23.46  22.61  22.79  22.92  23.39  22.82  23.53   
21.53  22.14  22.71  23.23  21.34  23.28  23.41  23.20  23.13  23.25  22.68  22.65  23.30  23.50  23.87  23.25   
22.06  22.40  23.58  23.92  21.49  23.73  23.24  22.48  23.23  23.13  22.92  23.44  22.86  23.51  23.52  23.91   


0
21.26  21.46  22.59  22.82  22.36  23.21  22.19  22.74  22.35  21.91  22.21  23.10  23.00  22.47  22.47  22.95   
21.68  21.57  22.24  22.80  22.90  22.77  23.17  22.34  22.37  23.12  22.79  23.50  23.11  22.74  23.47  23.19   
21.92  22.10  22.20  22.97  21.30  23.04  23.17  23.36  22.99  22.90  22.64  23.26  22.69  22.85  22.88  23.22   
22.47  22.49  23.42  23.29  22.68  23.01  23.20  22.99  22.63  23.43  23.82  23.40  22.43  23.34  23.32  23.52   


0
22.63  21.32  22.07  22.82  22.36  22.76  22.19  23.19  22.46  22.46  22.32  22.99  22.29  23.37  23.30  22.95   
21.68  21.82  21.41  22.80  23.43  22.98  22.57  22.14  21.85  23.73  23.32  23.29  23.11  23.10  23.47  23.04   
22.06  22.23  22.32  22.86  21.62  23.46  23.48  23.26  22.68  22.59  23.16  22.72  22.69  23.46  22.88  23.51   
22.03  22.36  23.16  23.16  22.14  22.78  23.09  22.77  22.74  23.55  22.53  23.04  22.95  23.48  23.01  23.34   


0
21.42  21.32  22.59  22.70  22.82  23.56  22.19  22.74  22.57  21.69  22.32  22.64  22.53  23.11  22.89  22.63   
21.81  21.82  21.53  22.91  22.79  23.08  22.67  22.54  22.16  23.22  23.00  22.54  22.88  22.98  23.19  23.04   
22.06  21.98  22.43  22.86  21.78  23.14  22.54  23.66  22.89  23.43  22.85  23.47  23.03  23.10  23.16  23.22   
21.14  21.82  23.54  23.29  22.00  23.69  22.87  23.54  22.86  23.66  23.47  23.04  23.34  23.34  23.80  23.52   


0
22.32  21.59  22.58  22.57  22.35  22.97  21.95  23.18  22.56  22.45  22.42  23.32  22.63  23.10  22.87  22.94   
21.53  21.68  22.22  22.79  22.57  22.97  22.46  22.63  22.35  23.01  22.78  22.74  23.78  22.60  22.91  22.88   
22.05  21.97  22.18  23.51  21.61  22.92  23.98  23.65  22.98  23.52  23.97  22.92  23.37  23.33  23.82  24.39   
22.60  21.94  23.53  23.15  23.21  23.22  23.19  23.20  23.41  23.31  23.80  22.79  23.07  23.61  23.31  23.68   


0
22.18  21.75  22.85  22.70  22.71  23.10  22.08  22.97  22.68  22.24  22.65  23.21  22.53  22.73  22.89  22.79   
21.95  22.33  22.12  23.70  23.64  23.19  22.16  22.44  22.88  23.93  23.00  22.97  23.11  23.10  23.06  22.89   
21.35  21.35  21.60  23.52  21.78  23.56  22.75  23.26  23.20  23.01  22.95  22.72  23.03  23.46  23.84  23.81   
22.47  22.09  23.54  23.65  22.14  23.12  23.09  22.66  23.43  23.21  23.11  23.28  23.73  23.48  22.53  24.05   


0
21.26  22.17  22.72  22.58  22.48  22.98  22.52  22.97  22.90  22.68  22.65  23.33  22.64  23.24  22.05  22.95   
21.54  21.44  21.53  23.14  22.69  23.29  22.97  22.54  22.47  23.53  23.42  22.86  22.88  23.10  22.92  22.74   
21.64  21.48  22.32  23.08  21.62  23.35  23.37  23.36  22.99  23.43  22.95  23.37  22.92  23.34  22.75  23.07   
21.88  22.09  23.29  23.41  22.41  23.12  23.31  22.99  23.31  23.32  22.64  23.04  23.21  23.34  23.64  22.99   


0
21.86  21.59  22.32  22.69  22.35  23.43  22.29  22.84  22.67  22.45  23.30  22.86  22.51  23.10  22.46  22.62   
20.99  22.44  22.34  22.45  22.99  23.07  22.35  22.63  22.35  22.91  22.88  22.63  22.87  23.21  23.45  22.88   
21.76  21.84  21.59  23.29  22.72  23.13  22.53  23.55  23.29  23.21  23.15  23.03  23.37  23.82  23.42  22.46   
22.16  22.62  23.66  23.63  22.40  23.11  23.19  22.54  23.30  23.88  23.10  23.39  22.55  23.89  23.47  23.15   


0
22.33  21.32  21.42  22.82  22.12  22.53  22.41  22.86  22.46  22.68  22.43  22.99  21.69  22.98  22.75  22.95   
21.54  21.70  21.77  23.03  22.79  23.29  22.87  22.84  22.06  23.12  22.58  22.65  22.88  23.10  23.06  23.65   
21.92  21.98  21.96  22.52  22.10  22.93  23.37  23.96  22.89  23.22  23.26  22.61  22.92  23.71  22.33  22.77   
22.03  22.36  23.80  23.53  21.59  23.24  23.09  23.10  23.08  23.89  23.23  22.56  22.95  23.34  23.01  24.40   


0
22.03  21.32  22.46  23.06  22.36  23.21  22.86  22.97  22.46  22.57  23.09  23.10  23.00  23.24  23.16  23.42   
22.35  21.95  21.88  22.46  22.79  22.88  22.47  22.64  22.26  23.43  23.11  22.65  23.22  22.36  23.74  23.35   
22.34  22.10  22.20  22.86  21.78  23.35  22.85  22.96  23.81  23.43  22.85  22.94  23.15  22.97  23.02  23.51   
21.73  21.42  23.16  23.41  22.00  23.24  23.53  23.10  23.43  23.55  23.00  23.28  22.95  23.05  23.32  22.81   


0
22.32  21.73  22.19  23.29  22.35  23.43  22.07  22.73  22.89  22.34  22.86  22.63  22.51  22.20  22.74  22.94   
21.53  22.06  21.99  23.24  22.89  23.28  22.76  22.73  22.46  23.31  22.46  23.06  22.98  22.60  22.64  22.88   
22.32  21.84  22.42  22.84  22.25  23.13  23.05  23.45  23.08  22.89  23.04  22.92  23.02  22.71  22.73  23.50   
21.72  22.62  23.78  22.79  23.07  23.45  23.41  23.20  22.96  23.42  23.10  22.91  22.81  22.76  23.47  23.51   


0
22.63  21.89  22.98  23.06  22.71  22.98  22.64  23.52  23.66  22.24  22.65  23.56  22.41  23.24  23.02  22.63   
21.41  21.44  22.35  22.80  23.01  23.08  22.37  22.03  22.26  23.43  23.11  22.32  23.45  22.49  23.06  23.65   
21.78  21.73  22.08  22.97  22.42  23.56  23.99  23.46  22.68  23.43  22.95  22.83  23.73  22.97  22.61  22.62   
22.03  22.23  23.04  23.16  22.68  23.24  22.76  22.99  23.65  22.98  23.47  23.04  22.82  22.91  23.01  23.52   


0
21.90  21.21  22.87  23.33  22.38  23.69  22.44  23.99  23.03  22.27  22.79  22.78  22.67  23.26  22.36  23.13   
22.24  22.23  21.55  23.16  23.35  22.80  22.59  22.77  22.08  23.85  22.92  22.56  22.56  23.01  23.63  22.77   
22.64  22.13  22.69  22.99  21.17  22.96  23.40  23.88  22.81  23.77  23.08  22.31  22.94  23.12  23.32  23.84   
22.64  23.05  23.32  23.67  23.11  23.15  23.12  23.13  23.34  23.80  23.14  23.19  23.37  23.36  23.66  24.25   


0
22.00  21.44  21.39  22.79  23.84  23.07  24.59  24.92  24.72  24.07  24.38  23.64  23.44  23.21  22.58  23.24   
21.79  22.43  21.62  23.23  23.09  23.47  23.25  24.72  24.08  23.50  23.71  23.05  23.20  23.08  23.17  23.32   
22.17  22.58  22.41  23.27  21.76  22.60  23.45  24.23  24.09  23.51  23.13  22.91  23.24  23.07  23.68  23.64   
21.85  23.00  23.27  23.26  22.52  24.11  23.29  23.19  24.08  23.30  23.21  22.66  22.93  23.45  23.46  24.02   


0
21.86  21.45  22.45  23.53  25.00  26.13  25.58  27.62  26.33  25.16  24.83  25.34  23.92  24.49  23.01  23.25   
21.53  22.32  21.87  23.35  24.05  24.50  24.55  25.22  24.70  24.72  25.49  25.80  24.45  23.21  23.45  23.78   
22.60  21.84  22.30  23.73  22.25  23.44  24.29  25.03  24.50  25.18  25.79  26.32  24.40  22.59  23.14  23.35   
22.89  21.81  23.53  23.75  22.53  22.54  23.41  25.16  25.21  25.67  26.22  26.11  23.84  24.03  24.10  23.51   


0
22.34  22.32  22.60  23.19  24.68  25.59  26.03  25.82  25.29  25.08  25.71  26.36  25.11  24.65  23.31  22.80   
21.56  22.09  22.25  23.94  25.42  26.64  26.05  26.03  26.72  26.71  26.54  26.24  26.25  25.90  23.61  22.75   
22.21  22.12  22.09  23.09  25.09  26.44  26.24  27.48  27.70  26.53  26.12  24.76  25.33  25.18  23.58  22.63   
22.62  23.04  24.06  23.66  22.83  26.15  25.07  26.36  27.55  25.80  25.10  24.84  24.76  23.77  23.18  23.53   


0
22.63  21.75  21.94  22.70  22.48  23.10  22.86  22.97  24.31  24.42  23.09  22.99  22.41  23.11  22.61  23.26   
21.00  21.57  21.53  22.46  22.58  23.91  23.77  23.45  24.00  24.43  24.15  23.93  23.79  23.10  22.92  23.35   
22.90  22.10  22.20  23.41  24.15  24.80  25.12  25.54  25.02  24.57  26.01  25.07  25.09  24.93  23.02  23.07   
21.73  22.23  23.42  23.89  24.83  26.58  26.87  26.35  26.00  25.90  26.23  26.47  26.38  26.12  23.80  24.05   


0
21.70  21.30  22.30  22.67  22.33  23.19  22.83  23.27  23.20  23.53  22.52  22.50  22.03  22.96  22.17  23.08   
21.52  21.93  21.98  23.23  23.30  22.96  22.95  22.62  23.16  24.61  22.76  22.62  23.42  23.45  22.76  22.41   
21.89  21.70  22.05  23.27  21.60  23.22  23.04  23.93  23.17  24.55  23.85  22.59  23.36  23.32  23.13  23.49   
21.41  22.07  23.52  23.86  22.25  24.00  23.07  23.52  23.85  24.43  24.49  23.62  23.32  24.02  23.14  23.32   


0
21.70  21.44  22.30  21.82  22.68  22.73  22.83  22.94  22.32  22.77  22.52  23.19  22.62  22.83  22.72  22.77   
21.52  22.18  22.33  23.11  22.98  23.16  22.75  22.31  22.55  23.40  23.40  22.41  22.97  23.45  23.31  23.17   
21.89  22.08  22.17  23.27  22.39  23.33  23.04  23.63  22.86  23.72  23.13  23.13  23.36  23.56  22.86  23.64   
21.41  22.20  23.65  23.14  22.79  23.10  23.62  23.08  22.94  24.65  23.79  23.14  22.02  23.03  22.82  23.85   


0
22.48  21.46  22.33  21.85  22.71  22.76  22.86  22.86  23.01  22.68  22.65  22.87  21.93  23.24  22.89  23.42   
21.27  22.20  22.35  23.14  23.01  23.19  22.77  22.54  22.26  23.43  22.58  22.86  23.34  22.36  23.06  23.04   
21.78  22.10  22.20  23.30  22.42  23.35  23.06  23.46  22.79  23.11  22.54  22.72  22.92  22.60  23.56  22.92   
21.59  22.23  23.67  23.16  22.82  23.12  23.64  23.54  23.54  23.55  23.35  23.40  22.69  23.20  23.80  23.34   


0
21.57  21.61  22.98  22.34  22.71  23.33  22.30  22.86  23.01  22.68  22.65  22.87  22.53  23.11  23.16  23.73   
21.68  22.20  22.35  23.03  22.48  22.88  22.67  22.54  22.26  23.43  22.58  22.86  22.42  23.10  23.19  23.19   
22.62  22.23  21.96  22.86  22.74  23.25  23.37  23.46  22.79  23.11  22.54  22.72  22.92  22.60  22.61  22.77   
21.88  22.23  23.67  23.41  22.41  23.69  22.98  23.54  23.54  23.55  23.35  23.40  23.21  23.20  23.48  23.70   


0
22.67  22.07  21.85  22.62  22.86  23.25  22.67  23.00  22.50  22.50  22.91  22.57  22.56  23.15  23.20  23.77   
21.85  21.99  22.16  23.40  22.73  22.81  23.11  22.78  22.82  23.06  23.35  22.36  22.46  23.14  23.23  23.23   
22.24  21.14  22.82  23.34  22.30  23.28  22.89  24.09  23.33  23.25  22.68  22.76  22.96  22.64  22.65  22.81   
21.62  22.53  22.95  23.32  22.72  23.27  22.91  22.92  23.35  23.81  23.39  23.32  23.25  23.23  23.52  23.73   


0
22.78  21.89  22.59  22.58  22.24  23.10  21.97  23.19  22.68  22.46  22.54  23.10  22.05  22.98  22.61  22.32   
21.14  21.19  22.00  23.03  23.01  23.39  23.17  22.34  22.57  23.33  22.79  22.86  22.65  22.49  23.33  22.89   
22.34  21.85  22.79  22.97  21.94  23.66  22.96  23.26  23.30  23.01  22.85  22.83  23.26  23.34  23.43  23.22   
21.29  22.49  23.80  23.89  22.95  23.24  23.53  22.99  23.20  23.77  23.35  23.40  24.11  23.05  24.42  23.52   


0
21.06  21.55  22.67  22.89  22.77  22.93  22.25  23.03  22.96  21.97  22.49  22.82  22.83  22.55  22.70  23.05   
21.22  22.66  22.30  22.64  22.85  22.93  22.52  22.49  22.42  23.58  22.85  23.02  22.37  23.05  23.01  23.45   
21.16  21.55  22.26  23.03  22.21  23.30  23.22  23.41  23.45  23.69  22.80  22.45  23.33  23.54  23.11  23.46   
22.41  22.44  23.11  23.96  22.09  23.07  23.05  22.94  23.26  23.38  23.53  22.75  24.06  23.57  22.96  23.29   


0
22.18  21.89  22.33  22.46  22.71  23.10  22.41  22.63  23.23  23.23  22.87  22.30  22.17  22.47  22.47  22.63   
20.59  21.95  22.12  22.69  22.79  22.46  22.97  22.64  22.47  22.82  22.58  22.32  23.45  23.59  23.47  22.89   
22.34  22.10  22.32  22.75  21.94  23.14  23.06  23.26  22.99  23.11  22.95  22.72  22.92  23.34  23.29  22.47   
22.17  22.23  23.16  24.01  22.41  23.58  22.98  22.66  23.43  23.32  23.35  22.80  22.43  23.48  23.80  23.87   


0
21.72  21.61  22.33  23.54  22.59  23.10  21.85  23.19  22.57  22.57  22.43  22.87  22.05  22.85  23.30  22.63   
21.27  21.06  21.77  22.80  22.79  23.29  22.77  22.94  21.95  23.33  22.90  23.07  22.88  22.86  23.06  22.59   
21.64  21.35  21.84  23.30  21.78  22.62  23.27  23.06  23.20  23.95  23.16  22.83  23.03  22.97  23.56  23.51   
22.17  22.23  23.16  23.29  22.00  23.58  23.53  23.10  23.54  23.21  23.23  23.16  23.21  23.20  23.80  23.52   


0
22.34  21.48  22.08  22.83  22.25  23.00  22.54  23.31  22.25  22.14  22.56  22.77  22.30  22.48  22.90  23.43   
21.28  22.47  21.42  23.15  23.12  22.99  22.78  22.55  22.17  23.24  23.22  23.09  22.55  23.48  23.07  23.21   
21.51  21.74  21.97  22.54  22.27  23.36  22.76  23.37  23.31  22.81  22.96  22.62  23.39  22.98  23.71  21.88   
22.19  22.51  23.43  23.78  22.83  22.91  23.00  23.00  23.55  23.22  23.36  22.82  22.19  23.07  23.49  23.35   


0
21.86  21.88  22.58  22.81  22.58  22.86  22.62  23.40  22.78  23.22  22.42  22.97  23.10  22.97  22.74  22.78   
21.53  21.68  21.87  23.01  22.46  22.97  22.96  22.53  22.56  23.41  22.99  22.74  23.10  22.85  23.45  23.18   
21.76  21.46  22.18  22.96  21.13  23.75  22.74  23.45  23.08  23.21  23.66  22.49  23.14  23.33  23.01  23.05   
22.16  22.48  23.28  23.39  22.40  22.77  23.19  22.98  23.19  23.65  23.22  24.23  22.94  23.04  24.10  23.86   


0
21.75  21.77  22.62  22.72  22.62  23.24  22.21  22.66  22.92  22.27  22.57  23.24  22.91  23.52  22.77  22.97   
21.43  22.61  21.67  22.71  23.03  23.52  22.39  22.77  22.60  23.15  22.81  22.89  22.79  23.37  23.36  23.22   
21.94  22.00  21.75  22.88  21.97  23.27  23.19  23.38  22.91  23.03  23.60  22.64  23.52  23.12  23.18  23.24   
22.05  22.25  23.44  23.67  22.30  23.04  23.01  23.35  23.34  23.35  23.37  23.43  22.85  24.20  23.66  23.90   


0
21.57  21.46  22.07  22.82  22.71  23.21  22.30  23.30  22.90  23.01  22.76  23.21  22.17  23.11  22.47  23.26   
21.14  21.82  21.53  23.25  22.69  23.29  23.07  22.64  22.57  22.92  22.79  22.86  23.11  22.74  23.06  23.35   
21.78  21.73  22.08  23.19  22.10  23.35  23.27  23.96  22.89  23.11  23.16  22.61  23.50  23.10  22.75  23.51   
22.17  22.09  23.29  23.89  22.27  22.56  23.09  22.99  22.51  23.21  22.76  23.64  22.82  23.76  22.85  22.99   


0
22.33  21.89  22.46  22.82  22.36  23.21  22.52  23.19  22.13  22.57  22.76  23.10  22.41  22.60  22.19  22.63   
21.41  21.70  22.12  22.80  23.01  23.08  22.57  22.44  22.16  23.02  23.21  23.18  22.99  23.10  22.65  22.59   
21.50  21.35  22.20  22.97  22.58  23.46  22.96  23.76  22.68  23.32  23.06  22.50  23.26  22.60  22.33  23.07   
21.44  22.90  23.54  23.65  22.55  23.35  23.09  22.88  22.97  22.98  23.82  22.92  23.34  23.05  23.64  23.16   


0
22.31  21.44  22.30  22.43  21.98  23.07  22.39  23.83  22.32  22.00  22.96  22.85  22.26  23.09  22.86  22.61   
22.19  21.93  22.33  23.45  22.77  22.65  22.34  22.72  22.75  23.60  22.98  22.94  22.86  23.20  23.44  22.87   
21.89  21.32  22.29  23.05  21.44  23.22  23.04  23.53  22.56  23.40  22.72  22.91  23.36  22.95  23.81  23.34   
21.12  22.07  23.01  23.26  22.79  23.66  23.18  22.97  22.94  23.86  22.86  23.02  23.70  23.73  23.61  24.38   


0
22.21  21.21  22.62  22.48  22.38  22.67  22.44  23.10  22.59  22.38  22.57  22.21  22.55  23.26  23.33  22.19   
21.30  22.23  21.32  23.05  22.61  23.01  23.00  22.67  22.29  23.75  22.92  22.89  22.91  22.14  22.81  23.22   
22.50  21.75  22.69  22.66  21.17  23.38  23.60  23.48  23.63  22.93  22.77  23.07  23.06  22.75  23.59  23.09   
21.91  22.39  23.06  23.55  22.57  22.69  23.45  23.24  22.88  23.46  23.14  23.79  22.72  23.78  23.51  24.25   


0
21.85  22.29  22.43  22.55  22.57  23.53  22.50  23.05  22.54  22.44  22.63  23.42  22.38  23.09  22.72  22.61   
21.25  22.05  22.09  22.55  22.98  23.88  22.75  22.82  22.65  23.20  23.19  23.05  22.40  22.96  22.76  23.32   
22.17  21.83  22.88  22.61  22.39  23.64  23.24  23.43  23.17  23.09  22.82  23.56  23.12  23.56  23.81  23.04   
21.85  22.74  24.02  23.50  22.93  23.44  23.40  22.64  23.51  23.52  23.44  23.38  22.54  22.89  23.14  22.78   


0
22.32  21.59  22.71  23.89  21.99  22.86  22.62  23.29  23.11  22.67  22.75  22.63  22.04  22.59  22.18  23.41   
21.26  21.94  21.63  23.13  22.78  23.17  22.86  22.12  22.77  23.31  22.99  23.38  23.44  22.60  23.32  23.48   
21.76  21.84  22.77  23.40  21.61  23.44  22.94  23.75  23.08  23.21  22.63  23.57  23.25  23.08  23.42  24.39   
21.87  23.15  23.66  23.51  22.94  23.56  23.52  23.20  23.53  23.88  23.80  23.15  23.46  23.32  23.31  23.33   


0
23.26  22.20  22.87  23.45  22.85  23.81  22.77  23.43  23.03  23.14  22.57  23.24  22.20  23.65  23.05  22.82   
21.84  23.11  22.14  23.50  22.82  23.31  23.30  22.77  22.91  23.65  22.81  23.42  22.91  23.37  23.22  23.37   
21.80  22.13  22.81  23.21  21.97  23.90  23.40  23.88  23.53  23.24  23.70  23.07  23.98  23.24  22.91  23.98   
22.20  22.79  23.19  23.67  22.84  22.81  22.90  23.89  24.13  23.35  23.96  23.07  22.59  23.64  23.19  24.07   


0
22.48  21.75  22.72  22.21  22.59  23.21  22.64  23.19  23.45  22.46  23.42  23.33  22.76  24.00  22.89  22.95   
21.14  21.82  22.59  23.37  23.32  22.98  22.77  22.34  22.47  23.73  23.32  22.75  23.22  22.86  23.33  23.19   
22.62  22.73  22.43  23.41  22.42  23.66  23.17  23.36  23.09  23.43  23.57  22.72  23.38  23.46  24.11  23.07   
22.03  21.96  23.54  23.16  22.41  23.01  23.53  23.21  23.20  23.55  23.47  23.64  23.73  24.04  24.27  24.58   


0
22.19  22.47  22.08  22.83  22.25  23.34  22.54  23.31  22.69  22.91  22.67  23.23  22.42  23.51  23.18  23.43   
21.28  21.58  22.01  23.38  22.81  22.79  22.88  22.86  23.10  23.54  23.43  22.87  23.12  23.12  23.75  22.91   
22.21  21.99  21.97  23.20  21.64  23.57  23.69  23.17  23.31  23.33  23.07  23.27  23.62  24.21  23.30  23.68   
22.33  22.77  23.56  23.54  22.15  23.25  23.66  23.55  23.32  23.90  23.59  23.30  22.97  23.35  23.33  23.71   


0
22.22  22.07  23.02  23.70  22.75  24.05  22.12  23.67  22.94  23.05  23.46  23.14  21.97  23.15  22.79  23.30   
21.45  22.24  22.86  23.29  23.25  23.74  22.61  22.78  22.51  23.26  22.72  22.90  22.58  22.90  23.64  23.08   
21.68  21.26  22.00  23.89  22.46  23.18  23.72  23.80  23.03  23.46  23.30  22.86  23.07  23.01  22.65  23.25   
21.48  21.86  23.58  23.44  22.85  23.61  22.91  23.47  22.89  23.02  23.27  23.32  22.73  24.08  23.68  23.91   


0
21.56  21.59  22.58  23.41  22.58  22.97  22.51  22.84  23.21  22.67  23.30  22.86  22.51  23.23  22.60  22.46   
21.26  21.56  22.46  23.35  22.78  23.69  22.35  22.93  22.35  23.72  22.88  22.95  23.21  22.97  23.86  23.33   
21.90  21.59  21.95  23.07  22.09  23.86  22.84  23.25  22.98  22.89  22.73  23.03  23.48  22.96  22.87  23.50   
21.57  22.08  23.78  23.15  22.40  23.79  23.41  23.64  23.41  23.54  23.69  23.15  22.81  23.61  23.94  24.04   


0
22.50  21.33  22.60  23.55  22.37  23.45  22.87  23.42  22.47  21.92  22.89  23.57  22.06  23.25  22.48  22.80   
20.74  21.84  21.90  23.15  22.91  22.89  22.58  22.15  22.17  23.24  23.22  23.09  22.89  23.36  23.61  23.21   
21.51  22.37  22.45  23.20  21.80  23.68  22.97  22.87  23.21  23.65  23.27  23.16  22.70  23.97  23.71  22.63   
21.60  22.10  23.43  23.90  22.15  23.25  23.44  23.44  23.44  23.22  22.66  23.18  22.84  23.49  22.86  24.06   


0
22.43  21.84  22.15  22.41  22.19  23.28  23.03  23.03  22.85  22.19  22.60  22.94  22.12  22.68  22.56  23.05   
21.22  21.90  22.30  22.29  23.06  23.14  22.82  23.00  22.21  23.68  22.85  23.02  22.94  22.69  23.14  22.84   
21.44  21.55  22.38  23.03  21.73  22.88  23.32  23.41  22.84  23.17  23.21  22.67  22.75  23.54  22.56  22.72   
21.97  22.17  23.37  23.48  22.49  23.30  23.16  22.83  23.26  23.38  23.42  23.47  23.16  23.71  23.59  22.94   


0
22.22  21.79  22.63  22.98  22.51  23.14  22.23  23.34  22.61  22.83  22.36  23.25  22.33  23.66  22.51  22.83   
21.17  21.61  21.69  22.95  22.51  22.81  22.91  22.78  22.71  22.86  22.61  22.90  22.92  23.26  23.10  23.83   
22.52  21.89  22.23  23.12  22.46  23.39  23.20  23.00  22.72  23.15  22.88  22.86  23.30  23.75  23.06  23.55   
22.36  22.67  23.07  23.68  22.72  23.27  23.24  23.14  23.35  23.58  23.27  22.84  23.38  23.37  23.83  23.73   


0
22.22  21.79  22.50  22.62  22.51  22.91  22.89  23.67  23.70  22.83  22.36  23.02  22.80  22.76  22.79  22.99   
21.17  21.61  22.27  23.06  22.51  22.81  22.51  22.88  22.71  23.16  22.93  22.68  23.49  23.14  23.10  23.68   
22.52  21.64  22.35  23.23  22.62  23.18  23.20  23.50  23.23  23.36  22.78  22.32  23.42  22.76  22.78  22.96   
22.36  22.13  24.09  23.80  22.58  22.93  22.80  23.36  23.80  23.58  23.27  22.84  23.12  23.23  23.36  23.56   


0
22.77  21.45  22.45  22.57  22.46  22.86  22.84  23.62  23.11  22.45  22.86  23.20  22.16  22.46  22.60  22.46   
21.12  21.43  22.22  23.01  22.46  22.76  22.46  22.83  22.56  23.21  22.88  22.85  22.64  22.48  23.05  22.27   
22.32  21.59  22.30  23.18  22.57  23.13  23.15  23.15  23.39  23.00  23.04  22.92  22.79  22.96  23.14  23.35   
22.45  22.08  24.04  23.75  22.53  22.88  22.75  22.98  23.19  23.54  22.87  22.55  23.33  23.32  23.15  23.68   


0
22.75  22.27  22.29  22.54  22.44  23.06  22.38  23.04  23.08  22.42  22.84  23.18  22.13  22.56  22.15  22.44   
21.50  21.91  22.08  22.76  22.86  22.74  22.83  22.50  22.53  23.19  22.86  22.82  22.62  22.82  23.43  22.70   
22.30  21.56  22.04  23.15  21.43  23.52  23.75  23.12  23.36  22.97  23.02  22.90  22.77  23.30  23.26  21.83   
21.69  22.72  23.38  23.25  22.78  22.63  22.84  22.95  23.16  23.51  22.84  22.53  22.79  22.73  22.97  23.83   


0
22.33  21.46  21.68  22.70  22.82  23.21  22.52  23.19  23.01  22.79  22.54  22.87  22.76  22.60  22.19  22.48   
21.68  22.08  22.24  22.69  22.69  22.88  22.47  23.15  22.68  23.73  22.58  22.54  22.99  22.86  23.47  22.74   
21.92  21.60  22.43  23.30  21.62  23.66  23.58  23.56  22.89  23.53  22.85  22.50  23.73  23.34  23.29  21.87   
21.73  22.49  23.16  23.77  22.41  23.46  22.65  23.10  23.65  23.43  23.23  23.16  22.82  22.77  23.01  23.87   


0
21.85  21.15  22.04  22.31  22.68  23.07  22.39  22.72  22.54  22.11  22.74  22.85  22.26  22.83  22.44  23.08   
20.70  22.68  22.33  22.89  22.88  23.27  22.54  22.72  22.24  23.10  22.98  22.94  23.20  22.46  22.76  23.77   
21.61  21.70  22.17  23.16  21.76  22.70  22.62  22.93  22.76  22.98  22.82  23.13  22.66  23.19  23.00  22.89   
21.56  23.14  23.90  23.26  22.66  23.44  22.96  22.86  23.17  23.98  22.97  23.50  23.44  23.31  23.30  23.49   


0
21.89  21.19  22.73  22.71  22.14  23.11  22.20  23.42  23.02  22.58  22.67  22.08  22.66  23.12  22.90  23.12   
21.69  21.46  21.42  22.70  23.02  23.41  22.88  22.96  22.38  23.54  22.80  22.55  23.57  22.87  23.88  22.75   
21.51  21.99  22.68  23.09  22.11  22.95  23.49  23.07  22.49  23.23  23.48  22.95  23.28  23.23  23.58  22.63   
21.89  22.37  24.19  23.90  23.37  23.02  23.33  23.66  23.78  23.90  23.01  23.89  23.22  23.35  23.02  24.24   


0
22.81  21.35  22.87  22.24  22.38  23.69  22.44  22.99  22.81  22.38  22.90  22.78  22.43  23.52  22.91  22.50   
21.30  22.10  22.14  23.28  23.03  23.52  22.90  22.67  23.21  23.05  23.13  23.31  22.91  23.50  23.63  23.37   
21.66  21.75  22.10  22.99  22.29  23.58  23.29  23.68  23.02  23.03  23.39  22.42  23.06  23.12  23.32  22.64   
22.05  22.39  23.19  23.07  22.71  23.49  23.12  23.24  23.90  23.80  23.84  22.95  23.11  23.64  22.87  24.25   


0
22.62  21.17  22.32  23.05  22.70  22.86  22.07  23.84  22.56  22.67  23.19  22.63  22.75  22.97  22.60  22.94   
21.66  22.32  21.99  22.45  22.99  22.76  22.76  22.53  22.97  23.51  22.88  23.38  22.64  22.23  23.05  22.58   
22.46  22.34  22.18  22.84  20.97  23.13  23.57  23.45  22.88  23.31  23.25  23.35  23.37  23.33  23.14  23.05   
21.57  22.35  23.40  23.27  21.99  23.11  23.63  22.87  23.53  23.54  22.99  22.91  22.94  23.75  23.31  23.15   


0
22.07  21.64  22.37  22.98  22.40  23.14  22.78  22.67  23.26  22.72  22.36  22.80  22.09  23.28  22.23  22.99   
22.12  21.74  21.92  23.06  22.62  23.12  22.51  23.08  22.40  23.16  22.83  22.68  23.15  22.65  23.37  23.53   
21.11  21.77  21.40  23.01  22.77  23.80  22.99  23.99  22.93  23.25  23.30  22.86  23.53  23.99  23.19  23.55   
22.06  22.26  22.69  23.20  22.04  23.16  23.02  23.14  23.12  24.04  22.68  22.96  23.25  23.23  22.72  23.56   


0
22.05  21.77  22.62  22.84  22.50  23.81  22.66  22.88  23.14  22.38  22.90  22.67  22.31  22.62  22.63  22.34   
21.16  21.72  22.26  23.05  22.93  23.93  22.69  22.46  22.49  23.25  23.24  22.35  22.45  22.88  24.17  23.07   
22.08  21.75  22.34  23.10  22.13  23.58  22.88  22.68  22.61  23.56  23.18  22.74  22.83  23.73  23.72  22.79   
21.76  22.52  23.44  23.67  22.30  23.71  23.56  23.35  23.68  23.00  23.26  23.19  22.98  23.36  23.51  24.07   


0
22.47  21.59  22.84  22.81  22.23  23.09  22.96  23.29  22.89  22.34  22.97  23.20  22.16  22.97  22.60  22.62   
21.80  21.56  22.11  22.67  22.57  23.07  22.76  22.73  22.56  23.41  22.57  22.74  22.87  23.34  23.59  23.03   
21.90  21.71  22.18  22.84  20.81  23.24  23.46  22.95  22.98  23.21  22.63  22.71  23.14  22.84  23.42  23.65   
21.42  22.08  23.66  24.11  22.12  22.77  22.86  22.32  23.75  23.08  22.51  23.15  22.68  24.03  22.99  23.51   


0
22.33  21.61  22.98  23.18  22.24  22.76  22.52  23.08  22.57  22.24  22.76  22.76  22.53  23.11  22.89  23.58   
21.81  22.46  21.88  22.80  22.48  22.88  23.27  22.44  22.06  23.02  22.68  23.29  23.34  23.47  23.06  22.59   
21.92  21.73  22.20  23.30  21.62  23.46  23.06  23.36  22.99  23.11  23.36  23.04  22.92  23.22  22.88  23.51   
21.29  22.49  23.42  23.53  22.00  23.01  23.31  23.10  23.20  23.55  23.11  23.04  23.47  22.77  22.69  23.87   


0
22.32  21.45  22.45  22.57  22.58  23.09  22.40  23.06  22.67  22.23  22.64  22.40  22.40  22.97  23.01  23.41   
21.53  22.32  22.22  23.13  23.21  23.17  22.96  22.02  22.35  22.81  23.20  22.74  23.10  22.60  23.18  23.48   
22.46  21.84  22.30  22.96  21.29  23.03  22.84  23.15  23.08  23.52  23.04  22.49  23.48  22.84  22.46  23.65   
22.01  22.48  23.28  23.51  22.80  23.22  23.08  22.76  23.19  23.08  23.69  23.51  23.84  23.75  23.31  23.51   


0
22.63  22.17  22.72  22.82  22.48  22.98  22.19  22.86  23.01  22.57  22.76  22.99  22.17  23.24  22.75  22.79   
21.27  22.08  22.00  23.14  23.01  23.39  22.57  22.84  22.26  23.53  22.90  22.97  23.34  22.49  23.74  23.19   
21.64  21.10  22.08  22.97  21.78  23.14  23.27  23.76  22.99  23.43  23.26  22.94  23.38  22.48  22.61  22.62   
21.73  21.82  22.91  23.53  22.14  23.58  23.53  23.10  23.31  23.77  23.58  22.68  22.69  23.48  22.85  23.70   


0
