0
21.93  21.80  22.51  22.27  22.64  22.81  22.57  23.02  22.62  23.17  22.15  23.15  22.81  22.78  22.66  23.47   
21.59  21.62  22.17  23.08  23.16  23.24  22.72  22.59  22.93  23.27  22.84  22.70  22.93  23.03  23.52  23.40   
22.25  21.78  21.89  23.35  21.99  23.40  23.11  23.51  22.73  23.48  23.10  23.20  23.43  23.15  23.48  22.82   
21.64  22.28  23.34  23.82  21.78  23.40  23.80  23.26  23.02  23.94  23.05  23.33  22.74  23.24  23.69  23.92   


0
22.36  21.49  22.36  22.84  22.50  22.90  22.44  23.10  22.70  22.27  22.35  23.13  22.20  22.75  22.63  23.13   
21.30  22.48  21.79  22.94  23.03  22.80  22.59  22.26  22.08  23.25  22.50  22.78  23.02  22.51  23.76  22.77   
22.36  22.00  22.58  22.99  21.17  23.27  23.40  23.38  23.22  23.45  23.60  22.85  23.29  22.87  23.32  22.94   
21.91  22.65  22.81  23.07  22.57  22.47  23.12  23.13  23.68  24.03  23.37  23.07  23.49  23.22  23.35  23.37   


0
22.36  21.49  22.36  22.84  22.50  23.69  22.66  22.88  22.37  22.16  22.46  22.78  22.55  22.62  22.91  23.29   
21.30  22.48  21.79  22.94  22.93  22.90  22.80  22.46  22.18  23.25  23.45  23.10  23.36  23.13  23.36  23.22   
22.36  22.00  22.58  22.99  22.29  22.85  22.77  23.38  23.02  23.45  23.08  23.28  23.40  23.00  23.32  23.09   
21.91  22.65  22.81  23.07  22.57  23.49  23.01  23.35  23.22  23.80  23.14  23.55  23.37  23.78  22.87  23.37   


0
22.78  21.75  22.98  23.18  22.36  23.67  22.64  22.86  22.35  22.13  22.43  22.87  21.81  22.60  22.75  22.32   
21.41  21.57  22.12  22.91  22.90  22.88  22.77  22.44  22.16  23.22  22.90  23.07  23.22  22.74  23.19  23.04   
22.06  22.10  22.67  22.97  22.26  22.83  22.75  23.36  22.99  23.43  23.06  22.29  23.15  23.10  23.29  23.07   
22.03  22.49  23.04  23.53  22.55  23.46  22.98  23.32  23.20  23.77  23.00  22.92  23.34  23.20  22.69  22.99   


0
21.58  21.76  22.99  22.59  21.90  23.45  21.98  23.31  22.80  22.36  23.11  22.88  21.83  22.61  22.76  22.33   
21.69  21.96  22.01  22.47  22.81  23.61  22.88  22.86  22.38  23.54  22.91  23.09  23.23  22.75  23.21  23.06   
22.07  22.24  22.80  23.09  21.32  23.47  23.07  23.27  23.00  23.54  23.07  22.30  23.16  23.11  23.30  23.08   
22.33  22.64  23.68  23.90  22.15  23.25  23.00  22.67  23.32  23.56  23.01  22.94  23.35  23.21  22.70  23.00   


0
22.65  21.05  22.21  23.31  22.95  23.34  22.98  22.76  22.91  22.36  22.67  23.34  22.06  22.48  22.34  22.96   
21.01  21.33  21.66  23.38  22.70  23.30  22.38  23.16  23.00  22.93  22.80  22.98  22.67  22.75  23.61  22.91   
21.51  21.61  21.97  22.76  21.16  23.36  23.28  23.67  22.80  23.33  23.17  23.06  23.39  23.48  23.17  23.23   
22.33  21.97  22.79  23.06  22.83  23.02  23.00  23.11  23.66  23.33  23.24  23.30  22.84  23.63  23.81  23.00   


0
22.50  21.48  22.21  23.19  22.95  23.11  22.43  23.09  22.91  22.36  22.45  22.77  22.54  23.51  22.76  22.96   
21.83  21.20  22.13  23.83  23.12  23.20  22.58  22.65  23.10  23.34  22.80  22.66  22.89  23.48  23.61  23.81   
21.93  22.24  21.38  23.31  21.64  23.57  22.45  23.57  23.21  23.13  23.07  23.06  22.70  23.35  23.98  23.82   
21.60  22.51  23.68  23.78  22.83  23.59  23.22  23.11  23.55  22.88  23.83  23.42  23.09  22.92  23.81  23.53   


0
22.05  21.49  22.49  22.84  22.50  23.35  22.55  23.32  23.25  22.16  22.90  22.32  21.84  23.14  23.33  22.82   
21.84  21.47  22.26  22.71  22.93  23.31  22.69  22.77  22.29  23.35  23.13  22.78  22.56  22.76  24.17  23.22   
22.64  21.75  21.99  23.10  21.49  23.38  23.71  23.38  23.32  23.35  23.49  23.07  22.94  23.24  23.45  23.84   
21.61  22.25  24.33  23.43  22.16  23.49  23.23  23.57  23.22  23.46  23.02  23.31  23.11  23.50  23.51  24.25   


0
22.08  21.94  22.64  22.63  22.64  23.26  22.46  23.13  22.95  22.40  22.92  22.69  22.81  23.80  23.21  23.63   
21.46  21.49  21.93  23.08  22.84  23.13  23.02  22.99  22.93  23.38  23.16  22.91  23.39  22.79  23.79  23.09   
21.97  21.53  22.25  23.24  21.36  23.40  23.42  23.71  23.65  23.16  23.10  22.55  22.85  23.27  24.15  23.86   
22.08  22.41  23.72  24.06  21.78  23.51  23.03  23.26  23.59  23.03  23.28  22.85  23.52  23.95  23.69  24.45   


0
22.22  22.35  22.24  23.34  23.09  23.14  22.78  23.45  22.83  22.94  22.25  23.59  22.45  23.40  23.89  23.30   
21.31  21.74  21.45  23.40  23.04  23.22  23.01  22.78  22.71  23.46  22.93  23.11  23.60  23.02  23.77  23.53   
21.82  21.51  22.00  23.67  21.98  23.39  23.62  23.40  23.54  23.46  23.20  22.97  23.88  23.50  22.92  23.70   
21.62  22.53  23.33  23.32  23.12  23.16  23.02  23.47  23.58  23.13  23.50  23.08  23.12  24.36  23.99  24.26   


0
22.52  22.35  22.37  22.74  22.51  23.02  22.78  23.34  22.50  22.50  23.24  22.68  22.80  23.28  22.65  23.30   
22.12  22.24  22.16  22.61  22.83  23.43  22.71  22.88  22.51  23.56  22.83  23.00  23.03  22.65  22.96  22.63   
21.96  22.27  22.00  23.45  22.14  23.39  23.20  23.20  23.13  23.25  23.30  22.86  23.19  23.50  23.60  22.81   
21.92  22.26  24.21  23.56  22.31  22.82  23.35  22.92  23.01  23.36  23.50  23.32  22.99  23.23  24.15  23.73   


0
22.55  21.39  22.39  23.00  23.12  23.05  22.48  23.80  22.96  22.85  23.16  23.16  22.71  23.56  23.50  22.38   
21.06  21.51  22.18  23.20  22.86  23.25  23.23  23.31  22.63  23.19  23.06  22.92  22.83  22.92  23.80  22.65   
22.40  21.41  22.26  23.58  22.96  23.52  23.12  23.62  23.56  23.49  22.91  23.21  23.33  23.53  23.08  23.58   
22.09  22.56  23.23  24.54  22.34  23.30  22.94  23.05  23.71  23.84  23.99  23.94  23.27  23.96  23.54  23.58   


0
21.89  21.62  22.47  23.19  22.49  22.88  22.31  23.09  22.91  22.47  22.56  22.88  22.30  23.25  22.76  23.43   
21.42  21.71  21.90  23.04  22.70  22.89  23.18  22.65  22.89  23.54  23.12  23.09  22.89  22.99  23.48  24.11   
22.07  22.12  21.97  23.09  21.48  22.74  23.59  23.57  23.11  23.23  23.48  22.95  23.16  22.86  23.30  23.08   
22.04  22.64  23.56  23.54  22.15  23.25  22.89  23.44  23.55  23.45  23.48  23.66  23.87  22.64  23.49  23.71   


0
21.93  22.08  22.38  22.99  22.41  23.04  21.68  23.35  22.73  22.18  23.14  22.92  22.22  23.29  22.66  22.37   
21.32  22.00  22.29  23.19  22.84  23.24  23.12  22.89  22.52  23.38  23.47  23.12  22.47  23.28  23.38  22.94   
21.83  21.53  22.48  23.57  22.31  23.51  23.11  23.81  23.45  23.89  23.41  22.88  22.97  23.27  23.07  23.27   
22.37  22.68  23.09  23.70  22.46  23.51  23.14  23.48  23.81  23.71  23.52  22.85  23.52  23.39  23.53  23.92   


0
22.11  21.40  22.54  23.38  22.67  23.86  22.82  23.59  22.75  22.65  22.95  22.95  22.01  23.19  23.24  23.18   
21.89  21.90  22.31  23.21  22.66  23.06  22.85  22.92  22.65  23.20  23.50  23.04  23.18  22.81  22.59  23.12   
21.85  21.68  21.80  23.26  22.02  22.90  23.03  23.83  23.37  23.19  23.54  23.12  23.34  23.66  23.64  23.74   
21.81  22.84  23.49  23.96  21.94  23.43  23.61  23.07  23.73  23.40  22.95  23.60  23.16  23.55  23.24  24.65   


0
22.05  21.63  21.70  23.21  22.97  22.44  22.66  23.21  22.37  22.49  22.79  22.78  22.79  23.01  22.91  22.50   
20.89  22.36  22.03  22.83  22.71  23.42  23.10  22.57  22.70  23.35  23.13  22.78  23.02  23.01  23.36  23.52   
21.80  21.63  22.58  23.43  22.13  23.06  23.19  23.38  22.91  23.45  23.39  23.28  23.29  23.61  23.18  23.84   
22.05  22.79  23.70  23.07  22.71  23.49  22.57  23.02  23.45  23.12  23.14  23.19  23.37  23.22  23.51  23.37   


0
22.47  21.45  22.45  23.29  22.70  23.54  22.07  22.84  22.78  22.67  22.53  22.63  22.28  23.10  23.43  22.62   
21.53  21.81  22.11  23.13  23.21  23.07  22.86  22.53  22.77  24.02  22.99  23.06  23.44  22.48  23.32  22.73   
22.46  21.71  21.83  22.51  21.61  23.24  23.15  23.45  23.18  23.10  23.04  22.71  23.60  23.08  22.87  23.80   
21.87  22.62  23.28  23.99  22.12  23.00  23.52  22.65  23.41  23.65  22.99  23.15  22.94  23.61  22.52  22.97   


0
22.09  21.39  22.91  23.24  22.30  23.28  22.36  23.25  22.85  22.20  22.50  23.39  22.94  23.05  22.53  22.54   
21.34  21.63  22.77  23.20  22.96  23.15  22.23  22.60  22.94  23.29  23.38  23.35  22.94  23.17  23.12  23.26   
22.68  22.17  22.02  23.47  22.01  23.41  23.23  24.02  23.46  23.28  23.53  22.67  23.44  23.53  23.08  23.28   
22.38  21.62  23.23  23.83  21.93  23.30  22.83  23.05  23.49  23.95  23.99  23.23  23.53  23.82  23.70  24.29   


0
21.32  21.52  22.38  22.99  22.64  23.26  22.46  23.24  22.40  22.29  22.48  22.81  22.81  23.03  23.08  22.84   
21.59  22.25  21.58  22.96  22.74  23.34  23.02  22.59  22.31  22.87  22.63  23.23  23.16  23.40  23.24  23.55   
22.53  21.40  22.48  22.91  21.20  23.30  22.69  23.01  22.84  23.69  23.10  22.88  23.31  23.15  23.21  23.56   
21.78  22.68  23.47  23.70  23.14  22.95  23.47  23.37  22.91  23.26  23.63  23.33  23.90  23.24  23.37  23.92   


0
21.93  22.22  21.86  23.35  22.29  23.15  22.91  23.68  23.06  22.18  22.70  22.69  22.69  22.90  22.66  22.69   
21.32  21.62  22.17  23.30  22.95  22.82  22.62  22.69  22.21  23.68  23.16  22.48  22.59  23.03  23.38  23.40   
22.25  21.53  22.25  23.13  21.84  23.09  23.53  23.61  23.14  23.58  23.21  22.77  23.08  23.27  23.61  23.12   
22.08  22.55  23.85  23.46  22.19  23.96  23.14  23.48  23.93  23.48  23.16  23.21  22.87  23.67  23.06  23.57   


0
21.57  22.03  22.33  22.94  22.59  22.64  22.30  23.19  23.45  22.57  22.98  23.10  22.29  22.60  23.44  22.79   
21.14  21.95  22.12  22.46  22.69  23.19  22.67  22.24  22.26  23.12  23.11  23.18  23.22  22.61  23.60  22.89   
22.20  22.10  22.43  22.97  21.46  23.04  22.96  23.06  23.30  23.43  23.36  23.26  23.26  23.22  23.02  23.66   
21.29  22.36  23.16  23.04  22.00  23.46  23.09  22.99  23.88  23.55  23.23  23.40  23.34  23.20  24.11  23.34   


0
21.28  21.76  22.34  22.47  22.37  23.34  22.43  23.09  23.13  22.91  22.89  22.77  22.66  22.61  22.90  22.17   
21.01  21.84  21.90  23.72  22.81  22.99  22.68  22.35  22.27  23.64  23.33  22.55  22.67  22.87  23.21  23.21   
21.51  21.61  22.21  22.43  21.96  23.05  23.38  23.67  23.00  23.23  23.38  23.38  22.81  23.72  23.71  23.38   
22.19  21.97  22.67  23.18  22.69  23.02  23.33  23.11  23.21  23.79  23.36  22.94  23.35  23.21  23.49  24.06   


0
21.90  21.77  22.23  22.97  23.08  24.60  25.72  26.05  23.14  22.71  22.90  22.90  22.79  22.75  23.05  22.82   
21.70  22.36  21.55  22.94  22.82  23.01  23.60  23.17  22.80  23.15  22.92  23.21  22.91  23.01  23.49  23.37   
22.08  21.50  22.34  23.21  20.85  23.38  23.71  23.48  23.12  23.87  22.87  22.53  22.94  23.12  23.32  22.79   
22.20  22.39  24.07  23.31  21.89  23.15  23.67  22.80  23.11  23.69  23.26  23.55  23.37  23.22  23.66  23.54   


0
22.15  21.58  22.17  23.28  24.07  25.89  25.67  24.92  24.72  24.93  24.16  23.30  23.68  22.96  22.86  22.45   
21.79  22.05  21.98  23.57  23.40  24.70  26.30  25.11  23.67  24.31  24.13  22.73  23.54  23.45  24.12  23.77   
21.47  21.70  22.05  23.27  21.60  23.85  26.00  25.90  23.68  24.24  24.16  22.69  22.89  23.07  23.00  23.64   
21.71  22.87  23.52  23.86  22.66  23.21  23.40  23.84  23.85  23.41  23.67  23.02  22.67  23.31  22.82  24.02   


0
22.99  22.36  22.64  23.83  25.96  26.63  25.85  26.93  25.86  25.43  25.21  25.07  25.83  26.06  23.35  23.16   
21.32  22.38  22.41  23.53  26.49  26.78  26.38  25.87  25.06  25.28  25.55  24.50  25.52  24.74  23.65  23.40   
21.55  22.03  22.72  23.13  24.04  26.37  26.28  26.65  24.87  24.31  26.46  24.27  24.12  24.25  23.48  23.27   
22.22  22.68  23.47  23.82  24.08  25.30  27.55  26.18  25.05  25.06  26.51  25.47  23.90  24.23  24.00  23.57   


0
22.23  21.80  22.64  23.11  22.41  23.38  23.68  23.79  24.69  25.01  24.35  24.96  24.33  24.43  23.35  23.63   
21.46  21.88  22.41  22.51  22.84  24.87  24.61  24.89  24.76  25.67  26.37  25.97  25.74  25.34  23.65  23.55   
22.11  22.28  21.89  23.57  22.63  25.77  26.28  26.46  26.56  26.87  27.05  26.27  26.16  26.42  23.75  23.42   
21.34  22.55  23.85  23.34  23.68  26.08  26.39  26.18  28.02  26.72  26.39  26.28  26.06  26.58  24.16  23.75   


0
22.78  22.45  22.98  22.21  23.17  23.33  22.64  22.63  23.55  23.77  23.09  22.64  22.53  22.73  22.47  22.63   
21.27  21.57  21.88  23.03  22.79  23.29  23.17  23.04  23.29  25.33  23.63  23.29  23.45  22.74  24.01  23.65   
22.34  21.85  22.32  23.52  21.78  23.04  23.58  23.86  24.52  25.19  24.39  24.01  23.84  23.46  23.56  23.22   
20.99  22.76  24.05  23.41  22.68  23.35  23.64  24.74  24.89  24.45  25.20  24.95  25.00  24.18  23.95  24.22   


0
22.78  22.45  22.98  22.21  22.94  23.44  22.41  23.85  22.79  22.79  22.54  23.33  22.05  22.73  23.71  23.73   
21.27  21.57  21.88  23.03  22.69  23.39  22.67  22.44  22.68  24.03  22.90  23.18  23.45  23.35  23.60  22.74   
22.34  21.85  22.32  23.52  22.26  23.04  23.17  23.06  22.89  24.26  23.57  22.50  22.92  23.34  23.56  22.02   
20.99  22.76  24.05  23.41  22.00  22.67  22.76  22.99  23.65  24.34  24.63  23.16  22.82  23.05  23.95  23.34   


0
22.81  21.63  22.87  22.84  22.97  23.47  22.44  23.88  22.81  22.82  22.90  22.90  22.55  22.75  22.63  22.34   
21.03  22.10  21.91  23.05  22.71  23.42  22.69  22.46  22.70  24.05  22.92  23.31  22.79  23.25  23.90  23.22   
21.66  22.00  22.22  23.43  22.29  23.06  23.19  23.08  22.91  24.28  23.18  22.85  23.29  22.50  22.77  23.54   
22.34  22.65  22.93  23.07  22.03  22.69  22.79  23.02  23.68  24.36  23.37  23.19  23.11  23.64  23.82  23.90   


0
22.07  22.21  22.11  22.98  22.86  22.91  22.89  23.23  23.05  22.61  22.91  22.91  22.56  22.76  22.65  22.36   
21.72  22.62  22.39  23.18  22.51  23.12  22.30  22.88  22.51  23.16  22.93  23.32  22.80  23.26  23.91  23.23   
22.38  21.89  22.35  23.01  22.46  23.60  23.82  23.70  22.93  23.36  23.20  22.86  23.30  22.51  22.78  23.55   
21.62  22.93  23.71  23.80  23.12  23.27  23.02  23.03  23.69  23.36  23.39  23.20  23.12  23.66  23.83  23.91   


0
22.97  21.79  22.37  22.49  22.40  22.91  22.45  22.78  22.61  22.50  22.58  22.68  22.56  22.89  23.34  22.36   
21.45  22.24  22.04  22.61  22.83  22.81  22.61  22.38  22.09  23.16  22.93  23.11  22.92  22.53  23.50  23.08   
22.38  22.02  22.59  23.01  22.30  23.18  24.03  23.60  23.44  23.67  23.92  22.76  23.30  23.26  22.92  23.55   
21.92  23.20  23.33  23.68  22.04  22.82  22.91  22.92  23.46  23.36  23.15  23.56  22.99  23.51  23.20  23.56   


0
21.93  21.23  23.03  22.75  22.64  23.26  22.13  23.24  22.51  23.17  22.59  22.69  22.46  23.29  22.52  22.69   
21.73  22.38  21.70  22.74  22.53  22.93  22.92  22.89  22.42  23.68  22.73  22.70  22.59  22.17  23.38  22.94   
22.39  22.03  22.72  23.13  21.99  23.61  23.22  23.91  23.04  23.48  22.90  22.55  22.85  23.51  23.21  23.56   
22.81  23.08  23.09  23.09  22.19  23.51  23.36  23.59  23.47  23.60  23.05  22.97  22.23  22.96  23.21  23.75   


0
21.74  21.62  22.21  22.59  22.84  22.54  22.31  23.09  22.58  22.91  22.45  22.88  22.18  23.12  23.04  22.49   
21.56  21.46  21.90  23.04  23.12  23.10  22.38  22.86  22.17  23.03  23.01  22.87  23.01  22.99  22.93  23.36   
22.07  21.24  22.68  22.65  22.43  23.36  23.69  23.77  23.00  23.02  23.27  22.73  23.16  23.84  22.76  23.38   
22.19  22.24  23.18  23.30  22.01  22.91  23.11  23.11  23.10  23.90  23.94  22.46  23.22  23.35  23.18  23.88   


0
22.04  21.62  22.86  22.83  22.60  23.11  22.31  22.98  22.58  22.69  22.78  22.54  23.01  23.38  22.76  22.96   
21.42  21.46  21.90  22.24  23.12  22.99  22.98  22.86  22.89  23.24  23.22  22.87  23.12  23.12  23.34  23.21   
21.93  21.99  22.80  23.20  21.48  23.78  22.87  23.37  22.90  23.23  22.55  22.84  23.62  23.35  23.44  23.68   
21.89  22.51  23.05  23.06  22.01  23.14  23.00  23.33  23.66  23.56  22.77  23.06  23.09  23.91  23.81  24.06   


0
21.74  21.48  22.73  22.59  22.02  22.77  22.43  22.87  22.80  22.47  22.89  22.66  22.30  22.61  22.90  22.96   
21.42  21.96  21.66  23.38  22.49  22.89  22.68  22.55  22.48  23.44  23.33  23.09  23.01  22.75  23.75  23.96   
21.93  21.24  21.85  23.42  21.64  23.16  22.87  23.47  22.49  23.23  23.79  22.62  23.16  22.98  23.58  22.78   
21.89  21.83  23.05  23.06  22.29  23.36  23.11  22.78  23.44  23.79  23.83  23.54  22.71  23.35  23.49  23.53   


0
22.09  20.96  22.52  23.36  22.19  23.05  22.70  22.81  22.85  22.31  21.94  23.16  22.47  22.92  23.36  22.86   
21.74  21.76  22.53  23.31  22.43  23.35  22.73  22.70  22.84  23.19  23.06  22.92  22.60  23.04  23.26  23.11   
21.84  21.29  22.14  22.81  21.85  23.73  22.60  23.12  22.64  23.59  23.32  23.00  23.21  23.28  23.35  23.58   
21.80  22.96  23.61  24.19  21.79  23.98  23.05  23.05  23.60  23.16  23.53  23.59  23.02  23.12  23.38  24.46   


0
21.90  21.21  23.00  23.09  22.73  23.35  22.99  22.77  23.03  22.27  22.57  23.24  22.31  22.88  23.05  22.97   
21.03  22.23  21.55  23.05  23.14  23.01  22.59  22.36  22.39  23.55  22.81  22.56  22.79  23.37  23.49  22.77   
21.52  21.88  22.10  23.10  22.29  23.48  23.09  23.48  22.91  23.45  23.90  23.28  23.29  22.63  23.04  23.24   
22.49  22.39  23.57  23.43  22.43  22.81  23.23  23.35  23.90  23.35  23.61  22.95  23.75  23.78  22.87  24.43   


0
21.58  21.62  22.86  23.07  22.60  23.34  22.98  23.20  23.02  22.25  22.45  22.77  22.66  23.00  23.18  22.65   
21.42  21.96  22.25  23.26  22.70  23.20  23.08  23.26  23.00  23.94  22.48  23.41  23.35  22.99  23.21  23.51   
22.07  22.24  21.97  22.76  22.43  23.05  23.59  23.37  23.41  23.02  22.86  22.95  23.05  23.48  23.03  22.93   
21.16  22.24  22.92  23.66  22.15  23.59  23.33  22.56  23.44  23.90  23.71  22.58  22.97  23.91  23.97  23.88   


0
22.22  21.93  22.89  22.86  22.28  23.25  22.56  23.34  23.16  22.72  22.80  22.80  22.56  23.28  23.34  22.67   
21.04  21.99  22.27  22.72  23.15  23.12  22.81  22.78  22.61  23.46  22.93  23.11  23.37  23.63  23.37  23.38   
22.52  21.39  22.47  23.67  22.30  23.28  23.41  23.40  23.23  23.36  23.20  22.97  23.65  23.26  24.14  24.44   
22.50  22.26  24.21  23.68  22.31  23.39  22.80  23.47  23.46  24.04  23.85  23.56  23.38  23.66  24.15  24.44   


0
22.63  22.17  22.33  23.06  23.17  23.44  22.41  23.30  23.01  23.01  22.76  23.21  23.12  24.13  23.16  23.11   
22.22  22.08  22.47  22.57  23.01  23.19  22.47  21.93  23.19  23.73  23.21  23.29  23.67  23.10  23.60  23.35   
21.64  22.10  22.55  23.41  22.42  22.62  23.17  23.76  23.30  23.43  23.06  22.94  23.61  23.22  23.56  23.22   
22.32  22.76  23.67  23.41  22.41  23.35  23.64  22.44  23.54  24.11  23.93  23.28  23.08  23.48  23.48  23.16   


0
22.07  21.79  23.02  23.70  23.09  22.79  22.67  23.45  23.37  22.83  22.69  23.14  22.21  23.02  23.75  23.30   
21.72  22.24  22.04  23.29  23.36  23.43  22.91  22.68  22.71  23.87  23.14  23.54  23.60  23.26  23.50  23.08   
22.66  22.14  22.35  23.23  22.30  23.80  23.41  23.40  23.33  23.46  23.81  23.30  23.30  23.62  23.33  23.85   
22.21  22.93  23.58  24.04  22.31  23.84  23.35  22.92  23.69  24.04  23.39  23.44  23.38  23.66  24.15  24.44   


0
22.70  21.67  22.39  23.72  23.24  23.50  22.48  23.36  22.85  23.07  23.27  23.62  22.94  23.43  23.50  22.54   
21.61  22.27  22.30  22.98  23.49  23.35  22.73  22.80  22.63  23.49  23.27  22.60  23.06  23.29  22.98  22.80   
22.40  21.54  22.50  23.69  22.17  23.41  23.12  23.52  23.46  23.28  23.43  23.43  23.21  22.79  23.49  23.43   
21.80  22.42  23.99  23.83  22.61  23.75  23.81  23.16  23.71  23.04  23.18  24.06  23.53  23.40  24.64  24.29   


0
22.92  21.59  22.84  22.69  23.39  23.09  22.73  23.29  23.11  22.89  23.41  23.43  22.87  23.23  22.87  23.56   
22.07  21.94  21.99  23.47  22.68  23.38  23.26  22.93  22.04  23.41  22.99  22.74  22.87  23.46  23.05  23.03   
22.05  21.97  22.66  23.29  21.93  22.92  23.26  23.55  23.29  23.42  23.87  23.35  23.48  23.08  23.14  23.95   
21.72  22.62  23.66  22.91  22.94  23.79  22.97  23.75  23.87  23.76  23.10  23.27  22.94  23.61  23.47  24.04   


0
22.33  21.46  22.46  23.30  22.82  23.10  22.19  23.19  23.12  22.46  22.43  23.67  23.00  22.98  23.16  22.79   
21.54  21.82  22.00  23.25  23.43  23.19  23.17  22.74  22.68  23.43  23.32  23.29  23.11  23.10  23.19  23.80   
21.92  21.48  22.43  23.52  22.42  23.56  22.96  22.96  23.30  23.53  23.36  22.72  22.92  23.10  23.16  23.37   
22.32  22.36  23.42  23.77  22.41  23.35  23.31  23.32  23.43  23.43  23.47  23.64  23.08  23.20  24.27  24.75   


0
22.22  21.64  23.15  22.62  22.63  23.82  22.89  23.00  23.05  22.61  22.80  22.91  22.45  22.38  23.48  23.30   
21.31  22.24  22.39  22.84  22.94  22.92  22.81  22.78  22.61  23.66  23.14  22.58  23.26  23.63  23.10  23.68   
21.53  21.89  22.35  23.56  21.34  23.80  23.41  23.30  23.74  23.67  23.30  22.97  23.30  23.75  23.87  23.40   
22.50  22.26  23.71  23.44  21.49  22.93  23.35  23.47  23.58  23.58  23.74  23.20  23.51  23.09  23.36  24.09   


0
22.48  21.46  22.46  22.94  22.71  23.44  22.08  23.30  22.57  22.24  22.65  22.99  22.05  22.98  23.02  23.89   
21.54  21.82  22.12  23.14  22.90  23.29  22.97  22.54  22.78  23.33  23.42  23.18  22.99  23.10  24.14  24.10   
21.92  21.60  22.55  23.30  22.58  23.04  23.68  23.46  22.79  23.22  23.26  23.04  22.92  23.59  24.11  23.22   
21.88  22.23  23.67  23.65  23.09  23.01  22.87  23.32  23.31  23.66  23.35  23.04  23.60  23.90  23.32  23.70   


0
22.18  21.32  21.68  23.06  23.17  23.21  22.30  22.97  22.79  22.68  22.98  23.21  22.53  23.62  23.16  23.42   
21.14  22.08  21.77  23.14  23.01  23.19  22.97  22.94  22.57  23.63  23.11  22.54  23.11  22.98  24.01  23.80   
22.06  21.60  22.32  22.97  21.14  23.04  23.48  23.46  23.81  23.32  23.36  22.83  23.26  23.46  23.56  23.51   
22.32  22.09  23.16  24.01  22.55  23.35  22.76  23.54  23.08  24.00  23.47  23.52  23.34  24.18  23.32  23.16   


0
22.24  21.95  22.52  23.24  22.54  22.93  22.48  23.47  23.07  22.74  23.05  22.82  22.94  23.30  22.81  23.33   
21.74  22.14  21.83  23.20  23.28  23.35  23.13  22.40  22.84  23.19  22.85  23.77  22.60  23.17  23.93  23.26   
21.28  22.04  22.38  23.25  21.85  23.10  23.33  23.92  23.26  24.01  23.22  22.89  23.44  22.79  23.90  23.43   
21.80  22.42  23.35  23.71  22.61  22.96  22.72  23.27  23.60  23.16  23.64  23.11  23.14  23.26  24.49  24.11   


0
22.36  21.91  22.87  23.33  22.62  23.35  22.77  23.66  22.81  22.27  22.68  22.78  23.14  23.14  23.05  22.97   
21.03  22.23  22.26  23.05  23.14  23.21  23.00  22.57  22.70  23.35  23.13  23.63  23.47  23.25  23.36  22.61   
22.36  22.13  22.34  23.43  22.76  23.38  23.71  23.58  23.53  23.45  23.39  23.18  23.75  23.00  22.91  23.09   
21.76  22.39  23.82  24.39  21.89  23.15  23.12  22.91  23.22  23.69  22.90  23.07  22.46  23.78  24.29  24.07   


0
22.50  21.62  22.60  22.59  22.49  23.11  22.76  23.20  22.69  23.57  23.22  23.00  22.42  23.25  22.90  24.05   
21.28  21.71  22.01  22.93  22.70  23.20  23.38  22.86  22.27  23.64  23.33  23.09  23.35  23.12  23.48  23.81   
22.35  21.99  21.74  23.09  21.80  23.68  23.18  23.57  23.21  23.44  23.48  23.16  23.62  23.11  23.17  23.08   
21.89  22.64  22.67  23.66  22.56  23.48  23.76  23.44  23.55  23.22  23.48  23.54  23.61  24.33  23.81  24.41   


0
22.66  22.62  23.13  23.09  23.31  23.35  22.77  23.99  23.36  22.71  22.79  23.01  23.02  23.52  23.19  23.76   
21.43  21.85  22.61  23.16  23.24  23.52  22.69  22.87  23.01  23.45  22.81  23.53  23.36  23.37  24.03  23.52   
21.24  22.13  22.34  22.77  22.13  23.38  23.40  23.68  23.53  23.35  23.39  23.07  23.17  23.98  23.18  23.98   
21.76  22.92  23.57  23.91  22.98  23.38  23.89  23.67  23.68  23.46  24.07  22.95  23.75  23.36  23.03  24.60   


0
22.51  22.48  22.49  23.57  22.85  23.01  22.77  23.43  22.70  22.27  23.78  23.24  22.43  22.75  23.33  23.13   
21.84  22.10  22.26  23.50  22.93  23.83  23.10  22.67  22.80  23.25  22.92  23.42  23.13  23.25  23.76  23.22   
22.08  22.00  22.22  23.54  22.29  23.27  23.19  23.88  23.53  23.77  23.39  22.85  23.52  23.61  23.72  23.39   
21.46  22.12  23.06  23.19  22.98  23.49  23.34  23.67  23.79  23.91  24.07  23.91  23.24  22.94  23.66  24.78   


0
22.51  22.48  22.49  23.57  23.20  23.01  22.88  23.88  22.59  23.03  22.68  23.47  22.55  23.65  23.74  23.76   
21.84  22.10  22.26  23.50  22.82  23.52  22.90  22.67  23.01  23.55  23.03  23.31  22.79  23.62  23.76  22.77   
22.08  22.00  22.22  23.54  22.45  23.48  23.09  23.38  23.32  23.35  23.39  23.39  23.86  23.37  23.72  23.39   
21.46  22.12  23.06  23.19  22.03  23.60  23.12  23.35  23.90  23.91  22.67  23.43  22.20  23.92  24.45  23.90   


0
22.09  21.67  22.52  23.24  23.24  23.05  22.92  23.91  22.63  23.07  23.16  23.16  23.41  23.30  23.23  23.17   
21.06  22.65  21.95  23.20  22.86  23.56  22.93  22.70  23.05  23.59  22.75  23.24  23.28  23.29  23.39  23.11   
21.84  21.79  22.61  23.25  22.48  23.52  23.12  23.42  23.36  23.38  23.22  22.57  23.44  23.53  23.63  23.87   
22.09  23.23  23.48  23.71  22.06  23.64  23.16  23.38  23.94  23.95  23.53  23.47  23.27  23.82  23.07  24.46   


0
23.10  21.90  22.86  22.35  22.60  23.68  23.20  23.31  23.13  23.35  23.11  23.11  23.36  23.25  23.18  23.12   
21.42  22.22  22.60  23.04  23.12  23.51  23.08  22.86  22.89  23.84  22.70  23.19  23.23  23.24  23.34  23.06   
22.91  22.37  22.33  22.98  21.80  23.88  23.80  23.97  23.62  23.33  23.17  22.52  23.39  23.48  23.58  23.82   
21.60  23.31  23.18  23.90  22.69  23.59  23.22  23.55  23.89  23.33  23.48  23.42  23.22  23.77  23.02  24.41   


0
22.66  22.06  22.87  22.84  23.31  24.03  22.33  23.21  23.25  22.27  23.34  23.58  22.79  23.52  22.77  22.97   
21.03  22.10  22.03  23.05  22.93  23.52  23.10  22.87  22.91  23.65  23.55  23.42  23.59  23.25  23.90  22.92   
21.94  22.00  22.58  23.65  21.81  23.38  23.71  24.18  23.12  23.24  23.29  23.28  23.40  22.87  23.86  24.13   
21.76  22.39  23.19  23.79  22.71  23.60  22.68  23.46  24.02  23.46  23.61  23.43  23.62  23.92  23.82  24.25   


0
22.05  21.49  21.83  23.45  22.97  23.35  22.21  23.32  23.14  22.27  23.01  23.35  22.67  23.14  22.91  23.60   
21.16  22.48  21.67  23.28  22.82  23.31  23.20  22.46  23.01  23.45  23.03  22.99  23.47  23.01  23.08  23.22   
21.80  21.75  22.10  23.21  21.81  23.48  23.29  23.08  23.42  23.35  23.60  23.07  23.75  23.49  24.00  23.09   
21.76  23.05  23.57  23.43  22.16  23.15  23.23  22.91  23.56  23.80  23.37  23.19  23.24  24.06  23.19  24.43   


0
22.03  21.61  22.20  23.18  22.71  23.21  22.64  22.74  23.23  22.79  22.54  23.10  23.00  23.24  23.30  23.26   
21.68  21.82  22.59  23.37  23.11  23.50  23.27  22.74  22.78  23.43  23.00  22.43  24.01  23.23  24.01  24.25   
23.03  21.48  22.55  23.63  22.58  23.35  23.48  23.36  23.30  23.53  23.36  23.26  22.80  23.83  23.56  23.81   
22.32  22.90  24.17  23.89  22.14  23.12  23.31  23.21  23.20  24.34  23.47  23.40  22.95  23.48  23.80  24.05   


0
22.62  21.88  22.97  22.93  22.58  22.97  22.40  23.51  22.56  22.78  22.97  22.86  22.75  23.86  22.60  22.94   
20.99  22.57  22.11  23.58  22.89  23.69  22.96  22.53  22.77  23.11  23.09  22.85  23.10  23.09  23.32  23.18   
22.60  22.22  21.95  22.84  21.13  23.86  23.67  23.45  23.08  23.52  23.56  22.82  23.83  23.57  23.55  23.20   
22.60  23.02  23.66  23.39  22.67  23.34  23.52  23.53  23.53  23.54  23.80  23.75  23.58  23.32  23.63  24.91   


0
22.36  21.35  22.62  22.97  22.38  23.58  22.10  22.99  22.92  22.05  22.90  23.35  23.26  23.01  22.91  23.13   
21.03  22.23  21.79  22.83  23.45  23.01  22.90  21.96  22.91  23.55  22.92  22.99  23.13  23.25  23.49  22.77   
22.22  21.12  21.63  23.32  21.97  23.38  23.40  23.98  23.42  23.77  23.49  22.85  23.52  23.24  23.18  23.39   
21.76  22.79  23.06  23.55  22.43  23.15  23.12  23.02  23.11  23.80  22.90  23.07  23.49  23.64  23.51  24.07   


0
22.36  22.06  22.36  23.69  22.50  23.35  23.21  23.43  23.03  22.60  22.24  22.78  22.91  23.39  23.46  22.97   
21.70  21.60  22.14  22.60  23.14  23.42  23.10  22.57  22.60  22.95  23.34  23.10  23.59  23.50  24.17  22.92   
22.64  21.50  22.69  22.99  22.45  23.06  23.71  23.48  23.12  23.45  23.08  22.64  23.40  22.87  23.18  23.84   
22.05  22.12  23.95  24.03  22.30  23.15  22.68  23.67  23.45  23.46  23.37  22.71  23.24  23.50  24.14  23.90   


0
22.48  21.75  22.59  22.94  22.59  23.10  22.19  23.19  22.90  22.35  22.87  23.10  21.34  22.73  22.75  22.95   
21.41  22.33  22.24  23.25  23.11  22.67  22.87  22.74  22.47  23.43  22.47  23.39  23.56  23.35  23.33  23.04   
22.34  21.48  21.96  23.30  21.78  23.56  23.27  23.16  23.30  23.43  23.26  23.04  23.95  23.83  23.70  23.22   
21.44  22.09  22.91  23.29  22.82  23.46  22.98  22.77  22.86  23.66  23.47  23.40  23.21  23.76  23.01  24.22   


0
22.07  21.22  22.37  22.86  22.40  23.14  22.12  23.23  22.94  22.83  21.92  22.22  22.92  22.64  23.48  22.67   
21.58  22.12  22.27  22.95  22.73  23.12  22.61  22.58  22.20  23.26  23.04  22.58  23.15  22.90  22.96  22.78   
22.66  22.02  22.47  23.01  22.46  23.18  23.20  23.60  23.03  22.73  23.09  22.97  22.72  23.26  22.51  23.11   
21.33  21.99  23.83  23.32  22.72  23.16  23.35  23.36  23.46  23.58  23.85  23.32  23.76  23.23  23.52  22.84   


0
22.08  21.66  23.03  23.23  22.29  22.92  23.02  23.35  22.18  22.07  22.81  23.38  22.46  23.03  22.94  22.84   
21.19  22.38  21.93  22.85  23.16  22.62  22.62  22.59  22.93  23.48  22.63  22.91  23.04  22.91  23.52  23.25   
22.25  21.53  21.77  22.46  21.20  23.40  23.32  23.71  23.25  23.58  23.00  23.31  23.54  23.51  23.21  23.42   
21.64  22.55  23.21  23.94  22.32  23.29  23.14  22.93  24.27  23.48  23.16  22.97  22.49  24.23  24.00  23.21   


0
