Start of this file: 15:04:09 02/03/2017: person walked in in between me and miguel leaving

0
21.33  20.22  19.97  20.11  20.33  21.22  20.57  21.47  21.08  20.53  21.05  20.88  20.72  20.92  21.25  21.45   
19.65  20.80  20.55  20.47  21.67  21.15  21.28  21.15  20.84  21.63  21.24  21.51  21.12  21.24  20.61  21.13   
20.82  19.43  20.26  21.36  19.62  21.72  22.06  22.28  21.79  22.00  21.85  21.47  22.08  21.48  21.82  20.72   
20.00  20.89  21.24  21.20  20.38  21.60  21.16  21.62  21.79  22.15  21.80  20.60  21.80  22.25  20.54  22.79   


0
20.58  20.52  19.98  21.11  20.46  21.23  20.70  21.82  21.32  20.77  20.95  21.01  20.00  21.07  21.26  21.94   
20.07  20.81  20.68  21.18  21.58  21.26  21.19  21.57  20.75  22.15  21.36  21.42  21.25  21.38  21.32  22.52   
20.27  20.21  20.40  20.81  19.31  21.84  21.44  22.09  21.50  21.59  21.86  21.71  21.98  21.74  22.66  22.10   
20.76  21.04  21.51  21.83  20.53  21.62  21.74  21.29  21.57  22.27  22.17  21.96  21.94  22.12  22.32  22.08   


0
20.72  20.36  20.50  20.48  20.80  21.10  20.91  21.13  21.31  21.09  21.16  20.65  20.84  20.27  20.68  20.81   
20.20  20.29  20.19  20.70  21.13  21.57  21.07  21.15  21.37  21.53  21.35  21.62  21.59  21.36  20.89  21.44   
20.54  20.71  20.38  21.48  19.95  21.61  22.06  22.18  21.79  21.79  21.85  22.13  22.08  22.10  22.24  22.09   
20.15  21.16  21.76  21.20  20.52  22.29  21.39  21.73  22.25  22.38  21.68  22.55  22.06  21.25  21.83  22.79   


0
20.54  20.19  20.74  21.20  20.06  20.96  20.32  21.56  21.28  21.06  21.03  21.20  19.36  20.11  20.66  21.27   
20.17  20.78  20.04  20.79  22.07  21.85  20.95  20.61  21.55  21.50  21.22  21.38  20.87  20.46  21.56  21.11   
20.37  20.43  20.48  21.11  20.09  21.90  21.82  21.95  21.67  21.87  21.62  21.67  21.59  21.95  21.94  21.61   
20.13  20.59  21.60  21.30  20.07  21.92  21.81  21.70  21.77  21.66  22.25  21.56  22.03  21.08  22.13  22.23   


0
20.88  20.80  20.78  20.13  20.70  21.23  20.81  21.26  21.32  20.88  21.40  20.77  20.25  20.15  20.41  21.63   
20.76  20.94  21.04  20.71  21.36  21.58  21.29  21.36  20.96  21.54  21.25  21.42  21.02  21.13  20.77  21.61   
20.27  19.83  20.52  21.15  19.80  21.62  21.34  22.50  21.50  22.65  21.65  21.71  22.09  21.86  22.11  21.49   
20.47  20.90  21.13  21.34  20.67  22.53  21.74  21.63  22.73  21.81  21.69  21.84  22.07  21.41  22.32  21.36   


0
20.70  19.92  20.36  21.09  20.55  21.09  20.90  21.57  20.85  21.08  20.81  21.10  19.98  20.91  21.23  21.92   
19.64  20.27  20.53  21.27  21.34  21.66  21.06  21.24  20.94  21.51  21.66  21.39  21.46  21.23  20.88  21.58   
20.53  19.68  20.61  21.01  20.58  22.13  21.52  21.97  22.09  22.31  21.63  21.68  21.48  22.09  21.40  21.77   
20.29  20.88  20.97  21.44  20.64  21.94  22.27  21.38  22.24  22.13  22.14  22.06  21.78  21.09  21.50  22.06   


0
20.86  19.63  20.75  20.10  20.79  21.21  20.45  21.46  21.07  21.08  21.49  21.10  20.22  20.65  20.39  21.92   
20.05  20.40  20.42  20.92  21.23  21.87  21.06  21.44  21.88  21.51  22.09  21.61  21.23  21.73  21.43  21.43   
20.38  20.06  20.97  21.13  20.26  21.39  21.63  22.07  21.57  21.78  22.05  21.02  21.72  21.71  20.98  21.92   
20.59  21.29  21.75  21.19  20.78  21.36  21.49  21.38  21.43  22.25  21.90  21.45  21.13  21.67  22.14  22.06   


0
21.32  20.06  20.89  20.72  20.31  21.44  20.79  21.68  20.62  20.85  21.04  20.98  20.46  20.52  20.81  21.44   
19.77  20.40  20.18  21.27  20.58  21.76  21.57  20.83  20.83  21.72  21.34  21.72  21.57  21.48  21.57  21.28   
20.10  19.81  20.73  20.67  19.45  21.81  21.52  21.97  21.89  21.57  22.05  21.68  21.60  22.09  22.36  21.16   
20.44  21.15  21.49  21.31  20.78  21.36  22.04  21.72  22.81  22.25  22.02  22.30  21.78  22.24  21.66  21.34   


0
20.72  20.07  20.50  21.35  21.04  21.34  21.36  21.24  20.97  20.75  20.94  21.11  19.87  20.79  20.82  21.45   
20.34  20.16  19.95  21.62  21.46  21.46  21.48  21.15  20.95  21.63  20.92  21.41  22.05  21.24  21.31  21.13   
20.54  20.46  20.38  21.14  19.62  21.82  21.85  21.78  21.69  21.79  21.64  21.80  21.50  21.60  21.13  21.48   
20.60  20.48  20.98  21.94  20.79  21.60  22.06  21.84  22.25  22.15  22.15  21.70  21.67  21.54  21.99  22.07   


0
20.37  20.46  20.46  20.82  20.64  21.42  20.42  21.32  20.93  20.49  21.13  21.54  19.83  20.10  20.64  21.41   
20.43  20.51  20.03  21.01  21.42  21.84  21.55  20.80  20.70  21.59  21.42  21.04  20.97  21.70  20.71  21.71   
20.64  19.65  20.22  21.21  19.75  22.31  21.39  22.24  21.44  21.97  21.50  21.55  21.22  21.44  22.20  21.75   
19.66  20.58  21.20  21.29  21.03  21.45  21.91  21.36  22.10  22.45  21.64  21.30  21.37  21.35  21.47  21.67   


0
21.31  20.48  20.34  21.08  20.42  21.31  20.32  21.11  21.50  20.84  21.03  20.97  20.33  20.64  20.51  21.91   
20.31  20.39  19.80  21.14  21.65  21.33  21.25  20.81  21.13  21.60  21.43  21.38  21.33  20.84  20.73  21.42   
19.94  19.92  20.72  21.34  19.60  21.69  21.72  22.36  21.25  21.45  21.93  21.23  21.59  21.58  21.52  21.30   
20.13  20.45  21.22  21.55  20.35  21.58  20.91  22.26  22.11  21.89  21.65  21.92  21.51  20.93  21.48  22.58   


0
21.01  20.49  20.62  20.23  20.79  21.09  20.22  21.57  21.52  20.63  21.49  21.33  20.82  20.25  21.23  22.08   
20.46  20.79  20.06  20.57  21.01  22.28  21.16  21.03  20.94  21.82  21.55  21.28  22.04  21.10  21.02  22.19   
20.53  19.68  20.73  21.24  19.45  21.92  22.05  22.57  21.99  22.52  21.73  21.79  21.95  22.09  22.64  21.62   
19.99  20.60  21.10  21.19  19.67  21.13  21.60  21.83  22.24  22.25  21.19  21.45  21.26  22.10  22.94  22.95   


0
20.74  20.24  20.53  21.00  21.30  21.13  20.37  21.16  21.00  21.00  21.30  21.37  20.14  20.69  21.13  21.32   
19.95  20.31  20.09  21.42  21.59  21.28  21.30  20.97  20.97  21.55  21.80  21.86  21.38  20.76  20.92  21.47   
20.14  20.36  20.77  20.82  20.30  22.06  22.08  22.11  22.13  21.82  21.98  21.39  22.11  21.50  21.43  21.36   
19.88  20.78  21.27  21.72  20.82  21.63  21.86  21.42  21.59  22.63  21.35  21.97  21.69  21.56  21.86  21.19   


0
21.79  20.36  20.50  20.24  20.68  21.45  20.91  20.91  21.42  20.98  20.60  21.11  20.11  20.40  20.82  21.29   
20.06  20.16  20.43  20.58  21.67  21.46  21.28  20.94  21.26  22.04  21.67  21.19  21.24  21.36  20.89  20.98   
20.11  19.95  20.14  20.91  19.62  22.46  22.27  21.88  22.00  21.36  21.64  22.02  22.08  22.10  21.27  21.78   
20.15  20.89  21.24  21.45  20.66  22.18  21.95  21.62  21.68  22.38  21.68  21.70  21.14  22.40  21.99  21.53   


0
20.70  20.06  20.75  20.84  20.55  20.98  20.56  20.67  20.96  20.63  20.93  21.10  20.94  20.39  19.96  21.28   
20.46  20.27  20.18  21.03  21.23  21.55  21.26  21.13  21.15  21.51  21.01  21.07  21.46  20.60  21.30  21.28   
19.96  19.93  20.49  21.01  18.79  21.92  21.94  21.66  21.37  22.10  21.10  21.90  21.84  21.96  21.67  21.62   
20.44  20.47  21.75  21.68  20.92  21.59  21.60  21.04  21.78  22.36  22.26  22.06  21.65  22.53  21.50  22.06   


0
21.17  20.20  20.89  21.46  21.14  20.98  21.46  21.57  21.07  20.52  21.04  21.79  20.94  21.04  21.38  21.92   
20.32  19.76  20.65  20.92  21.77  21.55  21.67  21.13  21.15  21.31  21.55  21.61  20.88  21.23  21.16  21.89   
20.10  19.93  20.85  20.90  19.77  21.49  21.63  22.47  21.89  21.67  21.73  21.24  22.30  21.71  21.81  22.07   
21.03  20.74  21.62  21.31  20.78  21.36  22.04  21.16  22.13  22.94  21.79  22.18  21.65  22.53  21.50  22.42   


0
21.47  20.06  20.09  20.72  20.91  20.98  20.56  21.68  20.85  20.18  20.81  20.75  20.46  20.39  20.81  20.80   
20.19  20.40  20.18  21.61  20.69  21.45  20.75  20.93  20.52  21.31  21.44  21.39  20.88  20.98  21.71  21.58   
20.67  19.93  20.97  20.79  20.42  21.39  21.84  22.37  21.37  21.67  21.84  21.46  21.95  21.59  21.40  21.47   
19.69  21.15  20.84  21.07  20.92  21.82  22.04  21.94  21.78  22.13  21.90  21.81  21.39  21.24  21.34  22.24   


0
21.17  19.92  20.62  20.10  20.19  21.44  21.01  21.35  21.74  20.85  20.81  21.22  19.86  20.65  20.81  21.60   
20.32  20.66  20.30  21.27  21.23  21.55  21.37  21.34  20.94  22.33  20.80  21.18  21.11  21.73  21.71  20.97   
20.53  19.81  20.61  21.58  20.26  21.92  21.84  21.87  21.37  21.67  21.73  21.57  21.72  22.09  22.23  21.62   
20.44  20.74  21.62  20.94  21.06  22.17  21.15  21.49  22.24  21.79  21.43  21.57  22.05  21.81  21.82  22.06   


0
20.55  20.63  20.62  20.60  20.07  21.67  20.56  21.01  20.96  20.85  20.81  20.75  19.98  20.52  20.53  21.60   
20.87  20.27  20.53  20.80  21.34  21.55  20.75  21.13  21.25  21.62  21.66  20.96  20.88  20.85  21.71  21.89   
20.81  20.19  20.37  21.01  19.45  22.02  22.15  21.66  21.57  21.88  21.94  21.57  21.48  21.59  21.67  21.47   
19.54  21.01  21.10  21.19  20.78  21.59  21.49  21.49  22.01  22.25  21.67  20.96  21.52  20.80  22.14  22.42   


0
20.38  20.05  20.74  20.83  20.42  20.85  20.77  21.45  20.95  20.84  21.14  21.55  20.45  20.50  20.80  21.75   
19.90  20.90  20.40  20.91  21.22  21.75  21.35  20.71  20.71  21.71  21.22  21.81  21.22  21.09  20.87  20.95   
20.66  20.43  20.60  20.89  19.43  22.54  21.72  21.65  21.87  21.77  21.51  21.34  21.24  21.33  21.38  22.21   
20.57  20.32  20.57  21.18  20.77  21.92  21.59  21.93  22.11  22.35  21.42  21.31  22.16  21.94  21.81  22.05   


0
20.87  20.50  20.10  20.61  20.68  21.34  21.14  21.13  21.19  21.09  21.16  21.34  19.14  20.40  20.82  21.13   
20.88  20.54  20.19  21.05  21.46  21.67  21.28  20.84  20.95  21.11  21.35  21.62  21.01  21.86  21.31  21.29   
20.25  20.33  21.34  20.69  19.95  22.04  22.16  21.88  21.59  21.79  21.54  21.15  21.38  21.85  22.24  21.94   
19.70  20.62  21.37  21.45  21.07  21.37  22.06  21.84  22.48  22.03  21.68  21.83  21.67  22.68  21.83  23.14   


0
20.69  20.33  21.00  20.58  21.01  20.73  20.43  21.56  21.95  20.84  21.47  20.62  20.93  20.77  20.66  21.11   
19.76  20.65  20.40  20.44  21.11  21.85  21.56  21.22  20.92  21.50  21.00  21.38  20.98  20.96  21.14  21.57   
20.94  20.43  20.72  20.55  20.09  21.48  21.51  22.16  21.46  21.98  20.77  21.34  21.82  22.20  21.66  21.46   
20.13  21.14  20.96  21.55  21.04  21.69  22.14  21.70  22.00  22.58  21.53  22.16  20.85  21.80  22.13  22.23   


0
21.20  20.24  21.19  20.26  20.35  21.36  21.05  21.95  21.66  20.89  21.41  21.14  20.62  20.16  21.13  21.16   
19.54  20.18  19.97  20.61  20.62  21.80  21.51  21.17  21.08  20.93  21.05  21.54  21.50  20.89  21.75  21.62   
20.14  20.23  20.89  21.28  19.98  21.64  22.50  22.21  21.82  21.82  21.46  21.72  21.40  21.38  21.71  21.36   
20.03  20.78  21.53  21.72  21.23  21.86  22.08  21.87  21.24  21.71  22.30  21.49  21.56  21.85  21.21  21.56   


0
21.02  20.22  20.24  20.73  20.68  21.80  20.57  21.13  20.75  20.87  21.39  20.76  20.72  20.14  20.40  21.13   
19.79  20.54  19.95  20.70  21.56  21.36  20.66  21.04  21.26  21.32  21.03  21.73  21.12  20.99  21.31  21.75   
20.25  20.46  20.74  20.80  19.79  21.51  21.85  22.18  21.38  21.68  21.96  21.58  21.85  21.60  20.71  21.33   
19.85  20.89  21.24  20.96  20.24  22.63  21.50  22.06  22.14  21.80  22.15  21.46  21.53  21.54  22.15  21.71   


0
21.62  20.78  20.36  20.97  20.43  21.56  21.35  21.46  21.29  21.08  21.49  20.75  20.58  21.04  21.66  22.08   
20.19  20.79  20.06  21.38  21.44  21.34  21.37  21.24  21.15  21.31  21.34  21.83  21.23  20.85  20.88  21.89   
20.10  20.19  20.13  21.01  19.94  21.92  22.05  22.27  21.78  22.73  21.52  22.12  21.84  21.84  22.64  22.23   
20.14  20.19  21.23  22.05  20.50  22.05  21.71  21.49  21.78  21.90  21.90  21.69  21.52  22.38  22.30  22.24   


0
21.04  20.80  20.78  20.75  20.10  21.81  20.93  21.14  21.32  21.10  21.18  21.01  20.25  20.41  21.26  22.10   
20.76  20.04  19.72  21.29  21.58  21.58  21.60  21.16  21.17  21.95  21.15  21.53  21.60  21.50  21.04  20.99   
20.41  20.72  19.91  22.16  22.69  22.26  21.34  22.30  21.50  22.44  21.23  21.16  21.51  21.99  21.42  21.34   
20.17  20.63  21.51  22.20  24.47  23.55  21.29  21.29  21.92  21.81  22.17  21.35  21.42  21.69  21.84  22.26   


0
21.59  20.31  20.45  23.00  21.69  21.64  20.52  21.53  21.37  20.37  20.78  21.18  19.70  20.87  21.62  21.56   
20.15  20.88  20.97  24.29  25.00  21.31  21.84  21.10  20.90  22.09  21.30  21.25  21.07  20.69  20.98  21.54   
20.63  20.15  20.21  22.88  24.81  22.30  22.11  21.73  21.43  21.74  21.38  21.64  21.33  22.05  21.64  21.58   
20.70  20.70  21.19  22.38  22.93  22.47  21.90  22.23  22.89  22.44  22.22  22.02  21.48  21.92  22.42  22.20   


0
21.47  21.63  21.67  26.00  22.44  20.98  20.22  21.91  21.52  20.52  20.93  20.87  20.58  20.25  20.39  20.80   
19.77  20.92  20.42  23.32  23.89  21.76  21.06  21.34  20.83  21.82  21.66  21.50  21.92  21.23  21.30  21.89   
20.67  19.93  21.45  21.46  23.29  21.92  22.15  21.87  22.09  22.20  21.52  21.02  21.72  21.96  22.09  22.23   
19.54  20.60  21.36  22.29  22.70  21.94  21.93  22.27  22.59  22.71  21.79  21.57  22.05  21.09  21.98  21.52   


0
20.88  20.52  21.57  26.37  21.76  21.47  20.81  21.14  22.65  25.24  24.38  21.24  20.25  20.67  20.84  21.31   
20.07  21.32  21.04  23.12  22.22  21.79  21.80  21.47  21.38  23.57  24.84  22.82  21.25  22.00  21.74  22.07   
20.69  20.47  21.00  23.05  22.05  22.05  22.70  23.00  22.22  22.97  23.52  23.87  22.21  22.49  21.97  21.65   
20.02  21.31  21.38  23.17  22.18  22.42  23.61  25.14  25.77  25.33  23.93  24.12  23.75  22.84  22.16  22.62   


0
21.50  21.09  21.44  24.26  21.64  21.93  22.50  23.27  23.96  23.63  23.17  21.70  20.85  20.67  21.12  21.79   
21.03  20.56  20.56  23.57  22.54  22.00  23.91  24.19  23.75  24.38  24.11  23.78  21.48  21.38  21.32  22.37   
20.41  20.98  21.24  23.38  21.41  22.78  24.05  26.16  26.56  25.66  25.26  24.50  23.37  21.99  21.97  21.80   
20.91  20.49  21.64  24.24  23.40  25.45  24.48  24.92  26.32  26.55  26.22  25.30  23.37  21.41  21.68  21.90   


0
20.74  20.96  21.71  23.19  21.54  24.12  24.60  25.90  25.26  24.72  24.50  22.41  20.14  20.56  20.85  21.80   
20.23  20.95  20.93  24.03  22.87  24.38  24.91  25.19  26.18  26.27  26.39  24.32  21.50  20.76  21.33  22.38   
20.42  20.86  21.49  23.83  25.04  24.76  25.59  25.59  26.28  25.98  26.47  24.52  22.46  21.38  21.85  22.56   
19.88  20.78  21.27  24.61  26.59  26.02  23.95  25.58  24.77  25.67  24.86  22.94  22.34  21.56  21.53  22.10   


0
20.73  20.95  22.35  24.73  24.31  25.12  25.02  25.35  25.89  26.09  25.24  22.39  20.25  20.41  21.12  21.15   
20.35  20.43  21.04  25.57  25.26  24.87  24.31  24.68  24.97  26.36  25.25  21.53  21.25  21.38  20.49  21.91   
20.41  20.72  21.47  24.48  26.56  25.67  25.07  25.38  24.16  23.70  22.28  21.81  21.51  21.61  21.84  21.65   
20.76  21.58  21.64  22.07  23.80  24.12  23.94  23.18  22.84  22.50  21.93  21.84  21.68  22.27  21.52  21.54   


0
21.46  20.48  23.61  26.22  25.30  25.53  24.11  25.75  26.17  24.89  21.14  21.67  20.21  21.03  20.94  21.59   
20.04  20.65  21.47  24.87  25.64  25.44  24.47  23.95  23.41  21.40  21.22  21.27  21.56  21.09  21.28  21.72   
20.09  20.56  20.84  22.12  21.54  23.68  23.18  23.06  22.39  22.93  21.83  22.00  21.94  22.32  21.66  21.15   
20.43  21.00  21.73  22.16  21.18  21.92  21.47  22.04  22.46  22.47  21.77  22.04  21.90  22.09  21.00  22.76   


0
20.70  20.06  20.49  20.35  21.14  23.17  22.58  22.47  21.29  21.52  21.38  20.75  20.82  20.12  20.95  21.92   
20.19  20.66  20.89  20.80  21.12  22.39  21.16  21.95  20.83  21.41  21.55  21.61  21.11  20.98  21.30  21.89   
20.10  20.70  20.73  20.67  19.12  21.81  21.84  22.07  21.78  21.88  21.52  21.13  21.72  21.21  21.53  21.77   
19.99  21.15  20.97  21.56  20.50  21.25  22.16  21.83  21.90  22.48  22.14  22.42  21.91  22.38  21.98  22.06   


0
21.18  21.07  20.24  20.48  20.68  20.87  23.04  22.26  21.31  20.87  21.05  21.46  20.47  20.00  21.39  21.77   
20.47  20.67  20.31  20.93  21.46  21.77  21.48  21.56  21.37  22.24  21.24  21.62  20.78  21.24  20.19  22.21   
20.68  20.07  20.14  21.03  19.30  21.82  22.06  22.08  21.69  21.68  21.54  21.47  22.31  21.73  22.51  21.02   
19.85  21.03  20.85  21.57  20.66  22.18  21.61  21.95  22.02  21.80  22.03  21.95  22.06  21.97  21.51  21.35   


0
21.37  20.40  20.94  21.02  20.60  20.56  22.07  21.85  21.23  21.13  21.20  21.15  20.75  20.17  21.43  22.13   
21.19  20.07  19.87  20.97  21.17  21.71  21.93  21.29  21.09  22.28  21.49  21.66  21.39  20.52  20.37  21.48   
20.72  19.98  21.14  21.18  19.50  21.23  21.78  22.62  21.93  22.04  21.78  21.18  22.47  22.26  21.31  21.52   
20.49  20.79  21.54  21.61  20.28  22.10  21.54  21.88  22.06  22.18  22.31  22.23  21.70  21.29  21.87  22.11   


0
21.04  20.37  20.91  20.75  20.93  21.47  21.15  21.14  21.32  20.54  21.29  21.12  20.61  20.02  20.98  21.47   
19.80  20.69  20.32  21.29  21.25  21.26  21.60  21.67  21.07  22.26  21.15  21.96  20.79  21.13  21.46  22.68   
20.41  20.60  20.76  21.49  19.96  21.73  21.97  21.99  22.22  21.38  21.55  21.81  21.51  21.49  21.28  22.10   
20.61  20.22  20.74  21.59  19.97  21.62  21.18  21.63  22.15  22.50  21.57  21.84  21.15  21.69  21.84  22.08   


0
20.55  21.35  21.15  20.72  20.67  21.44  20.90  21.35  21.07  20.97  20.70  21.10  21.30  20.65  20.95  21.44   
19.36  20.92  20.77  21.38  21.55  21.97  21.47  21.65  21.15  21.82  21.66  21.50  21.57  21.10  21.85  22.65   
20.53  20.19  21.33  21.24  19.94  21.81  21.73  21.66  21.57  22.10  21.84  22.12  21.84  22.59  21.81  22.68   
20.29  20.74  21.49  21.56  20.50  21.82  22.04  22.05  22.01  22.59  22.38  21.69  22.18  22.24  22.46  22.78   


0
20.25  20.93  20.50  20.61  20.92  21.45  20.46  21.58  21.08  21.31  20.83  21.23  19.63  20.27  21.53  21.93   
20.61  20.42  20.31  21.16  21.35  21.36  21.48  22.07  21.05  22.04  21.88  21.51  21.12  21.36  20.75  21.60   
20.54  20.58  20.62  21.14  19.79  22.14  21.85  22.59  22.00  21.79  21.75  21.47  21.73  22.47  21.55  21.18   
20.75  21.30  21.63  21.82  20.79  21.95  21.61  21.95  22.37  22.49  21.92  22.31  22.32  22.11  22.31  21.89   


0
20.70  20.20  20.36  20.84  21.03  21.44  20.79  21.91  21.52  20.85  20.81  20.75  20.46  20.39  20.81  20.96   
20.32  20.79  20.89  20.46  21.66  21.66  21.37  21.65  21.36  21.51  21.44  21.83  21.34  21.10  20.46  21.89   
20.81  20.32  20.25  20.56  20.26  21.71  21.94  22.27  22.30  21.78  22.05  21.90  21.72  21.71  21.67  22.23   
19.84  20.47  21.62  21.80  20.50  21.59  21.60  21.94  22.01  21.79  21.55  22.18  21.52  22.38  21.82  22.06   


0
21.50  20.52  20.91  20.99  20.58  21.47  20.59  21.82  20.87  20.77  20.84  21.59  20.97  20.15  20.98  21.47   
20.21  20.04  20.44  21.52  21.79  22.20  21.29  20.95  21.17  21.74  21.68  22.07  21.37  21.50  21.18  21.46   
20.84  20.34  20.64  21.83  19.96  22.36  22.18  22.40  21.91  21.80  21.76  21.60  21.51  21.74  22.11  21.80   
20.02  21.58  21.51  21.71  21.50  22.08  21.96  21.96  21.92  22.62  21.93  21.47  21.81  22.41  21.52  22.08   


0
21.50  19.94  20.38  20.75  20.58  21.35  21.26  21.14  21.21  20.88  21.51  21.70  20.73  21.59  20.98  22.42   
20.35  21.07  20.20  21.06  21.25  21.89  20.88  21.57  21.48  21.85  22.11  22.07  21.72  21.88  21.46  22.07   
20.41  20.47  20.88  20.81  20.61  22.57  22.07  22.19  22.12  21.91  21.86  21.71  21.63  21.86  22.11  21.80   
19.72  20.49  21.00  21.22  20.53  22.19  21.85  21.96  22.61  22.50  22.28  22.56  22.59  22.12  22.64  22.08   


0
20.58  19.80  20.65  18.37  17.68  18.52  20.36  21.71  21.10  20.66  21.18  21.12  20.12  20.54  20.55  21.47   
19.66  21.07  20.20  20.71  21.15  21.58  21.09  20.85  20.75  22.15  21.47  20.98  21.25  20.62  21.18  22.07   
19.55  20.34  20.76  21.26  20.12  22.05  22.18  21.89  21.81  22.12  21.65  21.38  21.51  22.36  21.84  21.95   
19.72  21.18  21.64  21.59  21.08  22.08  22.51  21.74  22.38  22.16  22.17  21.60  21.55  22.12  21.52  21.54   


0
20.41  20.65  20.37  19.49  16.68  14.47  15.33  18.26  20.86  20.87  21.28  20.88  19.99  20.00  20.54  20.97   
20.06  20.29  21.02  20.93  20.27  19.02  19.11  20.32  20.53  21.42  21.13  21.62  20.78  20.61  21.17  21.90   
19.97  20.20  20.74  20.69  19.95  21.51  21.43  21.78  21.27  21.26  21.22  21.15  22.20  21.48  21.96  21.33   
20.60  20.48  21.63  21.57  20.52  21.60  22.28  21.51  21.91  21.92  22.15  21.22  22.06  21.97  21.99  21.71   


0
20.70  20.78  19.82  20.84  19.95  17.17  15.68  17.08  20.51  22.84  22.04  20.63  20.46  21.04  20.39  21.44   
20.46  20.53  20.30  20.57  20.80  19.54  16.13  13.24  15.22  18.69  21.01  21.72  21.11  20.98  20.88  21.28   
20.53  20.06  20.13  20.67  18.63  21.49  19.93  18.77  18.73  20.60  21.00  21.02  21.60  21.46  20.84  21.32   
20.29  21.01  21.49  21.56  20.37  21.71  21.93  21.60  21.67  21.90  21.43  21.57  21.26  21.95  21.98  21.52   


0
20.86  19.77  19.96  20.35  20.67  18.13  16.74  17.08  17.31  17.68  16.09  16.46  16.02  16.50  20.39  21.60   
20.46  20.53  20.53  20.57  21.23  21.55  18.78  17.05  15.55  17.20  16.95  18.30  18.65  18.43  18.77  20.97   
20.24  20.32  20.49  20.79  19.45  21.60  20.46  18.88  15.91  17.65  15.91  18.35  21.37  22.46  19.29  20.40   
19.39  20.33  21.10  21.56  20.37  21.48  22.04  20.93  19.33  18.86  15.28  14.23  17.78  22.38  22.14  20.97   


0
21.02  20.36  19.97  20.36  20.56  21.22  20.23  20.34  17.67  17.46  17.74  17.68  18.40  19.08  20.40  20.65   
20.61  20.42  20.19  21.05  21.24  21.46  21.28  18.55  16.67  18.39  17.74  17.30  16.62  17.15  17.06  20.67   
21.11  19.43  20.38  21.14  20.27  22.35  21.64  20.03  17.45  17.56  18.34  17.34  16.68  16.46  14.51  18.87   
19.85  21.03  21.37  21.82  19.96  22.06  22.28  20.61  18.74  18.15  17.67  17.35  16.56  16.67  17.23  18.03   


0
21.34  20.66  20.38  20.75  20.81  21.00  20.36  21.82  20.54  18.74  19.48  20.31  20.25  19.88  20.27  21.15   
20.07  20.43  20.80  21.29  21.58  21.79  21.60  21.57  20.01  19.35  17.98  17.99  19.15  20.75  20.21  21.15   
20.41  19.70  20.64  20.59  20.12  21.41  21.86  21.69  19.50  18.45  17.37  17.92  17.92  18.95  18.89  21.34   
20.32  21.31  21.51  20.85  20.53  25.01  22.84  21.74  18.76  17.69  17.19  17.74  17.26  16.84  17.41  18.23   


0
21.18  19.49  20.77  20.73  20.80  20.99  21.25  20.45  20.97  20.31  20.60  21.23  20.47  20.40  20.68  21.61   
19.79  20.80  20.55  21.16  22.42  23.02  23.80  21.76  21.26  21.63  19.83  21.51  20.66  20.74  20.19  21.60   
20.40  20.46  21.34  22.70  22.52  24.53  24.24  21.98  22.00  21.68  20.06  19.15  19.84  22.47  21.41  21.78   
20.15  21.03  23.17  24.35  24.32  23.65  24.04  23.39  23.28  20.76  19.64  18.11  16.83  19.94  20.70  21.35   


0
21.64  20.07  22.34  22.93  24.30  24.20  24.68  24.47  22.41  20.87  20.38  20.88  20.47  20.53  21.81  21.13   
20.75  22.07  22.68  23.44  24.53  24.25  24.89  24.08  22.51  21.73  21.03  21.08  21.36  20.86  20.89  21.75   
20.82  22.85  23.93  22.93  23.46  25.35  26.17  26.15  24.25  22.11  21.75  20.82  21.50  21.98  21.41  21.18   
20.30  22.78  24.18  23.27  23.92  25.33  26.72  25.88  24.08  22.61  21.68  20.60  20.74  21.82  22.31  22.07   


0
20.84  21.19  22.05  21.57  21.13  23.16  23.01  23.89  23.27  23.38  23.14  21.32  20.81  20.77  21.78  21.27   
19.90  20.39  20.64  21.37  21.32  22.48  21.46  21.74  22.38  23.23  22.39  21.81  21.56  21.34  21.28  22.33   
20.09  21.19  20.36  20.55  19.92  22.33  22.45  22.06  22.29  22.08  22.24  21.12  21.59  22.20  22.07  22.21   
20.57  20.73  22.25  21.30  20.77  21.69  21.81  21.93  21.77  22.24  22.48  21.92  22.03  22.37  22.61  22.76   


0
21.19  20.52  21.17  20.37  20.81  21.58  21.49  23.05  21.43  21.10  21.06  21.82  20.37  20.81  20.98  21.79   
20.76  21.32  20.44  21.06  21.68  21.58  21.19  21.36  21.69  21.54  21.36  21.64  21.25  21.13  21.18  20.99   
20.41  19.96  20.40  20.81  19.15  21.41  22.60  21.69  21.91  21.59  21.97  21.05  21.51  21.99  21.56  22.40   
20.17  20.90  21.13  21.83  21.36  21.50  21.29  21.74  22.84  21.93  21.57  21.47  21.81  21.84  22.00  22.26   


0
21.79  20.36  21.03  20.98  21.16  21.92  21.03  21.81  21.31  21.31  20.83  21.23  20.84  20.79  21.67  21.13   
20.20  20.42  19.83  20.35  21.13  21.88  21.58  21.45  21.37  21.94  21.67  21.51  21.82  20.99  21.17  21.13   
20.54  20.46  20.86  21.14  19.95  21.82  21.95  22.18  22.21  21.68  21.75  21.04  21.73  22.35  21.13  21.63   
20.00  20.75  21.63  21.82  21.07  22.18  22.06  21.73  22.02  22.03  22.51  21.83  22.19  21.82  21.51  21.35   


0
21.65  20.95  20.38  20.25  21.05  21.00  20.47  22.05  21.65  20.99  21.29  20.66  20.73  20.94  20.70  21.47   
19.80  21.20  20.68  20.83  21.25  21.79  21.60  21.16  21.17  22.15  21.58  21.53  21.25  21.75  21.46  21.46   
20.84  20.34  20.76  20.70  19.80  22.26  22.18  22.30  21.60  21.80  22.07  21.49  21.74  21.86  21.84  22.25   
20.02  20.90  21.90  20.60  20.81  22.08  22.18  21.96  22.15  22.16  21.69  21.96  21.68  22.12  21.52  22.08   


0
20.86  20.35  20.75  20.84  20.79  21.67  21.46  21.91  21.63  21.41  20.81  21.45  20.82  20.78  21.09  21.60   
20.73  20.92  21.13  21.15  21.66  21.66  21.88  21.44  21.25  21.72  21.87  21.72  21.81  21.60  21.99  22.50   
20.53  20.19  20.73  21.01  20.10  22.02  21.94  22.07  21.89  22.52  22.15  21.79  21.72  22.09  21.67  21.77   
20.14  21.15  21.23  21.56  20.50  22.28  21.60  22.16  22.01  22.59  22.61  22.30  22.31  22.38  22.14  22.42   


0
21.34  20.52  20.78  21.11  21.29  22.05  21.04  21.71  21.65  20.99  21.18  21.12  21.33  20.94  20.70  21.79   
20.76  20.69  20.92  20.71  21.15  21.68  21.39  21.36  20.75  21.95  21.15  22.07  21.25  21.25  21.04  22.07   
20.69  20.21  21.00  20.59  20.45  21.84  21.97  22.70  21.60  22.12  22.49  21.60  21.63  21.86  22.52  22.25   
20.17  19.94  21.26  22.20  20.53  22.19  21.74  21.74  21.81  22.04  21.81  22.20  21.94  21.98  23.12  22.44   


0
20.54  20.76  20.74  20.58  20.78  21.66  20.43  21.78  21.28  21.18  20.91  21.43  20.21  20.11  21.36  21.91   
20.04  20.78  20.52  21.25  21.86  21.54  21.56  21.12  20.50  22.12  21.97  21.60  21.79  21.21  21.01  21.11   
20.37  20.94  20.48  21.00  19.43  22.43  21.61  22.06  21.56  22.30  22.04  22.00  21.47  22.08  21.52  21.15   
20.28  21.54  20.96  22.16  21.32  22.04  21.03  22.04  21.77  22.47  22.13  21.31  21.90  21.94  21.32  22.23   


0
20.86  20.63  20.62  20.97  21.38  21.91  21.13  21.57  22.07  20.41  21.60  21.33  20.34  19.99  21.09  21.60   
20.73  20.66  20.53  20.92  21.23  21.87  20.86  21.24  20.94  21.51  21.34  21.61  21.46  21.35  21.85  21.43   
20.67  19.93  20.25  20.90  19.45  21.28  22.05  21.56  21.78  22.10  21.94  21.46  21.25  21.21  21.53  21.62   
19.84  21.15  21.62  21.93  21.20  21.94  22.38  21.83  22.24  22.25  21.55  20.96  21.52  22.24  22.30  22.06   


0
21.34  20.80  20.78  21.11  20.93  21.00  20.93  21.48  21.21  21.10  20.84  21.36  21.21  20.28  21.54  21.79   
19.94  21.32  20.68  21.52  21.58  21.26  21.39  21.36  21.28  21.85  21.47  21.85  22.29  20.62  21.32  22.37   
21.12  21.10  21.00  20.70  20.29  22.05  22.18  21.79  21.91  22.33  22.18  21.49  22.09  21.74  21.84  22.10   
20.76  20.90  21.38  21.34  20.53  22.31  21.96  21.85  22.38  22.50  21.45  22.08  21.28  22.55  21.84  21.90   


0
21.18  20.50  20.63  20.24  20.80  21.69  21.03  21.81  21.19  21.31  21.50  20.76  20.72  20.79  21.25  22.09   
21.15  20.54  19.95  21.39  21.46  21.67  21.48  20.94  20.84  21.42  21.67  21.51  21.82  20.99  21.17  21.75   
20.11  20.20  21.10  21.14  20.60  21.72  21.95  21.98  22.00  22.11  22.37  21.15  21.96  21.73  21.82  22.54   
20.45  21.30  21.89  21.45  20.79  21.72  21.95  22.17  22.25  22.61  21.68  22.31  21.27  22.11  21.83  22.43   


0
21.80  20.66  20.91  20.62  20.46  21.12  21.15  22.05  21.10  21.32  20.95  21.01  20.61  20.94  21.40  21.94   
20.07  20.69  20.56  21.06  21.36  21.79  21.80  21.26  21.07  21.64  21.68  21.53  20.91  21.50  21.04  21.91   
20.84  20.47  21.12  21.26  19.80  22.26  21.97  22.09  21.91  21.80  21.65  22.03  22.56  21.49  21.00  21.34   
20.47  20.77  21.51  21.59  20.94  22.31  21.51  21.41  22.27  22.16  22.17  21.47  21.68  21.55  21.68  22.62   


0
21.04  20.52  21.57  20.75  20.70  21.93  20.81  21.82  21.10  21.10  21.18  21.24  21.09  20.94  20.55  21.15   
20.62  21.20  20.44  20.94  21.15  21.58  21.60  21.57  21.28  21.85  21.36  21.53  21.02  20.88  21.74  21.30   
20.69  20.21  20.88  21.38  19.64  21.94  21.76  22.30  21.50  22.76  21.76  21.16  21.27  21.61  21.14  21.65   
19.87  20.77  21.51  21.59  20.94  21.50  21.62  22.08  21.57  22.50  21.81  21.47  21.42  22.27  22.00  22.08   


0
20.72  20.50  21.03  20.48  20.56  21.69  20.80  21.81  21.19  20.64  20.94  21.69  20.35  20.00  20.68  21.93   
19.79  20.29  20.79  21.28  21.78  21.67  21.17  21.04  21.78  21.83  21.24  21.41  21.36  20.99  20.61  21.75   
20.54  20.07  20.98  21.14  19.13  22.04  21.53  22.38  21.79  22.00  21.75  21.91  21.38  22.35  21.55  21.02   
20.60  20.34  21.37  22.06  20.66  21.37  22.06  21.84  22.25  22.49  22.15  21.95  21.14  21.68  22.15  22.25   


0
21.02  20.79  20.63  20.86  20.80  21.22  20.91  21.70  21.64  20.53  20.38  20.65  20.84  20.66  20.82  21.45   
20.34  20.80  20.31  21.39  21.46  21.57  21.68  21.76  21.26  21.83  21.13  22.06  21.47  21.24  21.58  22.21   
20.82  20.46  20.50  21.03  20.44  22.04  21.95  22.08  21.90  22.21  21.75  22.02  22.08  22.10  21.55  21.94   
20.75  20.75  21.37  21.57  20.52  21.83  21.61  22.06  22.14  22.38  21.92  22.19  22.58  21.97  21.83  22.79   


0
21.32  20.63  20.36  20.84  21.26  21.33  21.13  21.46  20.85  20.97  20.81  21.56  19.74  20.78  20.95  21.28   
20.60  20.66  20.30  20.57  20.69  21.76  21.98  21.54  21.56  21.92  21.55  21.39  21.69  19.97  21.02  21.28   
20.67  20.44  20.37  20.56  20.58  22.13  21.84  22.07  21.47  22.31  22.05  21.79  21.95  21.59  21.95  21.47   
20.74  20.74  21.49  21.56  21.20  21.71  21.04  21.94  22.13  22.71  21.43  21.57  21.65  21.52  22.14  22.42   


0
21.18  20.50  20.24  20.86  20.68  21.57  20.69  20.91  21.42  20.87  21.28  20.88  21.08  21.18  21.25  21.45   
20.47  21.06  20.67  20.93  21.24  21.67  20.77  20.74  21.26  21.42  21.67  21.73  20.89  21.36  20.75  21.44   
20.68  20.07  20.50  21.36  19.95  21.61  22.06  22.08  21.69  22.00  22.06  21.80  21.14  21.60  21.41  22.09   
20.15  20.48  21.24  21.20  20.38  21.49  21.95  22.17  22.60  22.03  21.68  22.07  21.67  21.82  21.67  22.07   


0
21.94  20.79  20.10  20.61  20.80  21.22  20.69  21.47  21.53  20.98  21.28  21.34  19.87  21.05  21.39  21.61   
20.75  20.67  20.43  20.58  21.46  22.09  21.28  21.45  22.09  22.14  21.24  22.16  21.36  21.24  20.89  22.05   
19.97  19.82  20.74  21.14  20.11  22.25  21.74  22.48  21.69  21.90  21.75  21.69  21.50  21.23  21.41  21.78   
20.15  21.43  21.37  21.82  20.52  21.83  22.06  21.84  22.02  22.72  21.68  22.07  22.06  21.54  21.99  21.89   


