Start of this file: 15:02:46 02/03/2017

0
20.93  20.41  20.81  20.89  20.59  21.13  21.16  21.16  20.99  21.00  20.63  21.14  21.23  20.83  20.73  21.20   
20.11  20.84  20.34  20.61  21.37  21.06  21.09  21.16  21.28  21.33  21.15  21.21  21.38  20.90  21.22  21.04   
20.45  20.49  20.29  20.82  18.71  20.89  21.66  22.09  21.91  22.13  21.66  21.06  22.23  20.89  21.60  21.85   
19.16  20.94  21.54  21.36  21.12  21.52  21.41  21.53  21.94  21.60  21.59  21.62  21.32  21.16  21.26  21.98   


0
20.93  20.12  19.88  20.02  20.59  21.71  20.71  21.16  21.77  20.78  21.19  20.91  20.75  20.83  20.59  21.36   
19.83  20.84  20.82  21.53  21.05  21.79  21.60  20.65  21.07  21.85  21.90  21.43  21.50  21.65  21.36  22.12   
20.59  19.86  20.41  20.71  20.02  21.63  21.97  22.30  22.12  21.92  22.18  21.50  21.06  22.14  21.87  21.85   
19.76  20.94  20.89  20.87  20.29  21.86  21.52  22.09  22.28  22.06  21.71  21.62  21.97  21.74  22.38  21.44   


0
20.97  20.74  20.45  20.31  20.63  20.94  20.75  21.76  21.48  21.48  21.00  21.41  20.42  20.74  20.20  20.44   
19.87  20.11  20.26  20.77  21.41  21.72  21.33  20.89  20.90  21.78  21.19  21.36  20.96  21.19  20.70  21.24   
20.34  20.28  20.81  20.86  20.71  21.88  21.90  21.93  21.54  22.27  22.01  21.10  21.68  21.80  21.50  21.43   
19.80  20.56  21.58  21.52  20.60  22.01  21.78  22.23  22.32  21.87  22.22  22.14  21.62  22.06  21.14  22.20   


0
21.41  20.71  20.02  20.28  20.72  21.26  20.72  21.06  20.89  20.79  21.09  21.62  20.76  19.93  21.17  21.69   
20.26  20.85  20.47  21.20  21.49  21.70  21.20  21.07  20.77  22.17  21.49  21.11  21.16  20.91  20.82  21.06   
20.18  19.74  20.79  21.06  20.20  21.96  21.98  22.21  22.24  22.25  21.78  21.29  21.42  21.90  21.75  22.01   
19.17  20.54  21.68  21.74  21.41  22.10  21.54  21.88  22.29  22.42  21.72  21.51  21.59  22.04  22.24  21.99   


0
21.59  19.44  19.92  20.43  20.99  21.52  21.09  21.87  20.92  20.59  20.55  21.53  20.79  21.13  20.91  22.04   
19.87  20.24  20.14  20.65  21.19  21.83  21.02  21.20  21.11  21.37  20.98  21.68  21.54  20.94  20.42  22.00   
20.91  19.89  20.33  21.09  20.06  22.09  21.38  22.64  21.33  22.06  22.22  21.86  21.21  21.30  21.36  21.73   
19.65  20.84  21.06  21.89  20.88  21.78  21.56  22.23  21.97  22.78  21.51  21.29  21.62  21.49  21.46  20.93   


0
20.79  19.70  20.02  20.65  20.49  21.14  21.51  20.83  21.34  21.24  20.86  21.15  20.52  20.72  20.89  20.41   
20.39  20.47  20.23  20.62  21.27  21.70  21.20  21.38  21.19  22.07  21.38  21.44  21.40  21.04  20.82  21.67   
20.46  20.25  21.27  21.18  19.22  21.75  21.88  21.80  21.72  22.14  21.67  21.95  21.42  21.40  21.19  21.71   
20.52  20.13  21.04  21.25  21.41  21.64  21.65  21.54  22.06  21.96  21.96  21.99  21.33  22.18  21.92  21.63   


0
21.25  20.71  20.95  20.78  20.25  21.14  20.84  21.39  21.12  20.79  20.41  20.80  21.36  20.72  20.75  21.85   
20.12  20.08  20.35  20.97  21.06  21.39  20.69  21.17  21.29  21.76  21.70  21.76  21.63  21.41  21.23  21.82   
20.75  20.12  20.91  21.40  19.87  21.96  21.56  22.01  21.72  22.25  21.36  21.40  21.42  22.27  21.33  22.76   
19.77  20.68  20.91  21.37  20.30  21.30  21.87  21.76  22.64  22.87  21.60  21.63  21.20  22.04  22.08  22.71   

0
21.88  20.15  20.30  20.54  20.26  21.27  20.51  21.97  21.35  20.91  21.66  21.16  20.29  20.33  21.32  21.55   
20.00  20.48  20.48  20.98  21.61  21.71  21.52  20.98  21.51  21.46  21.50  21.34  21.29  21.18  20.69  21.84   
20.62  19.88  20.20  21.19  19.39  21.55  21.89  22.22  21.73  22.15  21.68  21.52  22.72  21.91  21.48  21.11   
20.53  21.23  21.44  21.88  20.87  21.89  21.88  22.00  22.08  22.43  21.85  21.76  22.39  22.48  21.93  21.65   


0
19.38  20.56  19.88  20.40  20.59  21.25  20.26  21.38  21.77  20.67  20.63  21.14  20.14  20.05  21.30  21.84   
19.83  20.33  20.46  20.61  21.58  21.48  21.19  21.57  20.86  21.23  21.15  21.43  21.15  20.65  20.80  21.66   
20.16  19.98  19.93  20.94  19.53  21.84  21.13  22.50  21.91  21.70  21.66  21.50  21.76  21.14  21.32  22.00   
20.66  20.80  21.15  21.48  21.12  21.52  21.19  21.75  21.94  22.29  21.83  21.49  21.05  21.74  21.90  21.26   


0
21.10  20.42  19.62  20.41  20.01  21.38  20.16  20.94  20.89  20.90  20.75  20.69  20.16  20.32  21.31  21.85   
20.12  20.34  20.11  20.74  21.17  21.59  21.51  21.07  20.77  21.35  20.95  21.66  20.93  21.29  21.37  21.67   
20.89  19.35  20.67  20.84  19.87  21.85  21.35  21.60  21.72  21.82  21.15  21.95  21.54  21.40  21.47  20.95   
19.77  20.81  21.42  21.50  21.13  21.53  21.20  21.99  22.18  22.19  21.36  22.11  21.33  21.17  21.76  21.09   


0
20.21  20.03  20.46  20.94  20.64  20.72  20.65  21.77  20.82  21.16  20.68  20.96  20.56  20.23  21.49  21.25   
19.33  21.02  20.15  20.78  20.99  21.42  20.93  21.11  21.02  21.38  21.20  21.58  21.09  21.45  21.68  21.86   
20.50  19.52  20.70  20.76  19.58  21.26  22.13  22.24  22.17  21.65  22.02  22.20  21.81  21.81  21.23  22.05   
19.96  20.99  20.68  21.53  21.03  22.14  21.80  21.47  22.22  22.22  22.12  21.79  21.23  22.07  21.79  21.85   


0
21.11  20.44  21.23  20.42  20.38  21.27  20.62  21.29  21.13  21.14  20.88  21.86  20.77  20.47  20.62  21.39   
20.95  20.86  20.24  21.21  21.61  21.29  20.91  21.29  20.99  21.98  21.07  21.88  21.75  21.43  21.52  21.53   
20.90  19.88  20.20  21.19  19.72  22.18  21.79  21.92  22.04  21.83  21.58  21.52  22.14  21.91  21.90  22.17   
20.39  20.82  21.31  21.26  20.31  21.89  21.66  22.00  22.42  22.31  22.21  21.40  21.21  22.33  22.09  21.65   


0
20.81  19.86  20.57  20.17  20.86  20.57  20.51  21.29  21.13  21.14  20.88  21.16  20.53  20.33  20.76  21.39   
20.27  20.61  20.36  20.64  21.39  21.08  21.01  21.49  20.89  21.67  21.18  21.45  21.06  20.80  20.55  21.53   
20.33  19.75  20.44  21.07  20.37  21.66  21.26  21.61  21.83  21.83  21.79  21.63  20.96  21.41  21.48  21.72   
20.09  20.82  21.82  21.63  21.01  21.77  21.21  21.44  21.73  22.43  21.50  21.76  21.21  21.47  21.28  22.37   


0
21.55  19.98  20.41  20.02  20.47  20.90  20.60  21.61  21.55  20.78  21.08  21.60  20.75  20.57  20.88  20.40   
19.83  20.58  20.10  20.96  21.26  21.90  20.98  21.26  20.86  21.54  21.26  21.53  20.69  21.28  20.94  21.51   
20.02  20.11  20.89  20.48  20.35  21.95  21.87  22.30  21.60  21.81  21.34  20.84  21.99  22.14  21.04  20.78   
19.61  20.53  20.37  21.61  20.29  21.75  21.30  22.09  21.94  21.71  21.71  21.74  21.32  22.17  21.58  22.34   


0
20.19  20.15  20.30  19.92  20.50  20.92  20.62  21.18  21.35  20.02  20.42  21.16  20.29  20.20  21.32  21.07   
19.17  19.96  20.12  20.98  21.07  21.61  21.11  20.67  21.30  21.57  21.18  21.12  21.29  20.42  21.24  20.76   
20.47  20.39  20.44  20.28  19.72  22.29  21.36  22.02  22.15  21.83  21.37  21.63  22.14  21.66  21.76  22.02   
20.68  21.23  20.79  21.14  20.73  21.54  21.77  21.89  21.96  21.62  21.38  22.01  20.94  21.90  21.93  21.47   


0
21.25  20.85  19.89  20.90  20.84  21.61  20.61  21.51  21.01  20.57  20.98  21.50  20.64  20.45  20.46  21.69   
19.29  20.85  20.83  20.62  21.49  21.49  21.20  20.76  21.50  21.45  21.06  21.00  21.40  20.91  21.09  21.82   
20.75  20.63  20.43  21.29  19.22  22.07  21.56  22.11  22.13  21.93  21.25  21.95  21.89  21.53  20.78  21.40   
20.67  20.95  21.42  21.25  20.99  22.10  22.31  21.99  22.18  22.30  22.20  21.75  21.59  21.89  22.24  22.35   


0
21.67  20.10  20.65  20.00  20.33  21.22  20.69  21.47  20.86  20.30  20.60  21.00  20.48  20.42  21.69  21.66   
20.36  20.81  19.83  21.05  21.45  21.24  21.37  21.14  20.94  21.72  21.45  21.62  21.36  21.50  21.75  21.33   
20.99  19.57  20.39  20.23  18.36  22.24  22.26  22.27  21.89  21.79  22.37  21.47  21.85  21.74  21.43  21.52   
19.74  21.05  21.51  21.58  20.12  21.72  21.83  21.39  21.33  22.15  21.33  21.59  21.94  21.57  22.68  22.50   


0
20.47  20.41  20.41  20.64  20.24  21.13  20.82  21.16  21.11  20.89  21.30  20.91  20.39  20.57  20.88  20.56   
19.56  21.09  20.34  20.73  21.26  21.69  21.39  21.16  20.76  22.36  21.48  21.32  20.92  21.65  20.94  21.35   
20.45  20.37  20.77  20.71  19.86  21.63  21.55  21.99  21.60  22.13  22.08  21.50  21.53  21.39  20.62  21.24   
19.76  20.66  21.28  20.75  20.29  21.17  21.75  21.42  21.94  21.94  21.59  21.37  21.97  21.88  21.58  21.98   


0
20.93  19.69  20.54  20.02  20.71  20.78  20.71  21.27  21.11  20.89  20.85  21.02  20.51  20.83  21.16  21.36   
20.79  19.94  20.34  20.96  21.15  21.16  21.39  20.96  20.55  21.95  21.15  21.21  21.15  21.15  20.66  21.51   
20.31  20.24  20.53  20.94  19.86  21.63  21.45  21.99  21.60  21.92  21.66  21.50  21.41  21.39  20.90  21.54   
20.51  19.98  21.15  21.12  20.57  21.86  21.63  21.86  21.59  22.40  21.47  21.62  20.79  21.74  21.10  21.98   


0
20.63  20.41  20.28  20.40  20.47  21.13  20.82  21.04  21.22  20.78  21.19  21.14  20.63  20.31  21.02  20.72   
19.56  21.09  20.34  20.26  21.37  21.27  21.19  20.96  21.07  21.75  21.48  22.08  21.15  20.90  20.80  21.51   
20.73  20.24  21.01  21.05  19.53  21.31  22.08  21.89  22.22  22.02  21.66  21.39  21.41  21.39  21.18  21.54   
21.10  21.07  20.89  21.85  20.70  21.63  21.97  21.75  22.05  21.94  21.35  21.37  21.71  22.02  21.58  21.80   


0
20.33  19.99  20.56  20.53  20.61  21.38  20.38  21.39  21.45  20.68  21.20  21.15  21.00  20.72  21.59  22.17   
20.39  20.85  20.35  20.86  21.17  20.96  21.10  21.69  21.19  21.55  21.38  22.09  21.51  20.91  21.23  22.13   
20.75  20.00  20.06  21.06  19.71  21.85  21.56  22.21  21.72  22.03  21.15  21.40  21.89  22.03  22.57  21.25   
20.22  20.81  21.29  21.13  20.16  21.76  22.20  21.76  21.95  22.30  21.25  21.26  21.98  21.89  21.92  21.99   


0
20.82  20.88  20.45  20.43  20.04  21.75  19.61  21.08  20.92  20.93  21.34  21.06  20.67  20.48  20.91  21.24   
20.83  20.49  20.26  20.88  21.08  21.41  21.12  21.30  21.42  21.58  21.51  21.36  21.07  21.69  20.28  21.08   
20.20  19.89  20.69  20.64  20.06  21.56  21.90  22.43  21.64  22.38  22.01  21.53  22.03  21.55  21.91  21.58   
20.10  20.84  21.06  21.40  20.33  21.32  22.01  21.57  22.43  22.90  21.98  21.78  21.62  22.06  22.58  22.02   


0
20.65  19.72  20.44  20.54  20.50  21.16  20.62  21.52  20.68  20.36  21.21  21.05  20.29  19.68  21.04  21.23   
20.41  20.09  20.48  20.98  21.07  21.50  21.11  20.78  20.89  21.67  20.96  21.45  21.06  20.67  20.83  21.07   
20.19  20.39  20.80  21.19  19.56  21.44  22.00  21.81  21.21  21.73  22.10  21.74  22.02  21.29  21.76  21.11   
20.83  21.10  21.05  21.63  20.59  22.23  21.10  21.67  21.96  21.97  21.73  21.88  21.47  21.90  21.61  22.19   


0
20.97  19.88  20.85  20.43  21.11  21.17  20.97  21.31  21.03  20.93  20.89  21.06  20.54  20.22  20.77  21.24   
20.15  20.49  20.62  20.53  21.30  21.62  21.33  21.20  21.21  21.99  21.51  21.36  20.96  21.31  20.84  21.39   
20.34  20.02  20.33  20.64  19.41  21.88  21.90  22.13  21.95  21.95  21.07  22.08  21.80  21.17  20.94  21.89   
20.25  19.88  21.71  21.15  20.05  21.90  21.11  21.79  22.09  22.10  22.22  21.17  20.69  22.06  22.42  21.66   


0
20.65  19.72  20.97  20.91  20.86  21.27  20.96  21.29  21.24  20.91  20.99  21.74  20.77  20.86  21.04  21.87   
20.00  20.61  19.76  21.10  20.96  21.08  21.32  21.08  21.20  21.98  21.29  21.23  20.83  20.67  20.97  21.38   
21.18  20.14  20.44  21.07  20.53  22.39  21.89  21.92  22.15  21.94  21.89  21.19  22.14  21.91  22.31  22.02   
20.24  20.69  21.44  21.51  20.45  21.77  21.32  21.55  22.19  22.20  21.97  21.03  21.47  21.62  23.20  22.01   


0
21.07  19.97  20.66  20.01  20.34  20.53  20.36  21.48  21.43  20.65  20.84  21.01  20.37  20.30  21.29  21.51   
20.09  21.34  20.20  20.60  21.03  21.57  21.07  20.94  21.27  21.42  21.25  21.63  21.14  21.01  21.07  20.88   
20.86  19.84  20.16  20.70  20.49  21.72  21.43  21.98  21.59  21.90  21.12  21.26  21.87  22.13  21.59  21.53   
20.35  20.65  21.40  21.47  20.69  22.08  21.51  21.29  21.69  22.05  21.93  21.12  21.56  21.72  21.89  22.15   


0
20.83  20.03  20.86  20.08  20.88  21.07  21.10  21.43  21.71  20.94  21.24  21.07  20.92  21.02  21.21  21.41   
19.61  20.89  20.15  21.47  21.31  21.21  21.03  21.42  21.12  21.28  21.10  21.48  21.43  20.70  20.58  21.10   
20.07  20.55  20.70  20.99  19.91  21.68  22.13  22.04  21.86  22.39  21.81  21.44  21.34  21.94  20.95  21.90   
20.71  20.99  21.46  21.41  20.89  21.45  21.46  21.58  22.10  22.45  21.16  21.42  21.50  22.22  21.47  22.03   


0
20.64  19.85  20.16  21.02  20.72  21.49  21.06  21.73  21.45  21.12  20.98  20.92  20.40  20.45  21.03  21.38   
20.39  20.72  20.83  20.74  20.84  21.70  20.59  20.87  20.98  21.14  21.70  21.33  21.97  20.41  20.95  21.67   
20.46  19.87  21.15  20.95  20.52  21.54  21.56  22.41  21.82  21.82  21.57  21.51  21.30  22.27  21.05  21.71   
20.22  20.95  20.51  21.62  20.44  21.76  21.76  22.10  22.41  22.65  21.84  21.87  21.72  21.89  21.59  22.17   


0
20.63  19.40  20.41  21.13  20.59  21.02  21.05  21.61  20.88  21.11  21.19  20.91  20.51  20.31  20.88  21.36   
20.11  20.33  20.34  21.07  21.37  21.58  21.19  21.16  21.07  21.33  21.48  21.21  21.50  20.40  20.66  21.20   
21.02  20.24  20.41  20.94  19.70  21.84  21.66  21.59  21.81  21.81  22.08  21.06  21.64  21.76  21.60  21.39   
20.51  20.80  22.06  21.61  20.98  21.86  21.63  21.31  22.51  22.17  21.71  22.34  21.71  21.74  21.90  21.62   


0
21.57  20.44  21.36  23.82  21.33  21.74  20.96  21.41  21.13  21.36  21.32  21.05  20.65  19.54  20.62  22.50   
20.68  20.86  21.20  25.83  23.94  21.61  21.11  21.08  20.99  21.87  20.96  21.88  22.33  21.55  20.97  21.53   
19.90  20.65  20.68  23.97  24.65  21.44  22.00  22.32  22.04  21.62  22.41  21.96  21.43  21.79  22.31  21.87   
20.53  21.37  21.44  23.33  23.19  21.66  22.22  22.11  22.08  22.08  21.62  21.88  21.86  21.90  21.77  22.72   


0
22.48  20.29  22.01  26.18  22.85  21.04  20.74  21.52  21.46  20.80  21.10  20.58  20.17  20.73  20.90  21.71   
20.68  20.74  20.36  23.49  21.82  22.02  21.11  21.08  21.10  21.57  21.18  21.56  21.52  21.05  21.38  22.30   
20.76  20.77  21.64  24.08  21.82  21.76  22.00  23.13  22.04  22.15  21.68  21.63  21.20  21.41  21.35  22.48   
20.83  20.96  21.82  25.36  22.10  22.00  21.66  22.33  22.65  22.20  21.97  22.25  21.86  21.62  22.57  23.08   


0
21.71  20.71  21.08  25.00  21.90  21.61  20.84  21.51  21.67  20.57  20.98  21.38  20.88  20.72  21.59  22.33   
19.98  20.85  20.71  23.93  22.02  21.80  21.51  21.69  20.87  21.55  22.24  21.22  21.86  21.66  21.23  21.52   
20.60  20.12  21.74  24.83  20.84  22.38  22.30  23.31  21.51  22.14  21.46  21.62  24.32  23.51  22.16  21.25   
19.92  20.81  23.47  24.75  22.36  22.67  23.64  24.51  22.98  22.07  21.72  22.11  25.19  25.00  22.08  21.63   


0
21.85  20.84  20.81  24.87  21.30  22.06  21.16  21.38  21.44  21.22  23.30  24.00  21.11  20.97  20.88  21.84   
20.38  20.97  21.17  23.92  22.12  21.58  21.90  21.67  21.28  22.36  23.28  25.78  24.68  21.53  21.08  21.97   
20.73  21.51  23.26  24.27  21.63  24.35  25.48  25.38  23.86  22.76  22.08  24.62  24.30  22.14  21.46  21.70   
20.66  21.48  24.21  25.10  24.50  25.25  27.06  28.33  26.88  25.68  23.01  23.43  22.88  22.02  21.58  22.52   


0
20.97  20.74  23.07  23.96  24.71  25.61  25.82  26.90  25.72  25.08  24.42  23.36  21.51  20.61  21.20  22.04   
20.56  21.39  23.33  25.07  25.72  26.32  27.18  25.80  26.70  27.18  25.81  24.14  22.11  21.19  21.40  22.16   
20.91  20.91  23.30  26.25  25.28  26.52  26.82  26.97  27.09  27.63  26.10  23.59  22.61  22.30  21.64  22.94   
21.14  21.38  21.71  25.25  25.60  26.17  25.82  26.15  26.92  26.27  24.21  22.74  22.40  22.35  22.10  23.27   


0
21.89  21.31  24.09  25.85  25.50  26.17  25.18  26.37  27.10  26.46  24.86  22.10  20.67  20.61  20.91  21.40   
20.42  21.01  21.69  25.73  25.93  26.12  25.43  26.10  26.50  26.39  23.74  21.57  21.42  21.06  21.40  21.70   
20.63  20.41  21.29  22.99  24.04  25.51  24.91  25.42  25.11  23.74  22.32  21.75  21.91  21.93  21.50  21.89   
20.85  20.29  21.45  21.77  21.98  22.70  22.78  23.78  23.01  22.21  22.10  21.04  21.88  22.20  21.78  22.20   


0
20.64  19.99  21.61  23.81  24.45  25.81  24.72  25.81  25.80  23.33  22.20  21.04  20.28  20.19  20.18  21.22   
19.29  21.11  20.59  21.55  22.24  23.97  24.12  24.10  23.26  21.76  21.17  21.98  21.16  21.41  20.95  21.67   
21.17  20.25  20.91  21.18  19.55  22.07  22.51  24.21  22.24  22.35  21.99  21.40  22.01  21.53  21.33  21.25   
19.32  19.85  21.42  20.51  20.44  21.87  22.31  22.21  22.52  22.19  21.72  21.14  20.93  21.32  22.24  21.27   


0
21.42  20.15  20.70  20.67  20.74  22.78  22.97  23.75  22.02  20.91  21.44  20.93  20.05  20.33  21.46  21.23   
20.00  20.74  20.24  21.44  20.96  22.02  21.83  21.70  20.89  21.26  21.50  21.23  21.18  21.18  20.55  21.22   
20.33  20.26  20.44  20.51  20.21  22.39  21.58  22.42  21.83  21.52  21.05  21.63  21.32  22.04  21.07  21.57   
19.64  20.55  20.92  21.39  20.59  22.00  21.10  22.44  22.19  21.97  21.85  21.64  22.39  21.47  21.77  22.19   


0
20.47  20.27  20.81  20.52  21.30  21.37  21.39  22.84  20.99  21.00  21.08  21.60  20.63  20.44  20.88  21.84   
20.25  20.58  20.10  20.61  21.37  21.27  21.49  21.06  21.59  21.85  21.37  21.75  21.73  21.53  20.94  21.97   
20.45  19.73  20.53  21.05  19.86  21.63  21.34  22.50  21.50  22.13  21.66  22.15  21.88  21.76  22.01  21.70   
20.06  19.84  21.15  21.36  20.84  21.52  22.08  21.64  23.31  22.75  22.54  21.98  21.58  21.88  21.74  22.52   


0
20.33  20.42  21.22  20.90  20.72  21.14  20.50  21.84  20.78  21.35  20.98  20.92  20.52  20.32  20.46  21.22   
20.39  20.34  20.71  20.28  21.49  21.49  21.00  21.28  21.50  21.96  21.60  21.44  20.47  21.29  21.23  21.52   
20.46  20.89  20.06  20.72  19.71  21.64  21.77  22.11  21.93  21.93  21.25  21.95  21.54  21.78  21.19  21.40   
20.07  21.36  21.55  22.11  20.58  21.76  21.87  21.54  24.23  22.42  21.36  21.26  21.46  22.18  21.76  22.35   


0
20.63  19.98  20.01  20.27  20.59  20.66  20.48  21.72  21.11  21.45  20.85  21.37  20.75  20.18  20.73  21.36   
19.42  20.33  19.98  21.07  20.50  21.58  21.09  21.37  20.86  21.64  21.26  21.32  20.92  20.90  21.50  22.27   
20.59  20.11  20.53  21.16  19.53  21.31  22.18  22.40  22.12  22.13  21.66  21.17  21.41  22.01  21.87  22.15   
20.21  21.21  21.67  21.48  21.12  21.63  22.19  21.97  24.10  22.52  23.71  22.34  22.10  21.88  21.42  22.88   


0
21.07  20.40  20.40  20.63  20.58  21.24  20.13  21.93  21.20  22.21  23.06  21.13  20.86  20.43  20.58  21.67   
19.96  21.34  19.96  21.29  21.89  21.67  21.58  21.46  21.79  22.35  24.73  22.28  21.02  21.26  20.51  21.65   
20.01  19.59  21.00  21.04  19.36  22.25  24.45  22.99  21.80  22.12  24.44  23.33  22.56  21.38  21.59  22.59   
20.50  20.24  21.40  21.10  21.11  23.56  24.48  23.62  23.64  24.21  22.88  24.13  25.04  21.87  21.89  21.97   


0
20.48  19.99  20.95  20.28  20.72  22.76  23.29  21.62  25.06  24.62  24.94  23.45  20.88  20.72  21.45  22.17   
20.39  20.60  20.47  20.62  21.49  22.74  25.70  24.99  24.98  26.17  25.17  23.48  21.28  21.41  21.37  21.82   
19.89  21.01  21.03  20.95  20.36  23.74  24.98  24.61  25.38  24.86  25.17  23.57  22.01  22.40  22.02  22.46   
20.52  20.81  21.29  22.11  22.09  24.14  25.26  24.30  25.24  23.67  23.02  22.48  21.98  22.75  22.24  21.63   


0
22.45  23.37  24.04  25.56  25.68  24.56  24.48  24.70  24.82  23.63  21.96  21.47  20.61  21.73  21.14  21.35   
20.64  22.60  22.93  23.68  24.22  24.25  23.30  23.78  24.35  22.96  22.10  21.41  20.91  21.76  20.37  21.95   
19.72  20.86  22.55  22.49  21.46  22.36  21.96  23.39  24.25  22.54  22.17  21.26  22.56  21.75  22.55  21.99   
19.90  21.19  22.43  22.08  20.28  21.96  22.07  21.96  22.73  22.05  21.46  21.97  21.96  22.87  22.21  22.33   


0
20.99  22.87  21.78  22.40  22.99  24.05  23.11  23.22  21.60  21.50  21.57  21.19  20.32  20.75  21.35  21.10   
19.33  21.27  20.87  21.35  22.06  22.15  21.75  21.01  21.95  22.21  21.63  21.15  21.09  21.08  20.99  22.02   
20.50  20.04  20.58  21.21  20.40  21.79  21.81  22.24  21.34  22.49  22.23  21.44  21.93  21.19  21.79  21.44   
19.96  20.30  21.46  20.92  21.17  21.91  22.02  21.47  22.33  22.22  21.52  22.15  22.67  22.50  21.47  22.21   


0
22.31  21.27  20.41  20.64  21.19  21.83  20.94  21.04  21.66  20.55  21.30  20.91  20.87  20.31  21.30  20.88   
20.66  20.58  20.70  20.96  21.26  21.90  21.60  20.75  21.28  21.54  21.26  21.21  21.15  20.90  21.22  21.81   
19.88  20.24  20.53  20.82  20.02  21.95  22.70  21.38  22.02  22.13  21.76  21.61  22.23  21.89  21.46  21.70   
19.91  21.21  21.15  21.73  21.12  21.52  21.75  21.75  22.17  22.06  21.71  21.62  21.71  21.45  21.58  22.70   


0
21.53  20.69  20.53  20.13  20.34  21.58  20.92  21.59  20.87  20.88  21.06  21.13  20.61  19.77  21.14  21.67   
19.27  20.31  20.44  20.25  20.92  21.26  21.58  21.05  21.37  21.94  21.68  21.20  21.49  20.76  20.37  22.41   
20.29  19.84  20.76  20.58  20.01  22.04  22.48  21.98  21.80  22.33  21.33  21.37  21.63  21.38  21.59  21.99   
20.35  20.92  21.79  21.10  20.97  21.85  21.17  21.29  22.15  22.62  22.17  21.97  21.56  21.87  20.60  21.79   


0
20.79  20.28  20.02  20.53  20.49  21.03  20.61  21.28  21.45  20.79  21.42  21.15  20.16  20.72  20.32  21.38   
19.85  20.60  20.35  20.62  21.60  21.49  21.30  20.45  20.98  21.76  21.49  21.22  21.05  21.29  20.95  21.67   
19.89  20.38  21.15  20.95  19.87  21.64  21.77  22.21  21.61  22.14  21.67  21.73  21.54  21.78  21.75  22.16   
20.97  20.54  20.91  21.74  20.86  21.87  21.65  21.43  21.95  22.19  21.84  21.63  21.85  21.75  22.08  22.17   


0
20.50  20.15  20.57  21.16  20.38  21.16  21.07  21.52  21.02  20.80  20.99  21.05  20.77  20.07  20.48  21.07   
19.31  20.86  20.00  21.10  21.18  21.61  21.21  21.08  21.10  21.57  21.07  21.34  20.94  20.67  20.83  20.92   
19.90  19.62  20.20  21.19  19.07  21.34  22.10  22.42  21.94  21.30  22.00  21.52  22.02  21.54  20.79  22.02   
20.39  20.69  21.18  21.02  20.59  22.12  21.88  21.67  21.73  22.20  22.09  21.88  21.99  22.48  21.61  22.37   


0
20.32  20.41  21.20  20.64  20.71  21.25  20.94  21.61  20.32  20.22  20.74  20.79  20.14  20.31  20.73  21.68   
20.25  19.16  20.22  20.84  21.58  21.79  21.09  20.75  20.97  21.64  21.69  21.21  20.80  21.15  20.80  21.35   
20.45  20.11  20.77  21.16  19.70  21.52  21.55  21.89  21.19  21.81  22.08  21.50  21.76  21.89  20.90  22.15   
20.21  20.80  21.15  21.12  20.29  22.09  22.19  21.31  21.94  22.06  22.07  21.49  21.71  21.59  21.74  22.34   


0
20.77  19.82  19.87  20.88  20.22  20.77  20.70  21.71  21.43  21.10  20.84  21.13  20.01  20.16  20.15  20.87   
19.68  20.70  19.84  20.83  21.68  21.15  20.97  21.15  20.64  22.04  21.36  21.85  21.02  20.89  20.65  21.34   
20.01  20.61  20.88  20.92  20.17  21.72  21.43  22.28  21.59  22.43  21.75  21.48  21.28  21.50  21.31  21.53   
21.09  20.79  21.66  21.10  20.14  21.50  21.62  21.29  21.92  22.05  21.82  21.73  22.09  21.58  20.76  21.07   


0
20.77  19.97  21.06  20.01  20.70  21.58  20.70  21.26  21.43  20.88  21.17  21.24  20.86  20.30  20.86  21.03   
20.23  20.44  19.96  21.06  21.03  21.57  20.87  21.25  21.06  21.63  21.89  21.74  21.26  21.89  21.35  21.65   
20.15  20.10  20.52  20.92  19.36  21.72  21.75  21.57  21.28  22.12  21.65  21.70  21.75  21.88  21.72  22.29   
20.94  20.92  20.62  20.98  20.28  21.50  21.40  21.52  21.92  22.62  22.05  21.85  22.09  22.72  21.89  21.79   


0
20.16  19.98  19.88  20.64  20.35  20.55  21.39  21.38  20.99  21.22  21.30  21.02  20.63  20.31  20.88  21.20   
20.25  20.97  19.62  21.19  21.48  21.16  20.78  21.47  21.07  21.95  21.58  21.53  21.85  21.28  21.36  21.20   
20.02  20.37  20.41  21.16  20.51  21.42  21.45  21.89  21.81  21.49  21.87  20.95  21.76  22.14  21.60  21.09   
19.76  20.25  21.15  21.61  20.84  21.75  21.41  21.19  22.05  21.94  21.95  22.10  21.84  21.45  21.10  21.44   


0
20.16  19.98  20.94  20.40  21.07  21.60  20.60  21.49  20.77  20.78  20.17  20.91  20.63  20.05  21.02  21.20   
20.11  20.33  19.98  20.73  21.05  21.27  21.19  21.06  20.76  21.85  21.37  21.43  21.85  21.40  21.22  21.04   
20.45  20.49  20.53  21.28  19.37  21.63  21.76  22.50  22.02  21.70  21.34  21.39  21.29  21.51  21.60  20.94   
19.91  20.53  20.76  21.48  20.70  21.52  21.30  21.31  22.05  21.71  21.11  21.74  21.84  21.59  22.22  21.26   


0
20.48  19.85  20.42  20.16  20.49  21.26  21.06  21.28  20.67  20.79  20.52  21.04  20.40  19.40  20.46  21.54   
19.57  20.60  20.23  20.74  21.17  21.39  21.10  21.17  20.77  21.76  21.49  21.22  21.74  20.53  21.23  21.82   
20.03  19.87  20.43  20.84  19.87  21.96  21.67  21.80  21.51  21.72  21.46  21.51  21.30  21.28  21.61  21.40   
19.02  19.99  21.04  20.76  19.88  21.76  21.31  21.54  22.06  22.30  21.84  21.51  21.85  21.03  21.27  22.35   


0
20.33  20.14  20.29  20.65  20.49  21.14  20.95  21.39  21.34  20.90  20.64  21.50  20.40  20.72  20.75  21.85   
19.85  20.85  19.87  20.86  21.27  21.49  21.00  21.58  21.29  21.76  21.70  21.33  20.82  20.91  21.09  21.52   
19.89  20.38  20.79  21.06  20.68  21.54  21.56  21.80  21.61  21.93  22.19  21.40  22.12  21.90  21.19  21.10   
19.62  20.95  20.38  21.62  20.72  21.87  21.76  21.09  22.18  22.42  22.43  21.63  22.11  22.61  21.43  21.99   


0
20.78  20.12  21.07  21.13  20.71  21.02  20.71  21.61  20.99  20.55  21.30  21.02  19.90  20.05  21.58  21.84   
19.56  20.97  20.46  20.50  21.26  21.48  20.88  21.16  20.86  21.75  21.58  21.53  21.04  21.15  20.38  21.66   
19.59  20.11  20.53  21.05  19.21  22.26  21.87  22.09  21.71  21.92  21.45  22.04  21.41  21.39  21.60  21.85   
19.76  21.21  20.50  21.36  20.29  22.09  21.19  22.09  22.28  22.06  21.83  21.62  21.84  21.16  21.74  23.06   


0
20.65  20.01  20.17  21.28  20.38  21.62  20.28  21.63  21.58  20.58  20.99  21.16  20.65  19.81  21.32  21.87   
20.41  20.35  20.12  21.21  21.39  22.02  21.32  20.88  21.51  21.67  21.29  21.45  20.83  20.67  20.55  21.53   
20.90  20.39  20.80  21.64  20.37  21.66  21.58  22.02  22.15  21.73  21.79  22.07  21.43  21.54  21.48  20.96   
20.68  20.96  21.18  21.26  20.45  21.66  21.77  21.67  21.85  22.31  21.85  21.52  21.60  21.47  22.09  22.19   


0
20.64  20.28  20.16  20.65  20.37  20.91  20.27  20.94  21.01  20.34  20.75  20.57  20.16  20.06  21.17  22.17   
19.98  20.85  19.99  20.16  20.84  21.49  21.30  21.48  21.08  21.66  21.17  21.00  20.23  21.41  21.09  21.06   
20.60  20.12  20.31  21.18  19.71  22.28  21.46  21.90  21.72  21.50  21.46  21.73  21.30  21.53  21.89  21.25   
20.22  20.54  21.68  21.37  20.16  21.76  21.76  21.65  22.06  22.42  21.72  21.75  21.59  22.32  21.43  21.63   


0
21.10  19.85  20.69  20.90  20.72  21.14  21.06  21.51  21.01  21.01  21.20  21.15  20.28  20.72  20.60  21.22   
20.26  19.95  19.75  20.51  21.27  21.70  21.91  21.17  20.87  21.76  21.38  21.33  21.16  21.54  21.09  20.59   
20.03  21.14  20.18  20.61  19.87  21.85  21.67  21.60  21.72  22.14  21.25  21.07  21.77  21.90  21.75  20.64   
19.92  20.54  20.91  21.00  21.68  21.53  22.31  22.21  21.95  22.19  21.36  21.99  21.46  22.18  21.76  21.99   


0
20.36  20.02  20.45  20.31  20.51  20.70  20.75  21.19  20.92  21.15  21.67  20.71  20.67  20.61  20.77  21.56   
20.15  20.24  20.38  21.00  21.41  22.04  21.33  21.20  21.63  21.89  21.94  22.01  20.84  21.06  20.84  22.00   
20.77  20.41  21.17  21.09  20.38  21.88  21.90  21.52  21.74  21.85  21.70  21.64  21.68  22.05  22.19  21.89   
20.25  20.56  21.45  21.28  20.74  21.90  21.90  21.90  21.97  22.56  21.98  21.04  22.14  21.49  22.42  22.56   


0
20.68  20.03  20.73  20.69  21.12  21.18  20.99  21.09  21.27  20.72  20.79  21.31  20.56  20.75  21.21  20.93   
20.16  20.89  20.39  21.12  20.99  21.84  21.44  21.01  21.43  21.59  21.53  21.80  20.97  20.95  20.30  21.56   
20.78  20.42  19.98  20.65  19.58  22.21  21.92  22.24  21.24  22.07  21.50  21.55  21.93  21.94  22.20  21.14   
20.86  20.71  21.72  21.29  20.76  21.45  22.02  22.25  21.76  22.45  21.64  21.79  21.89  21.93  21.63  22.39   


0
20.97  20.45  20.18  20.56  20.27  21.40  20.41  21.53  21.03  21.04  20.78  21.18  20.67  21.00  20.35  22.20   
19.87  20.88  19.90  21.00  21.30  21.62  21.23  21.30  21.00  21.89  21.73  21.36  21.42  20.94  20.98  21.08   
21.06  20.41  20.81  21.09  19.90  21.88  21.90  21.62  21.95  21.95  21.80  21.42  21.33  21.68  21.36  21.89   
20.85  20.84  21.71  21.40  20.88  21.67  21.78  22.12  21.97  21.63  21.51  21.90  21.48  21.63  21.78  21.48   


0
20.38  20.48  19.94  21.08  20.78  21.54  21.23  20.99  20.72  20.95  21.25  21.32  20.93  20.77  20.66  22.06   
20.31  20.78  20.64  20.91  21.65  21.75  20.64  21.22  21.24  21.50  20.89  21.49  21.45  20.46  21.28  21.88   
20.94  20.18  20.60  21.11  19.60  22.12  21.72  21.85  21.35  22.19  22.04  21.78  21.82  21.33  20.97  21.91   
20.72  20.86  21.99  22.52  20.21  21.58  22.25  21.81  22.23  22.24  21.53  21.92  21.51  22.23  21.64  21.87   


0
21.42  20.87  20.97  20.42  21.21  21.51  20.96  21.74  21.24  21.14  20.54  21.05  19.93  20.99  21.46  22.02   
20.13  19.96  20.24  21.10  21.50  21.08  21.72  21.39  21.20  21.77  21.71  21.23  21.29  21.43  21.24  21.99   
21.33  20.65  20.20  20.96  20.37  21.66  22.00  22.12  21.94  22.05  21.79  21.63  21.79  21.41  21.76  22.17   
19.94  21.23  21.05  21.75  20.87  22.00  21.99  21.78  22.08  21.85  21.38  21.28  21.60  21.62  22.73  22.90   


0
21.11  20.72  20.30  20.91  20.86  21.85  21.07  21.74  21.24  20.58  21.21  21.16  20.17  20.33  21.18  20.91   
20.41  20.86  20.36  20.87  21.18  21.61  20.91  21.08  20.89  21.05  21.18  20.91  21.41  21.43  19.99  21.38   
20.19  19.88  20.68  21.07  19.72  21.87  21.47  22.02  21.63  21.62  22.10  22.07  22.14  21.29  21.90  22.02   
19.94  20.41  21.05  21.14  21.28  21.77  21.44  22.00  21.96  23.00  21.73  21.15  20.94  21.76  21.45  21.65   


0
20.81  20.15  20.30  20.67  20.62  21.04  20.96  21.74  21.13  20.91  21.55  21.05  20.89  20.33  20.90  22.50   
20.00  20.86  20.36  20.64  21.29  21.61  21.11  21.08  21.20  21.98  21.61  21.34  20.83  21.30  20.83  21.68   
20.47  19.88  20.44  20.85  20.53  21.76  21.79  22.22  21.94  21.94  21.47  21.63  21.55  21.16  21.07  22.17   
19.64  20.55  20.79  21.39  20.87  22.00  21.32  21.44  22.31  22.66  21.62  21.64  21.47  22.48  22.09  22.01   


0
21.43  20.02  21.11  20.68  20.75  21.98  21.09  21.42  21.14  21.04  20.44  21.18  21.39  20.74  21.05  20.92   
19.73  21.26  20.50  21.00  21.51  22.14  21.12  20.99  20.69  22.09  21.19  21.79  20.84  20.81  20.98  21.39   
20.63  20.66  20.33  21.43  19.73  21.88  21.69  21.83  21.85  22.17  21.59  21.53  21.91  21.80  21.08  21.89   
20.55  20.97  21.19  21.52  20.74  22.01  21.45  22.23  22.09  22.10  22.10  21.53  21.48  21.63  21.94  21.84   

