Start of this file: 15:03:42 02/03/2017

0
21.43  20.02  20.45  20.80  20.27  21.05  20.75  20.97  21.14  21.37  20.78  20.71  20.30  19.82  20.63  20.92   
20.01  19.98  20.14  21.00  21.08  21.52  20.92  20.99  21.11  21.78  21.19  21.25  20.73  20.94  20.56  21.85   
20.49  19.64  20.93  20.97  20.06  21.99  21.59  22.23  21.22  22.27  21.80  21.42  21.56  20.92  22.32  22.04   
19.65  21.38  20.93  21.28  20.47  21.44  21.90  21.57  22.09  22.21  21.63  22.26  21.48  21.77  21.62  22.02   


0
21.00  20.33  20.87  20.34  20.54  21.31  21.11  21.33  21.28  20.95  21.25  20.85  20.33  20.50  21.08  21.59   
20.31  20.65  20.40  21.25  21.54  21.54  21.46  20.92  20.82  21.81  21.43  21.38  21.33  21.09  21.56  21.88   
20.23  19.79  20.48  21.45  19.43  22.22  21.61  22.36  21.77  22.19  21.72  21.34  21.59  21.95  21.94  22.36   
20.72  20.45  21.35  21.06  20.91  21.81  21.81  21.81  22.00  22.12  21.77  21.44  22.03  22.37  22.29  23.12   


0
20.65  19.57  19.64  20.54  20.74  21.04  20.96  21.86  21.13  20.91  20.88  20.81  20.41  20.47  20.62  21.23   
20.13  19.58  20.24  20.64  21.39  21.29  21.01  20.88  21.30  21.36  21.39  21.45  21.18  20.80  21.38  21.68   
20.62  20.39  20.20  20.40  19.23  22.29  22.00  21.61  21.52  21.73  21.16  21.41  21.43  22.16  21.48  21.11   
20.24  20.55  21.31  21.14  20.04  21.54  20.88  21.67  21.27  21.74  21.62  21.52  21.60  21.62  22.57  23.26   


0
20.36  20.31  20.18  20.43  20.39  21.17  20.18  21.65  20.70  20.37  20.78  20.83  20.42  20.61  20.91  21.24   
19.87  20.24  19.90  21.23  20.87  21.52  20.92  20.79  21.21  21.37  21.73  21.14  21.19  21.06  21.26  21.54   
20.06  19.51  20.69  20.86  20.06  21.46  21.48  22.43  21.54  21.85  21.70  21.21  21.91  21.68  21.50  22.04   
20.70  20.43  21.45  21.28  20.74  21.55  21.56  21.57  21.74  22.56  21.75  22.02  21.22  21.49  20.81  21.84   


0
20.52  20.32  20.06  20.45  20.88  21.53  21.33  21.09  21.16  20.60  21.24  21.07  20.07  20.36  21.21  21.25   
20.30  20.89  20.03  20.20  20.99  21.63  20.93  20.60  21.33  21.80  21.53  21.48  20.97  21.33  20.85  21.71   
20.21  20.67  20.58  20.42  19.42  21.57  21.71  21.94  21.44  22.07  21.29  21.22  21.81  21.69  21.65  22.05   
20.26  20.85  21.72  21.78  20.62  21.91  21.46  22.25  21.87  22.45  21.64  21.18  22.15  21.35  20.99  21.85   


0
21.15  20.33  20.21  20.46  20.89  20.96  20.43  21.22  21.06  20.84  20.80  21.55  20.45  20.64  21.36  21.59   
19.62  20.13  19.80  20.91  21.22  20.91  20.53  21.12  20.71  21.71  21.75  21.81  21.33  21.09  21.14  22.18   
19.94  19.66  20.84  21.11  19.43  21.48  21.72  22.06  21.56  22.30  22.24  22.21  21.47  21.70  21.94  21.30   
20.28  20.04  20.96  21.30  20.63  21.58  21.59  21.48  22.34  22.24  21.42  22.16  21.90  21.94  21.16  22.05   


0
20.99  20.32  20.20  20.57  19.93  21.30  20.76  21.32  21.04  21.16  20.90  20.96  20.44  20.49  21.07  21.25   
20.30  20.12  20.15  20.78  20.88  21.53  21.24  21.21  20.91  21.80  21.53  21.48  20.50  21.45  20.99  21.40   
20.21  20.42  20.58  21.10  19.09  21.68  21.39  22.65  22.07  21.86  21.29  22.20  21.34  22.56  22.06  21.75   
19.66  20.03  21.07  21.53  21.58  21.91  21.80  21.80  22.10  21.99  22.35  22.03  21.37  22.07  21.63  23.28   


0
20.65  20.01  19.90  20.79  20.50  21.16  21.53  21.74  20.68  20.91  21.32  21.05  19.80  20.20  20.48  21.23   
20.54  19.96  20.24  20.98  20.96  21.40  21.11  21.29  21.10  21.77  21.61  21.02  21.18  21.18  20.69  21.84   
20.19  20.26  21.04  20.51  20.37  21.76  21.68  21.71  21.32  21.94  21.68  21.52  21.90  21.54  21.21  20.81   
20.53  20.55  21.31  21.39  20.04  21.43  21.99  21.89  22.42  21.85  21.73  21.64  21.73  21.90  21.45  22.72   


0
20.23  20.19  20.48  20.95  20.42  21.66  20.09  21.45  21.06  21.40  21.25  20.97  19.97  20.64  20.51  21.43   
20.04  20.90  20.28  20.68  21.11  21.85  20.95  21.53  21.24  22.01  21.54  21.05  21.33  21.21  21.28  20.95   
20.51  19.66  20.36  21.00  19.92  21.69  21.93  21.34  21.77  21.45  21.62  21.34  21.59  21.20  21.52  21.61   
19.68  21.14  21.35  21.42  21.04  21.69  21.14  21.70  21.42  22.35  21.77  21.80  21.64  22.23  21.32  22.58   


0
20.68  19.74  20.33  20.08  20.64  20.60  20.99  21.09  21.04  21.05  21.01  20.84  20.68  20.89  20.79  20.77   
19.61  19.73  20.51  20.89  20.88  22.15  21.44  21.21  21.02  21.59  20.99  21.58  21.09  20.95  20.16  21.10   
19.21  20.42  20.22  20.65  19.91  22.10  21.71  22.04  21.34  21.33  21.81  21.44  21.81  21.94  22.47  20.83   
19.96  19.75  21.20  21.29  20.89  21.80  21.80  21.47  21.87  22.22  21.64  21.30  22.41  21.35  20.99  20.95   


0
20.84  20.62  20.74  20.95  20.42  20.85  20.55  21.78  21.06  21.29  21.03  21.43  20.93  20.77  20.94  21.91   
19.35  20.52  20.04  21.25  21.43  21.44  21.15  21.12  20.82  21.81  21.54  21.27  21.33  21.84  21.14  22.18   
20.51  20.18  20.48  21.23  20.09  21.48  21.82  22.26  21.56  22.08  22.24  21.56  21.71  21.58  22.07  21.91   
20.13  21.14  21.48  21.18  20.77  21.58  21.81  21.26  21.65  22.24  22.13  22.16  21.38  22.09  22.29  22.40   


0
20.52  19.89  20.73  20.32  20.76  21.07  20.53  21.43  20.71  21.05  20.34  21.19  20.07  19.97  20.79  21.89   
20.02  20.63  20.27  20.66  21.42  21.63  21.14  21.31  20.81  22.10  21.31  21.48  20.85  21.20  20.71  21.86   
20.21  20.04  20.22  20.87  19.42  21.36  21.92  22.45  21.76  21.75  21.81  21.98  21.81  21.06  22.06  21.44   
19.96  20.30  21.85  21.41  21.03  21.80  21.68  21.58  21.87  22.34  21.40  21.54  21.50  21.64  21.79  22.21   


0
21.29  20.75  20.99  21.67  20.76  21.07  20.76  21.32  21.27  20.60  20.56  21.07  20.56  20.36  20.79  21.73   
19.61  20.76  20.27  20.89  20.88  21.21  21.44  21.11  21.12  21.90  21.63  21.69  20.74  21.20  20.30  21.40   
20.50  19.39  19.98  21.21  19.09  21.89  21.92  22.04  21.65  21.97  21.39  21.22  21.81  21.44  20.67  21.44   
20.26  19.89  20.94  21.29  20.62  21.45  21.57  21.47  21.76  21.99  21.76  21.54  21.50  21.93  21.63  22.39   


0
20.65  20.29  20.44  20.42  20.38  21.51  20.51  21.52  21.69  20.58  21.10  20.81  20.65  20.20  20.90  22.50   
19.86  20.22  20.00  20.52  20.96  21.50  21.42  21.19  21.41  21.98  21.71  21.45  20.71  20.67  20.55  21.38   
20.19  20.01  20.80  20.62  19.72  21.87  22.10  21.81  22.35  22.05  21.58  21.30  21.55  20.78  20.79  20.96   
19.94  20.82  20.92  21.51  20.31  21.66  21.99  21.55  22.08  22.08  21.50  21.28  21.47  22.33  21.77  22.01   


0
20.55  19.77  20.75  20.84  20.43  22.02  20.79  21.68  21.07  20.74  21.38  21.10  20.34  20.78  20.95  21.12   
20.19  20.66  20.30  20.69  21.23  21.45  21.67  21.44  20.83  22.03  21.44  21.39  21.00  21.48  21.30  21.58   
20.81  20.19  20.85  20.45  19.94  22.23  21.84  22.17  21.68  21.88  22.15  21.79  21.84  21.59  21.81  22.53   
20.14  20.74  21.36  21.31  21.06  21.82  21.60  21.60  22.01  22.82  21.79  21.81  22.05  22.10  21.98  22.95   


0
21.13  20.31  21.24  20.31  20.15  21.17  20.86  21.65  21.03  20.48  20.66  20.59  21.39  20.08  20.35  20.76   
19.73  20.24  20.02  20.77  20.87  21.62  21.33  20.89  20.69  21.58  20.87  21.57  21.31  21.44  20.84  21.70   
20.91  20.28  19.97  20.86  19.73  22.09  21.17  21.73  21.43  21.74  21.49  21.42  21.80  21.93  21.36  21.13   
19.95  20.56  21.71  21.15  20.47  21.90  21.22  21.90  21.97  22.33  20.79  21.29  21.22  21.63  21.46  21.30   


0
20.99  20.46  20.33  20.57  20.52  21.76  20.76  20.98  20.82  20.27  21.13  21.07  19.59  19.83  20.93  21.41   
19.88  20.63  20.15  21.12  20.77  21.74  21.03  21.01  21.12  22.10  21.42  21.58  20.85  21.45  21.13  21.71   
20.36  20.29  21.18  21.21  20.07  21.79  22.34  21.84  21.55  21.54  21.50  20.67  21.34  21.81  21.51  21.90   
20.56  21.39  21.20  21.29  21.31  21.11  21.80  22.14  21.99  22.22  21.64  21.67  21.50  21.79  21.95  22.21   


0
20.84  21.05  20.21  19.96  20.54  20.96  20.77  21.33  21.17  20.73  21.25  21.09  20.81  20.50  21.08  20.95   
20.04  20.78  20.16  20.79  21.11  21.23  21.05  21.02  21.34  21.19  21.54  20.94  21.10  20.71  21.42  21.11   
20.51  20.30  20.60  21.23  19.92  21.27  22.45  22.16  21.25  21.45  21.62  22.00  21.94  21.45  21.66  21.61   
19.53  20.45  21.35  21.42  20.91  21.81  21.59  21.26  21.77  22.47  21.42  21.56  21.51  22.23  21.64  21.87   


0
20.99  20.75  20.86  20.57  20.17  21.30  21.21  21.55  21.60  20.94  20.90  21.42  20.80  20.62  21.07  21.25   
20.43  20.89  20.03  20.89  21.42  21.11  20.73  21.52  21.43  22.21  21.63  21.80  21.66  21.70  21.13  21.71   
20.78  20.42  21.06  20.99  19.75  21.68  21.81  22.45  21.55  22.92  21.81  21.33  21.58  21.31  21.09  21.59   
20.86  20.44  21.33  21.41  20.89  21.57  21.57  21.47  21.99  21.99  22.12  21.91  21.63  22.22  21.79  22.03   


0
20.83  20.18  20.59  20.57  20.76  21.07  20.87  20.75  21.49  21.05  21.46  21.19  20.44  20.23  20.50  21.41   
19.47  21.02  20.75  20.66  21.10  21.53  21.75  20.90  21.02  21.80  21.20  21.69  22.01  21.20  21.55  20.94   
19.93  20.42  21.30  21.55  19.42  21.57  21.81  21.94  21.86  21.86  21.50  21.44  22.28  22.31  21.51  21.75   
19.36  21.12  21.33  20.92  20.34  21.80  21.91  22.14  21.52  21.99  22.12  22.15  21.37  23.07  21.79  21.67   


0
22.07  20.05  21.00  20.58  20.66  21.43  20.21  21.33  21.06  20.51  21.47  20.85  20.69  20.24  20.80  22.38   
20.72  20.52  20.16  21.14  21.00  21.75  21.15  21.12  20.71  21.50  21.11  21.92  21.10  20.71  21.56  21.42   
19.94  19.92  20.72  20.77  19.76  22.33  21.61  21.95  21.77  21.98  21.72  22.00  21.59  21.95  21.80  22.21   
20.13  20.73  21.60  21.42  20.35  21.69  21.81  21.48  22.34  22.58  22.01  21.80  21.64  21.51  22.45  22.05   


0
21.76  20.62  20.87  21.32  20.89  21.54  20.55  22.01  21.50  21.18  21.36  21.32  21.05  20.77  22.34  22.38   
20.58  20.39  19.68  20.91  21.43  21.44  21.46  21.02  21.34  21.81  21.32  21.38  20.98  21.59  21.14  21.26   
20.80  20.18  20.84  21.34  20.09  21.80  21.93  22.46  21.77  21.55  22.14  21.23  21.71  21.95  21.52  22.06   
19.68  20.73  21.73  21.42  20.91  21.46  21.81  21.81  22.11  22.01  21.89  21.68  21.77  21.94  23.40  21.69   


0
21.43  19.73  20.85  21.05  20.75  21.29  20.75  21.42  21.03  20.70  20.55  21.06  20.30  20.61  21.76  21.88   
20.15  20.49  20.62  21.11  21.41  21.41  22.04  21.20  21.53  21.78  21.41  21.79  20.96  21.19  21.26  21.54   
20.77  19.89  20.57  20.64  19.41  21.67  22.01  21.73  21.95  21.74  21.59  21.53  21.91  22.05  21.22  21.43   
19.50  20.56  21.58  21.40  21.16  21.90  21.90  21.45  22.20  21.75  21.75  21.53  21.35  22.06  21.94  22.74   


0
21.00  20.05  21.00  20.09  20.30  21.66  20.66  21.33  21.50  20.95  21.70  20.97  20.69  20.90  20.80  22.22   
20.31  19.75  20.40  20.91  21.65  21.96  21.56  21.33  21.34  22.22  21.54  21.27  21.68  21.71  21.70  22.03   
20.51  20.30  20.60  21.56  20.41  22.01  22.03  22.26  21.67  21.77  21.93  21.78  22.17  22.82  21.80  22.21   
20.43  20.32  21.22  21.30  21.32  21.92  22.14  21.37  22.11  22.12  22.13  21.80  22.03  22.51  22.13  22.76   


0
21.29  20.46  20.59  21.19  20.29  21.53  20.31  21.55  21.49  21.16  21.57  20.96  19.71  20.75  20.64  21.57   
20.02  21.02  20.39  20.78  21.31  21.63  21.03  21.11  21.54  21.90  21.63  21.91  21.78  21.08  20.99  21.56   
20.21  19.78  20.46  20.99  19.91  21.79  22.02  22.04  21.86  22.18  21.50  21.66  21.34  22.06  21.37  21.90   
20.26  20.71  21.20  21.66  21.03  21.80  21.46  22.58  22.22  21.99  21.40  21.54  22.02  21.93  21.79  21.67   


0
21.15  19.90  20.08  20.46  20.66  21.08  21.23  21.67  20.95  20.51  21.14  21.32  19.84  20.50  20.51  21.11   
20.45  20.13  20.04  20.91  21.32  21.65  21.25  21.63  21.03  21.81  21.22  21.27  20.98  21.21  21.56  22.03   
20.51  20.43  20.60  21.56  19.92  21.90  21.93  21.95  21.67  21.55  21.62  21.45  21.82  21.83  22.07  21.30   
20.28  21.41  20.96  21.42  20.49  21.58  21.92  21.59  22.00  22.12  22.01  22.04  21.77  21.80  21.16  21.87   


0
21.00  20.33  20.61  20.71  20.18  21.43  21.00  21.45  20.72  20.39  20.80  20.97  19.72  20.11  20.94  21.11   
20.99  20.90  20.64  20.79  21.22  21.85  21.35  21.94  20.61  21.91  21.54  21.71  21.10  21.71  21.14  21.11   
20.51  20.18  20.24  21.00  20.89  22.01  21.40  22.46  21.56  22.40  20.88  21.01  21.71  21.95  21.66  22.21   
20.57  20.59  20.96  21.91  20.63  21.81  22.03  22.04  21.77  22.12  22.13  22.16  21.38  22.09  22.13  22.58   


0
20.97  20.16  20.45  21.30  20.51  21.29  20.75  21.31  21.37  20.93  20.44  21.41  19.82  21.39  21.05  21.56   
20.56  20.62  20.50  20.77  20.87  21.72  21.12  21.51  21.11  21.68  21.62  21.79  21.77  21.06  21.26  21.39   
19.92  20.41  20.81  21.31  20.38  21.67  21.90  22.43  21.43  22.06  21.59  21.31  21.80  22.55  21.91  22.19   
20.25  21.38  21.06  21.64  24.01  21.78  21.90  21.79  21.86  22.56  22.81  22.14  21.62  21.77  22.42  22.74   


0
20.52  20.32  20.86  21.80  20.41  21.07  20.87  21.09  21.27  21.05  20.68  21.31  20.07  20.49  20.93  21.41   
19.75  20.63  20.03  22.84  23.76  21.63  21.44  21.72  20.49  22.21  21.31  21.48  21.43  20.95  21.55  22.02   
20.21  20.04  20.34  22.56  25.75  21.89  22.13  21.94  22.38  21.86  22.34  21.33  22.04  21.69  21.37  21.44   
20.41  20.85  21.72  22.39  24.42  22.37  22.02  21.69  22.10  22.34  22.23  21.54  21.50  22.50  22.43  21.49   


0
20.97  20.45  21.37  25.38  22.98  21.29  20.75  20.97  21.14  20.37  20.78  21.18  20.42  20.74  21.05  20.92   
19.73  20.49  20.02  22.03  23.22  21.52  21.53  21.30  21.94  21.58  21.51  21.68  21.07  21.44  21.40  21.24   
20.91  20.53  20.69  22.54  21.99  21.88  21.48  22.23  22.67  22.38  22.01  22.08  21.91  21.17  21.91  21.13   
20.55  20.70  21.32  23.82  22.80  21.44  21.78  21.57  22.20  22.44  23.51  23.46  22.27  21.63  22.26  20.93   


0
20.69  20.48  21.27  24.10  23.47  20.85  20.89  21.78  21.95  22.50  20.80  20.85  19.60  21.16  20.37  21.43   
20.17  20.39  20.40  22.06  22.18  21.44  21.35  21.53  21.66  25.24  23.13  21.60  20.87  21.34  20.87  22.03   
20.51  20.56  20.84  23.56  21.70  21.80  22.14  21.85  23.11  23.66  26.13  21.89  21.71  21.70  21.66  21.76   
20.57  20.86  22.12  25.16  22.00  22.04  22.59  22.48  23.37  22.12  24.35  22.77  21.77  21.37  22.13  21.69   


0
20.82  20.45  20.45  24.19  22.16  21.64  20.75  25.29  24.54  24.43  24.42  22.90  21.03  21.13  21.62  21.72   
20.42  20.75  20.50  22.83  22.05  21.93  21.53  25.31  26.01  25.61  25.61  25.19  21.54  21.31  21.95  22.00   
20.49  21.17  20.57  23.98  20.71  22.83  23.67  26.30  25.81  26.01  26.90  25.39  21.91  22.30  21.08  21.89   
20.40  20.56  21.71  23.82  23.20  24.61  24.53  25.19  25.93  26.27  26.05  24.53  22.79  21.92  21.78  22.02   


0
22.06  20.75  21.39  23.01  22.88  23.71  24.86  25.52  25.95  25.83  26.79  25.06  20.19  21.15  21.07  20.61   
20.57  21.02  20.75  23.85  25.63  25.63  24.55  24.54  25.52  26.11  26.54  24.15  21.55  20.70  21.68  22.32   
21.07  20.42  20.94  23.11  25.75  26.23  25.83  25.53  24.82  25.92  23.99  22.31  22.28  21.94  22.34  21.59   
19.96  21.39  21.59  22.39  22.81  25.07  24.22  23.90  23.81  23.59  22.59  21.42  21.63  21.93  22.27  22.93   


0
20.37  20.03  22.04  24.68  25.40  25.74  24.54  24.87  25.95  24.98  24.11  22.46  20.19  20.36  20.07  20.93   
20.43  20.38  20.63  22.27  24.80  25.53  24.65  24.14  24.11  23.52  22.27  21.58  21.43  20.57  20.85  21.10   
20.64  20.55  20.82  21.77  21.20  23.15  22.96  23.25  23.60  23.13  21.18  21.44  21.93  22.06  21.09  21.59   
19.51  20.71  21.72  21.66  20.76  21.57  22.24  21.80  22.68  22.57  22.12  22.03  21.50  21.50  21.95  21.85   


0
21.32  20.06  20.62  21.33  22.20  24.08  23.14  23.80  23.17  21.30  21.38  20.87  20.46  20.52  20.81  21.28   
20.05  20.92  20.77  21.27  21.77  21.34  21.47  22.15  23.22  22.33  21.77  21.18  21.34  21.35  20.74  22.04   
20.81  20.19  20.13  20.79  20.42  22.02  21.84  21.97  22.20  21.99  21.94  21.46  22.30  21.96  21.81  21.62   
20.29  21.42  20.84  21.68  20.78  22.28  21.93  21.72  22.24  22.48  21.90  21.57  21.78  21.95  22.14  22.06   


0
20.34  19.72  20.70  21.04  20.26  21.97  20.74  21.52  21.80  20.69  20.88  21.74  19.20  20.47  20.90  21.07   
20.54  20.86  19.76  21.21  21.39  21.29  20.80  20.88  20.99  21.46  21.61  21.23  20.48  20.17  20.97  21.53   
20.19  20.01  20.68  20.74  18.90  21.66  21.47  22.02  21.73  21.94  21.58  22.07  21.43  21.29  21.48  21.27   
20.09  20.96  21.44  21.63  20.73  21.54  21.55  21.89  22.65  22.08  22.33  21.52  21.47  21.76  20.96  21.83   


0
21.13  20.31  20.18  20.43  20.39  20.70  20.29  21.53  21.14  20.82  21.11  21.29  20.18  20.61  21.05  21.56   
19.60  20.11  20.14  20.30  21.30  21.31  21.12  21.20  21.11  21.68  21.73  21.36  21.19  21.06  20.42  22.16   
20.20  20.41  19.73  20.86  19.90  21.88  21.80  22.33  21.54  21.74  21.80  21.31  22.38  21.93  22.19  21.58   
20.10  20.43  21.06  21.40  21.02  22.01  21.78  21.68  22.20  22.33  21.75  22.26  21.75  21.92  22.74  22.20   


0
20.83  20.03  20.33  19.70  20.05  21.42  20.31  21.66  20.71  20.38  21.13  21.31  19.34  20.36  20.93  21.10   
20.02  20.38  20.15  21.01  21.20  21.11  21.03  21.01  20.70  21.59  21.20  21.15  20.50  21.08  21.27  21.86   
20.07  19.78  20.70  20.53  20.23  22.10  21.60  22.24  21.44  21.75  21.60  21.33  21.58  22.06  21.51  22.35   
19.81  20.58  21.20  21.04  20.34  21.57  21.13  22.14  22.45  21.76  22.35  21.30  21.89  22.50  21.79  21.49   


0
21.13  20.16  20.45  20.43  20.15  21.64  20.64  21.42  20.81  20.59  21.22  21.18  20.42  20.22  20.91  21.72   
20.15  21.01  20.26  20.88  21.62  21.62  21.43  21.20  21.42  21.89  20.76  21.46  21.42  21.31  21.12  22.16   
20.34  20.41  20.69  21.09  19.57  21.88  22.95  22.03  21.95  21.85  21.80  21.53  21.56  22.55  21.36  21.43   
19.95  21.25  21.19  20.91  20.88  21.78  22.45  22.46  22.09  22.78  21.75  22.02  21.09  22.35  21.62  21.48   


0
21.15  20.33  20.48  20.34  21.37  20.85  20.66  21.45  20.95  21.18  21.36  21.20  19.84  20.50  20.51  21.43   
20.04  20.78  19.56  20.44  21.43  21.96  21.86  21.43  21.34  21.71  21.86  21.49  20.87  21.46  21.01  21.57   
20.51  20.18  20.36  21.23  20.09  22.12  23.18  23.46  21.98  23.66  22.45  21.45  22.06  21.83  22.21  21.91   
19.53  20.73  21.09  21.55  20.91  22.38  23.14  23.91  22.57  26.18  23.54  21.80  21.25  21.94  22.61  20.96   


0
21.90  21.32  20.86  20.82  21.71  21.76  23.00  23.00  23.47  22.60  21.80  21.54  20.32  20.75  21.35  22.05   
20.43  20.63  20.99  22.27  22.38  23.80  24.16  23.34  24.72  24.63  23.01  21.26  21.55  21.70  21.55  22.32   
20.64  20.80  22.02  23.11  22.48  23.98  25.43  25.33  24.52  24.79  25.71  23.92  22.74  21.69  22.20  22.50   
20.56  20.71  22.36  23.96  22.81  24.18  25.62  24.33  25.16  24.38  25.61  24.78  23.06  22.36  21.79  22.39   


0
21.15  21.05  22.83  24.34  23.00  24.29  24.44  23.79  24.03  24.35  24.88  23.84  20.21  21.03  21.22  22.22   
20.45  20.90  21.95  23.75  23.45  23.20  23.47  23.15  23.31  24.94  24.49  24.59  22.37  21.71  21.56  21.26   
20.94  20.18  22.03  23.01  21.70  22.75  24.62  22.96  23.52  23.87  23.18  23.19  21.82  22.08  21.66  21.91   
19.68  20.73  21.73  22.52  21.59  21.92  22.14  22.59  23.14  23.27  22.13  22.16  22.29  22.23  21.97  21.32   


0
21.29  21.46  20.73  22.65  22.29  22.69  23.55  22.66  22.27  22.16  21.80  21.77  20.80  20.75  20.36  21.10   
20.57  20.89  20.39  21.24  21.74  22.67  24.26  22.84  21.64  21.59  21.95  21.80  21.09  21.33  20.71  21.71   
20.21  20.93  20.22  21.89  20.07  22.10  23.07  22.85  21.86  22.39  21.92  21.76  21.34  21.94  23.02  21.44   
20.56  20.44  21.98  21.66  21.31  22.37  22.35  22.47  22.68  22.11  21.76  22.15  21.37  21.79  21.95  22.57   


0
20.99  21.04  20.33  20.69  20.76  22.11  22.00  21.43  21.93  21.16  21.13  21.54  19.95  20.62  20.22  21.89   
19.33  20.76  20.75  21.35  21.31  21.84  21.95  21.42  21.43  21.59  20.77  21.69  21.32  21.58  20.30  21.71   
21.21  20.42  20.82  21.55  20.72  21.57  22.13  21.94  22.07  22.28  21.60  21.44  21.81  22.31  21.51  21.44   
19.81  21.12  20.55  22.39  20.34  21.91  21.91  21.80  21.99  21.65  21.88  21.54  21.37  21.93  22.11  22.39   


0
21.43  20.74  20.05  20.68  20.87  21.40  20.41  21.31  20.58  21.37  21.22  21.76  20.42  21.00  21.62  22.35   
19.87  20.36  20.26  21.11  21.41  21.83  21.43  21.51  21.21  21.68  21.30  21.57  21.42  21.81  21.40  22.31   
20.20  20.02  20.93  20.86  20.22  22.30  21.80  22.43  21.64  22.06  21.49  21.53  21.56  21.55  21.22  21.73   
20.55  20.97  21.06  21.40  21.57  21.44  21.67  22.46  22.78  22.21  21.63  21.90  21.75  22.20  21.14  22.02   


0
21.61  20.19  21.14  20.21  20.54  21.43  20.66  21.67  21.39  20.62  20.91  21.20  20.21  20.77  21.22  21.75   
19.90  20.39  20.04  20.79  21.22  21.75  21.46  21.94  21.34  22.32  21.43  21.38  21.22  21.34  21.01  20.95   
20.51  20.30  20.96  21.00  20.09  21.38  22.14  21.85  22.08  21.87  22.04  21.67  21.94  22.20  22.07  21.76   
20.28  21.00  20.83  21.55  20.77  21.46  22.14  21.37  22.23  22.81  21.65  22.53  22.03  22.09  22.61  21.32   


0
21.13  20.31  21.11  20.31  20.51  21.40  20.97  21.76  21.26  20.59  21.45  21.29  20.42  19.82  20.91  21.08   
20.28  20.75  20.26  21.00  20.87  22.25  21.23  21.51  21.21  21.58  21.62  21.25  21.19  20.94  21.12  21.70   
20.77  20.53  20.81  20.64  19.73  22.09  22.22  22.33  21.74  22.90  21.38  20.99  21.68  21.93  21.08  22.04   
20.40  20.29  21.06  22.13  20.60  21.55  21.90  21.57  22.09  22.44  22.10  21.78  21.48  22.35  21.94  22.56   


0
20.21  20.46  20.73  21.06  21.12  21.76  20.99  22.11  20.93  20.72  21.13  21.19  20.19  20.49  20.07  20.77   
19.88  20.89  20.51  21.01  21.31  21.32  21.34  21.42  20.81  21.80  21.85  21.58  21.32  21.33  20.44  21.25   
20.64  19.91  21.18  20.65  20.07  21.79  21.71  21.64  21.86  22.07  21.60  21.87  22.16  21.81  21.23  21.59   
19.66  20.58  20.94  21.66  20.34  22.03  21.57  21.58  21.99  22.11  22.00  21.54  21.37  21.64  21.15  22.21   


0
20.52  21.18  20.86  20.32  21.00  21.42  20.42  21.55  21.60  20.72  20.68  21.19  19.95  20.10  20.93  21.73   
20.30  20.89  20.75  21.12  21.31  21.32  21.14  21.42  21.33  21.59  21.20  21.48  21.43  21.20  21.27  20.79   
20.36  20.16  20.34  20.65  19.58  22.10  21.60  22.24  21.86  22.07  21.18  21.87  22.16  21.69  20.53  21.29   
20.41  20.58  21.46  21.29  21.17  22.03  21.24  22.02  22.10  22.34  22.35  21.54  21.63  21.07  21.31  22.57   


0
20.81  21.01  20.44  20.91  20.38  21.39  21.19  21.74  21.58  20.80  20.65  21.40  20.89  20.99  21.04  21.07   
20.13  20.09  19.88  20.98  20.96  21.71  21.42  21.49  20.99  21.57  21.61  21.56  21.52  21.55  20.83  22.60   
20.90  20.14  20.32  21.53  20.53  21.76  21.89  21.81  21.83  21.94  21.89  21.30  22.60  22.16  22.17  22.48   
19.94  20.69  21.57  21.51  20.17  21.89  21.99  22.00  22.19  22.43  22.21  21.88  22.39  22.33  22.25  22.90   


0
20.37  19.60  20.59  20.45  20.29  21.42  20.76  21.66  21.16  20.72  20.90  20.96  20.07  20.23  20.79  21.89   
19.47  19.60  20.03  21.24  21.20  21.63  21.34  21.21  21.85  21.90  21.85  21.37  22.12  20.95  21.82  21.86   
20.07  19.91  21.18  21.10  18.93  22.21  22.02  22.24  21.24  22.71  22.23  21.44  21.58  21.69  21.79  21.44   
20.56  20.17  20.94  21.41  20.76  22.03  21.13  21.69  22.22  22.45  22.35  21.67  21.37  22.07  21.47  21.85   


0
22.03  20.72  20.70  20.91  20.62  21.74  20.17  21.63  21.46  20.80  21.32  20.23  20.05  20.07  20.90  20.91   
19.58  20.48  20.12  21.21  20.96  21.29  21.32  20.67  20.36  21.67  21.39  21.23  20.94  20.55  20.97  21.53   
20.76  19.75  20.92  21.07  18.90  21.23  21.79  22.52  22.15  21.52  21.89  20.97  22.02  21.91  21.76  21.57   
19.94  21.50  21.69  21.26  21.42  21.77  21.66  21.67  21.85  22.08  21.38  21.88  21.60  22.19  20.96  22.01   


0
20.86  20.20  20.75  20.47  20.31  21.79  20.22  21.46  21.07  21.08  20.93  20.75  20.82  19.86  20.67  21.44   
20.32  20.40  20.18  21.38  21.44  21.34  21.37  21.03  21.25  22.23  21.77  21.28  21.23  20.98  21.30  21.58   
20.38  20.32  20.73  20.79  20.42  22.23  21.31  22.07  21.47  21.99  21.73  20.91  21.72  21.09  21.95  21.32   
21.03  21.29  21.23  21.19  20.92  22.05  22.16  21.49  22.01  22.13  22.14  21.81  22.05  22.67  21.66  22.42   


0
21.29  21.04  20.73  21.06  20.76  21.18  20.99  21.66  21.16  20.27  21.13  21.31  19.95  20.23  20.79  20.93   
20.02  20.51  20.03  20.78  21.42  21.74  21.44  21.72  21.75  22.10  21.63  21.26  21.66  21.08  20.71  21.71   
21.07  19.91  20.58  20.99  19.42  22.00  22.34  22.14  21.76  21.86  21.92  21.22  21.58  21.81  21.51  21.75   
21.16  20.99  21.85  22.15  21.44  22.60  21.01  21.58  22.33  22.68  21.52  22.27  21.63  22.36  22.75  22.57   


0
21.01  20.06  21.28  20.84  20.55  21.33  20.90  21.91  20.85  20.52  20.70  20.63  20.34  20.52  20.95  21.60   
20.46  20.53  20.18  20.69  21.66  21.55  21.57  21.24  20.94  21.82  21.12  21.18  21.00  21.60  20.46  21.74   
20.38  20.57  20.73  21.24  19.45  21.92  21.73  22.27  21.99  22.20  22.05  21.24  21.60  21.59  21.81  21.16   
20.44  21.01  21.23  21.56  21.33  22.05  21.49  22.27  22.24  22.02  22.26  21.45  21.39  21.81  21.50  22.42   


0
21.01  20.06  20.49  21.09  20.67  21.44  21.01  21.01  21.18  21.19  21.15  21.68  20.34  19.99  21.52  20.16   
20.05  20.79  20.06  20.22  21.23  21.76  20.75  21.44  21.04  21.72  21.55  22.04  20.65  21.35  21.02  21.12   
21.24  20.83  20.13  20.56  20.10  22.13  22.05  22.17  21.99  22.52  21.21  21.57  22.07  22.21  21.81  22.07   
21.03  20.74  21.23  21.07  21.06  22.05  21.93  21.94  22.36  21.90  21.67  22.18  22.05  22.10  21.66  21.70   


0
21.42  21.01  20.97  20.54  20.38  20.92  20.05  21.29  21.24  21.14  21.55  21.05  20.65  20.07  20.19  21.55   
20.13  20.61  20.00  20.98  21.18  21.40  21.42  21.29  20.99  21.77  21.39  21.88  21.18  21.05  21.52  22.14   
20.05  20.52  20.68  21.07  20.37  22.29  22.10  22.22  21.52  22.15  22.00  21.63  21.20  21.29  21.48  21.57   
20.98  20.55  21.57  21.39  20.59  22.00  22.10  21.33  22.08  21.97  21.85  21.52  22.39  21.90  21.77  20.56   


0
21.17  20.20  20.62  20.72  21.14  21.67  20.79  21.46  21.40  20.63  20.93  21.10  20.82  20.78  21.38  23.18   
19.50  20.27  19.94  21.03  20.91  21.66  21.47  20.93  21.25  22.03  21.55  21.50  21.57  21.10  21.02  22.19   
20.53  19.81  20.49  20.79  19.61  21.49  21.52  22.17  21.57  21.88  21.94  21.35  22.07  21.71  21.95  21.32   
19.54  20.06  21.87  22.05  20.78  22.62  21.93  21.83  22.24  22.13  22.26  22.18  22.31  21.81  22.14  22.60   


0
21.17  20.20  20.22  21.33  20.67  21.21  20.90  21.46  21.29  20.29  21.15  21.10  19.74  20.78  20.67  21.60   
19.91  20.66  19.69  21.15  21.55  21.76  21.26  21.75  21.15  21.51  20.80  21.18  21.11  21.73  21.16  22.19   
20.38  20.32  20.97  21.24  19.94  21.39  22.78  22.07  21.78  22.10  21.52  21.79  22.07  21.96  21.53  21.92   
20.74  20.74  21.23  21.44  20.78  21.94  21.93  21.16  22.01  22.02  21.79  21.57  21.39  21.67  22.78  21.88   


0
21.46  20.76  20.87  21.32  20.89  21.78  20.89  21.56  21.50  20.73  21.25  21.20  20.57  20.90  20.94  21.59   
19.90  20.52  20.04  21.02  21.86  21.75  21.35  21.22  21.24  22.01  21.54  21.27  20.63  21.46  21.28  22.18   
20.37  20.30  20.72  21.68  20.41  22.01  21.30  21.65  21.67  22.61  21.83  21.56  22.29  21.58  21.11  22.21   
21.02  20.86  21.35  20.93  21.18  21.69  21.81  21.59  22.00  22.58  21.89  21.80  21.12  22.09  22.13  22.05   


0
21.17  20.06  20.89  20.97  21.14  21.21  20.67  21.68  21.07  21.19  21.26  21.33  20.70  20.25  21.23  20.80   
20.32  20.92  20.42  20.69  21.77  22.08  21.47  21.34  21.46  21.41  21.55  21.28  21.34  21.48  21.02  21.43   
21.24  20.70  20.49  21.69  19.94  22.02  21.94  22.17  21.47  21.78  21.84  21.68  21.48  21.46  21.40  21.01   
20.44  20.74  20.58  21.19  20.09  22.05  21.82  22.05  21.55  22.71  22.14  21.08  21.65  21.67  22.14  21.88   


0
20.68  20.89  19.66  20.82  20.17  21.18  20.65  21.55  21.27  21.05  20.68  21.07  20.56  20.89  21.07  20.93   
19.75  20.25  20.63  21.47  21.42  21.95  21.75  21.82  21.43  21.49  21.42  21.26  21.55  20.70  21.27  21.86   
20.07  20.67  20.10  20.99  19.26  22.00  22.55  22.14  22.58  22.39  21.50  21.33  21.58  21.31  21.51  22.35   
20.26  20.17  21.46  21.90  21.31  21.45  21.91  21.80  22.33  21.88  22.23  22.15  22.02  22.22  21.63  22.03   


0
21.01  20.92  21.15  21.33  20.55  21.33  21.01  21.57  21.29  20.97  21.38  21.45  20.82  20.52  21.52  21.76   
20.60  21.04  20.77  21.38  21.12  21.24  21.37  20.93  20.94  22.23  21.87  21.72  21.69  21.48  21.30  21.89   
20.67  20.06  20.85  21.58  20.26  21.81  21.52  22.27  21.99  22.10  21.52  21.79  21.60  21.96  22.50  22.07   
20.74  20.88  21.23  21.31  20.64  22.05  21.71  21.94  22.59  21.79  22.14  21.57  22.44  22.24  21.98  22.42   


0
20.99  20.32  20.86  20.45  20.64  21.53  20.76  21.88  21.60  21.16  20.79  21.42  20.80  21.54  21.21  20.93   
20.02  21.27  20.75  20.78  21.63  22.26  21.85  21.52  21.02  22.31  21.63  21.37  20.97  21.08  20.85  21.25   
20.78  20.29  20.94  21.33  19.91  21.47  22.13  22.24  21.65  22.07  22.02  21.76  21.58  22.19  22.06  22.05   
21.16  20.99  21.20  21.66  20.89  21.91  22.02  21.24  21.99  22.34  22.12  21.42  21.50  22.22  21.47  21.67   


0
21.01  20.63  21.67  20.97  21.14  21.21  20.79  21.35  21.52  21.19  20.93  21.22  20.70  20.91  21.23  21.60   
20.73  20.53  20.18  21.15  21.44  21.55  21.16  21.34  21.36  21.51  21.87  21.61  21.11  20.72  21.02  21.58   
20.24  20.32  20.97  21.13  20.26  22.34  22.15  22.17  21.78  22.41  21.84  21.79  22.19  21.84  20.84  21.62   
20.44  21.01  20.97  21.56  21.06  21.94  22.49  21.94  22.36  22.13  22.61  21.93  21.91  22.10  21.66  22.06   
