Start of this file: 14:58:53 02/03/2017

0
20.75  20.09  20.76  20.22  20.41  20.95  20.42  21.09  20.82  21.16  21.12  21.08  20.57  20.79  21.54  21.34   
19.37  19.76  19.31  20.89  21.41  21.72  20.91  20.99  21.00  21.78  21.94  21.36  21.09  20.85  21.73  22.40   
20.55  19.93  20.47  20.87  20.16  21.56  22.11  21.82  21.84  22.17  21.48  21.43  21.70  21.46  21.70  21.82   
19.73  20.21  21.10  21.55  20.66  21.80  21.79  22.13  21.53  22.46  21.53  21.68  22.19  22.13  21.73  22.17   


0
20.21  20.15  20.28  20.26  20.81  21.58  20.23  20.45  21.74  20.52  21.38  20.77  20.25  20.32  20.48  21.42   
19.85  20.71  19.84  20.82  20.79  21.22  21.34  21.63  21.13  21.50  21.33  21.83  21.25  21.40  20.96  21.86   
20.33  19.85  20.40  20.80  18.45  21.91  21.51  21.64  21.46  21.99  21.41  21.68  21.75  21.51  21.35  21.89   
19.65  20.68  21.02  21.35  20.72  21.95  22.05  21.72  22.26  21.69  22.17  21.37  20.93  21.92  21.97  21.91   


0
20.82  19.57  20.28  20.01  20.34  20.88  20.80  21.24  21.30  20.75  20.71  20.89  20.13  19.79  20.33  20.94   
19.85  20.19  19.96  21.05  20.90  21.64  21.45  20.91  21.24  21.80  21.01  21.06  20.78  20.65  20.96  21.09   
20.04  19.98  20.40  20.80  19.76  21.80  21.30  21.54  21.46  21.45  21.41  21.13  21.39  20.88  21.35  21.59   
20.69  20.54  20.50  20.61  20.45  21.49  21.27  21.50  21.69  21.92  21.22  21.49  21.46  20.62  21.97  22.27   


0
20.68  19.44  20.30  20.52  20.35  21.36  21.04  21.48  20.86  21.09  20.83  20.90  21.11  20.33  20.77  20.63   
19.45  19.82  19.49  20.48  20.91  21.87  20.95  21.44  20.52  21.30  21.34  21.30  21.03  20.78  20.28  22.03   
20.77  20.63  20.77  21.15  18.63  21.71  21.73  22.26  21.16  21.68  21.42  21.26  21.17  21.77  21.08  21.61   
19.96  21.10  20.65  20.87  20.88  21.85  21.51  21.96  21.81  21.71  21.35  21.26  20.81  21.64  21.18  21.20   


0
21.17  20.91  20.85  21.29  20.73  20.92  20.61  21.39  21.67  21.34  20.97  21.27  20.41  20.22  20.23  21.30   
19.89  20.23  19.76  20.86  21.37  21.26  20.67  21.05  20.65  21.94  21.37  21.10  20.35  21.31  20.86  21.44   
20.94  20.15  20.92  20.95  19.47  21.52  21.65  22.19  21.08  21.28  21.76  21.39  21.20  21.42  20.69  20.87   
19.69  20.03  21.19  21.27  20.49  21.76  21.64  21.31  22.07  22.08  21.97  21.40  21.49  21.67  22.49  21.95   


0
21.01  19.60  20.05  20.41  21.31  20.79  20.25  21.61  20.99  20.66  21.30  21.61  20.64  20.74  21.49  21.45   
20.15  20.73  20.23  21.31  21.46  21.67  20.96  21.14  21.26  22.14  21.57  21.53  20.92  21.17  21.13  21.58   
20.36  20.13  20.42  21.27  19.46  21.30  21.64  21.77  21.48  22.22  21.85  21.82  22.12  21.91  21.79  21.62   
19.52  20.70  21.18  21.13  19.78  22.32  21.52  21.41  21.94  22.18  21.37  20.66  21.61  21.94  21.84  23.01   


0
20.08  19.74  20.18  20.91  20.48  21.49  20.60  21.38  20.65  20.44  21.52  20.68  19.79  20.74  20.93  21.13   
19.74  20.48  20.11  20.84  20.92  21.15  21.17  20.73  20.53  21.32  21.36  21.20  21.16  20.55  20.71  21.12   
20.78  20.01  20.54  21.72  19.95  22.04  21.96  21.87  21.27  21.91  22.06  21.60  21.42  21.79  21.93  20.70   
19.67  20.29  21.95  21.38  21.03  21.52  21.18  21.53  21.94  21.49  21.37  22.00  20.43  21.51  22.00  22.30   


0
20.85  19.89  19.78  20.66  20.24  20.67  20.60  21.38  21.32  20.44  20.40  21.03  20.40  20.34  21.21  20.81   
19.60  20.73  20.35  20.61  21.25  21.25  20.65  21.14  20.63  21.93  21.25  20.98  21.04  20.55  20.29  21.27   
19.64  20.26  20.18  20.94  19.46  22.04  21.64  21.87  22.00  21.69  21.85  20.83  20.95  21.54  20.82  21.16   
20.57  20.15  21.05  21.38  20.06  21.29  21.63  21.75  21.94  21.95  21.48  21.51  21.35  22.23  22.32  21.57   


0
20.39  19.74  20.58  20.41  20.24  21.37  20.71  21.15  20.65  20.55  20.96  20.79  20.04  20.21  20.79  22.24   
19.60  20.09  19.98  20.73  21.03  21.57  21.37  20.94  21.37  21.83  21.14  21.31  21.27  21.17  20.71  21.43   
19.93  20.39  20.42  20.37  20.76  21.72  21.54  21.87  22.00  21.91  21.44  21.16  21.65  21.66  21.51  21.16   
19.97  20.97  21.18  21.13  20.89  21.63  21.63  21.75  22.06  21.95  21.72  21.51  21.22  21.37  22.16  21.57   


0
20.22  20.02  19.63  20.40  20.23  21.36  20.58  21.37  21.42  20.31  20.72  21.01  20.26  20.72  20.63  21.91   
20.41  20.46  19.49  20.37  21.24  21.24  20.85  21.23  20.83  22.02  21.13  20.86  21.14  20.66  20.70  21.72   
19.63  20.38  20.29  20.58  20.75  22.13  21.73  21.76  20.95  21.89  21.53  21.26  21.52  21.90  21.36  22.36   
19.81  20.42  20.91  21.49  20.04  21.62  21.95  21.85  21.93  21.71  21.71  21.87  21.34  22.07  21.34  22.28   


0
21.47  20.61  19.91  20.66  20.60  21.49  20.25  21.49  21.21  20.44  21.07  21.61  19.43  20.61  21.21  20.49   
19.87  20.73  20.58  20.50  20.92  21.67  21.17  21.04  21.47  21.93  21.36  21.74  21.16  21.30  20.43  21.58   
20.93  20.01  20.54  21.39  19.46  21.51  21.43  21.87  21.27  21.91  21.65  21.49  21.42  21.41  21.65  20.40   
20.57  20.29  21.31  21.13  21.03  21.86  21.74  21.53  21.83  22.06  21.48  22.12  21.35  21.51  20.71  21.03   


0
20.99  19.88  20.03  20.65  20.59  20.66  20.58  21.14  21.87  20.65  21.17  20.78  20.02  20.46  20.77  21.12   
20.55  19.82  20.21  20.83  21.24  21.55  20.85  21.03  21.04  21.92  21.13  21.08  21.14  20.91  20.56  21.11   
20.06  19.87  20.05  20.81  20.10  21.92  21.94  21.96  21.26  22.21  21.00  21.48  21.52  20.90  21.36  21.15   
20.41  20.69  21.17  20.87  20.88  21.39  21.95  21.51  22.05  21.94  22.18  21.62  21.60  21.64  21.18  21.74   


0
20.50  19.85  20.54  20.37  20.80  21.80  20.90  21.34  20.84  20.40  21.26  20.64  19.39  19.78  20.18  21.25   
20.52  20.44  20.19  21.04  21.53  21.11  21.23  21.00  21.22  21.69  21.10  21.38  21.12  20.88  20.95  20.62   
20.17  19.97  20.63  21.35  20.24  21.58  21.92  21.93  21.76  21.65  21.50  21.45  21.15  21.75  21.61  21.58   
19.78  20.53  21.01  22.07  20.85  21.71  21.59  21.82  21.67  21.91  21.33  21.11  21.31  21.04  21.80  21.54   


0
20.85  20.46  20.44  21.15  20.24  21.02  20.37  20.93  20.88  21.11  20.73  21.14  20.76  20.21  20.93  21.13   
19.87  20.61  20.58  20.73  21.03  21.88  21.47  20.94  21.05  21.42  21.68  22.17  20.81  21.17  20.99  21.43   
20.36  20.13  21.14  21.39  19.95  21.51  21.75  22.07  21.69  21.91  21.54  21.60  22.00  22.16  21.65  22.97   
20.12  20.70  21.70  21.01  20.89  21.75  21.74  21.64  22.17  22.18  21.96  21.63  21.87  22.08  22.48  22.47   


0
21.03  19.63  20.34  20.56  20.51  20.81  20.39  21.41  20.90  21.24  21.21  20.94  20.91  20.24  19.82  21.15   
19.62  20.89  20.61  20.52  21.60  21.28  21.09  20.86  21.18  21.65  21.38  21.01  21.41  21.20  20.88  21.30   
20.95  20.03  20.93  21.07  20.14  21.64  21.56  22.40  21.82  21.72  21.67  21.41  21.21  21.69  20.98  21.95   
19.40  21.14  21.46  21.40  20.64  21.54  21.66  21.88  22.08  21.97  21.63  22.02  21.77  21.25  21.86  21.78   


0
20.85  20.03  20.71  20.78  20.60  20.55  20.60  20.93  20.88  20.66  20.96  20.91  20.16  19.95  20.64  20.97   
20.29  20.61  19.98  20.96  20.71  21.36  21.27  20.73  20.74  21.62  21.14  21.42  20.81  20.67  20.99  20.66   
20.21  19.62  20.30  21.16  19.79  22.04  21.43  21.97  21.17  22.33  21.85  21.27  21.42  21.04  21.51  21.77   
19.22  21.38  21.44  21.38  21.03  21.63  21.41  21.75  21.71  21.95  21.37  21.63  21.22  21.65  21.68  20.48   


0
20.07  20.02  19.63  20.15  20.35  21.24  20.92  21.59  21.20  20.87  20.72  20.90  20.87  20.99  20.49  20.79   
19.58  20.21  20.09  21.06  21.02  21.45  21.15  20.82  20.94  21.20  20.48  21.30  21.03  20.91  20.98  21.26   
20.06  20.12  20.53  21.15  19.45  21.71  21.31  22.26  21.57  21.89  21.95  21.48  21.64  21.02  21.50  21.30   
19.96  20.00  21.17  20.50  20.46  21.62  21.51  21.62  22.16  21.94  21.11  20.89  20.81  21.64  21.18  21.92   


0
20.09  20.05  20.19  20.55  20.85  21.27  20.27  21.39  20.78  21.12  21.42  21.27  19.93  20.09  21.08  22.41   
19.61  20.75  20.36  20.97  21.26  21.68  21.28  21.05  20.75  21.74  21.26  21.43  21.40  21.19  20.86  21.75   
19.94  20.15  21.04  21.29  20.13  21.52  21.76  22.08  21.29  21.70  21.87  21.50  21.90  22.42  21.94  21.78   
19.54  20.03  21.06  22.00  20.62  21.42  21.87  21.76  21.49  21.85  21.50  21.53  21.76  21.81  22.65  23.20   


0
21.17  20.19  20.32  21.04  20.38  20.80  21.51  21.51  21.11  20.90  20.41  21.27  20.17  20.49  20.66  21.46   
20.57  20.49  20.00  20.97  21.37  21.89  20.97  21.26  21.17  21.53  21.48  21.86  21.17  21.31  21.00  21.59   
20.65  19.76  20.80  20.83  19.80  21.31  21.97  21.37  21.70  22.45  21.24  21.61  21.20  21.30  21.66  22.08   
19.99  20.85  21.19  21.15  21.31  21.99  21.42  21.65  22.19  22.31  21.38  21.40  21.23  21.67  21.37  21.95   


0
20.07  19.44  20.03  19.90  20.35  20.54  21.04  21.48  20.86  20.87  20.83  20.66  19.54  19.93  20.06  21.12   
20.13  20.98  19.97  20.13  21.24  21.66  21.05  20.92  21.35  22.12  21.67  21.40  20.91  20.91  20.56  21.42   
19.63  20.50  20.77  20.47  19.45  21.39  21.94  21.76  21.16  21.89  21.42  21.15  21.41  21.65  21.50  21.45   
19.66  20.28  20.91  21.37  20.88  21.85  21.73  22.29  21.81  21.82  22.54  21.26  21.99  21.21  21.66  22.28   


0
21.30  20.88  20.30  19.65  20.35  21.36  20.58  21.25  21.09  21.09  20.95  20.55  20.26  20.33  20.49  21.43   
20.55  20.46  19.73  20.72  21.24  21.24  21.05  20.82  20.31  21.41  20.91  21.30  21.14  20.78  20.84  21.57   
20.06  20.89  20.05  21.37  19.12  21.82  21.84  21.86  22.09  22.00  20.90  21.04  21.52  21.27  21.22  21.30   
19.51  20.00  21.04  21.00  20.60  21.62  22.06  21.18  21.93  22.17  21.47  21.99  21.34  21.79  21.50  21.02   


0
20.40  19.90  20.06  20.30  20.14  21.15  20.61  21.39  21.56  21.23  21.20  21.50  20.65  20.22  20.51  21.46   
20.02  20.88  19.88  20.74  20.94  21.26  20.77  21.36  21.38  21.64  21.37  21.65  20.94  20.81  20.45  21.44   
19.80  20.15  20.80  20.61  19.96  21.73  21.86  21.98  22.12  22.13  21.66  21.17  22.02  21.30  21.25  21.93   
19.08  20.71  21.32  21.15  20.21  21.53  21.98  21.87  21.61  22.08  22.21  21.89  21.36  22.38  21.85  21.95   


0
20.82  19.86  20.55  21.13  20.46  21.23  20.68  21.80  20.96  20.86  20.60  20.89  20.01  20.05  20.62  21.74   
19.57  20.58  19.96  20.82  21.33  21.22  21.65  21.01  20.71  21.08  21.01  21.17  21.13  21.40  21.10  21.25   
20.76  20.24  20.40  21.92  20.73  21.70  21.51  21.74  21.66  21.99  21.51  21.24  21.51  21.51  21.76  21.44   
20.84  20.54  21.54  23.78  22.23  21.72  21.72  21.39  22.03  21.69  21.70  21.61  21.85  21.77  21.97  21.55   


0
21.15  20.16  21.09  22.96  20.94  21.01  20.47  21.03  20.53  20.87  20.95  21.01  20.39  19.54  21.20  20.79   
20.27  20.72  20.45  24.91  21.56  21.66  21.46  20.51  20.73  21.61  21.45  21.19  20.79  20.78  21.26  21.57   
20.63  20.25  20.77  23.60  21.23  21.92  21.42  21.65  21.57  21.68  21.53  21.04  22.34  21.52  21.78  21.91   
19.81  20.69  22.33  24.51  20.74  21.16  21.84  22.07  21.81  22.28  21.95  21.99  21.99  21.50  20.86  21.74   


0
20.68  19.88  21.22  24.75  21.18  21.59  20.92  21.48  21.31  20.87  20.95  20.20  19.66  19.93  20.63  20.96   
20.13  20.59  20.81  23.23  20.91  21.03  21.15  20.92  20.83  21.51  21.45  21.40  21.14  21.41  21.26  21.57   
19.91  20.76  21.96  23.93  20.75  21.82  21.42  22.26  21.78  22.63  21.42  21.91  21.64  21.52  20.94  21.15   
20.71  21.10  23.72  24.63  20.88  21.62  21.73  21.29  22.39  22.40  21.59  21.38  21.47  21.64  21.34  21.74   


0
20.23  20.46  20.97  24.05  21.43  21.60  20.60  21.49  20.99  21.11  20.96  21.38  20.28  20.21  20.50  21.29   
19.74  20.86  20.70  23.24  21.46  21.67  21.06  21.65  21.16  21.73  21.25  20.87  21.04  21.17  21.54  20.97   
20.50  19.75  22.80  24.05  20.28  21.62  22.48  22.07  22.62  22.33  21.54  21.27  21.54  21.54  22.06  21.31   
20.12  21.92  23.86  23.81  20.75  22.09  22.96  22.30  23.32  21.95  21.48  22.24  21.87  21.65  22.32  22.47   


0
21.30  21.02  22.01  22.96  21.30  21.82  22.60  23.71  24.60  25.13  22.62  21.13  20.39  21.12  22.18  22.23   
20.55  21.23  22.47  23.68  22.73  24.03  24.47  24.75  24.84  24.85  24.41  22.91  20.56  21.16  21.67  21.72   
20.91  20.50  23.61  24.15  25.01  25.04  25.65  26.23  26.44  25.85  25.24  24.39  22.69  22.02  21.91  22.06   
19.81  21.50  22.84  25.57  25.73  25.35  25.77  25.88  26.44  26.67  26.01  24.03  23.16  22.78  22.31  22.82   


0
20.86  20.62  23.07  23.35  22.50  25.15  24.83  26.34  25.59  24.83  25.37  23.11  20.17  20.88  21.08  21.46   
20.85  21.26  22.84  24.93  25.48  25.07  25.67  25.47  25.77  26.45  26.19  24.21  21.28  21.31  20.59  21.44   
21.36  21.04  21.51  24.39  27.02  25.68  25.98  24.88  26.16  27.19  26.47  23.34  21.55  21.67  21.52  21.33   
20.29  20.58  21.19  23.10  25.36  25.70  25.26  25.16  25.69  24.80  23.85  22.25  22.28  22.24  22.49  21.95   


0
21.01  20.46  23.06  24.88  25.47  25.69  24.60  26.22  26.53  25.99  24.60  22.07  20.40  20.74  20.64  21.93   
20.29  20.99  20.58  23.69  25.88  25.67  25.17  24.96  25.76  25.36  23.38  21.74  21.16  21.17  20.99  21.27   
20.78  20.64  20.42  21.84  23.93  25.05  24.55  24.77  24.95  23.07  21.96  21.71  21.65  21.54  21.93  21.31   
19.67  20.57  21.83  21.26  21.30  22.55  22.74  22.19  22.06  22.18  21.60  22.48  22.00  21.80  21.52  21.76   


0
21.60  20.74  20.70  22.36  24.21  25.23  24.26  25.02  24.60  22.42  20.95  20.55  20.02  20.33  20.06  21.43   
19.72  20.59  20.45  20.83  22.31  23.21  22.67  23.36  23.52  21.92  21.13  20.86  21.03  20.66  21.26  21.26   
20.49  20.50  20.29  21.04  20.10  21.82  21.73  22.36  22.91  22.74  21.84  21.70  22.11  21.65  22.05  21.76   
20.11  20.69  20.65  21.61  21.15  21.39  21.73  21.51  22.28  22.05  22.18  21.99  21.73  22.07  21.83  21.74   


0
21.58  19.85  20.27  19.63  20.56  20.87  20.67  22.02  20.95  20.73  21.48  20.99  19.14  20.70  20.89  22.20   
20.11  20.70  20.43  20.46  20.99  22.36  21.33  20.59  21.02  21.48  21.21  21.70  21.58  21.39  21.09  22.15   
20.03  20.48  20.14  21.01  19.75  21.05  21.92  22.24  21.55  21.97  22.03  21.56  21.03  22.25  22.16  22.79   
19.78  20.94  21.01  20.97  20.43  22.06  21.15  21.60  22.02  21.80  21.69  21.60  21.44  21.90  21.80  22.62   


0
20.86  20.05  19.92  20.55  20.61  21.27  20.15  21.51  21.22  21.01  20.63  21.16  20.17  20.09  20.80  21.78   
20.44  20.10  20.48  20.51  20.83  21.68  21.18  21.97  20.96  21.94  21.69  21.32  21.05  21.06  21.83  21.29   
19.80  20.15  20.44  20.95  20.29  21.95  22.39  21.88  21.49  21.70  21.55  21.39  21.67  21.42  21.11  21.78   
20.29  20.17  20.93  21.15  21.31  21.88  22.53  21.76  22.19  21.38  21.85  21.40  21.23  21.52  21.69  22.13   


0
21.16  19.31  20.58  20.66  20.12  21.37  20.71  21.27  21.21  20.77  20.73  21.26  19.67  20.74  20.64  22.24   
20.01  20.73  20.11  20.73  20.82  21.67  22.18  21.04  21.26  21.93  21.36  21.85  21.62  21.42  21.27  21.43   
20.36  20.13  21.02  20.71  20.28  21.51  23.42  22.27  21.59  21.37  24.23  21.38  21.54  21.66  21.93  21.77   
20.12  20.70  21.05  21.75  20.89  21.29  24.17  22.41  21.94  22.64  26.14  22.24  21.35  21.80  21.84  22.30   


0
21.01  20.32  20.44  20.29  20.72  21.14  20.71  21.38  21.21  20.44  20.28  21.03  20.40  20.87  20.50  21.13   
19.60  20.22  20.23  21.08  20.92  21.98  22.59  21.35  21.47  21.73  21.46  21.63  20.92  20.92  20.85  20.81   
20.21  20.39  20.66  20.60  19.95  22.14  23.73  22.78  22.41  23.80  23.93  21.49  21.18  22.16  21.37  21.47   
19.82  20.97  21.31  21.38  22.12  24.02  23.73  23.84  23.77  22.87  24.77  22.97  21.61  21.94  21.68  21.39   


0
20.68  20.31  20.30  20.52  24.32  24.56  25.24  24.26  24.49  22.86  20.61  21.13  20.26  20.46  20.77  21.12   
19.31  20.34  20.81  21.64  25.97  25.35  25.94  23.36  23.83  25.15  23.36  21.73  21.61  21.29  20.70  21.72   
20.20  20.76  22.08  22.71  25.93  25.04  25.65  24.46  25.14  25.34  23.60  21.59  21.99  21.77  21.50  21.45   
19.81  21.64  23.35  24.03  23.20  23.78  23.28  23.50  24.32  24.33  23.01  21.99  22.51  22.50  21.83  23.35   


0
21.60  22.16  23.31  22.36  23.05  24.00  23.27  23.71  24.49  23.84  22.62  21.25  20.63  20.99  20.63  21.75   
20.82  21.11  21.88  22.44  22.73  23.32  22.37  23.06  23.32  22.94  21.77  21.51  21.26  20.66  21.12  21.26   
20.34  20.25  21.85  21.60  21.07  22.66  22.99  22.87  22.71  22.21  22.26  21.70  22.11  21.65  22.05  22.66   
19.81  20.55  21.55  21.37  19.90  21.97  21.62  20.95  21.35  21.82  21.95  21.38  21.47  21.35  21.66  22.10   


0
21.63  20.48  21.25  21.41  21.21  23.23  22.85  21.95  21.56  21.01  21.08  21.16  20.05  19.96  21.50  20.82   
19.89  20.10  20.12  20.86  21.15  22.41  23.00  20.64  20.86  21.53  21.16  20.78  21.17  20.43  21.00  22.05   
20.23  20.40  20.07  20.83  20.45  21.84  22.39  21.88  21.39  21.92  21.87  21.39  21.67  21.30  20.97  21.33   
19.84  20.17  20.93  21.27  20.76  21.99  21.42  21.76  21.84  22.88  21.26  21.53  21.49  21.67  21.53  21.41   


0
20.56  20.19  20.72  20.55  20.73  21.50  20.72  21.39  21.11  20.79  20.52  20.69  19.68  20.22  20.94  21.94   
19.89  20.49  20.12  20.74  20.94  21.26  21.08  20.85  21.07  21.53  21.58  21.54  21.63  20.81  20.86  21.13   
19.80  20.15  20.20  20.49  19.15  22.05  21.76  21.88  21.81  22.02  21.55  21.61  21.55  22.30  21.94  22.23   
20.44  19.75  21.45  22.13  21.18  21.88  21.42  21.09  22.07  22.08  21.74  21.89  21.63  21.67  21.85  20.86   


0
21.03  20.35  20.07  20.68  20.63  21.16  20.62  21.52  20.79  20.91  21.32  20.82  19.82  19.58  21.09  21.15   
19.76  20.38  19.89  20.98  21.17  21.59  20.99  21.27  21.08  21.96  21.27  21.12  21.18  20.82  20.18  21.45   
19.67  20.03  20.45  21.07  20.14  21.54  21.67  21.59  21.71  21.72  21.98  21.62  21.33  21.69  21.40  21.79   
20.60  20.32  20.43  21.53  21.46  21.20  21.43  21.44  21.85  21.74  21.51  20.80  21.38  20.96  21.38  21.42   


0
21.30  20.02  20.30  20.65  20.71  21.36  20.01  21.25  20.86  20.65  20.38  20.20  19.78  20.46  21.34  22.39   
19.58  20.08  20.45  20.83  21.02  21.55  21.05  21.23  20.83  21.61  20.91  21.73  20.68  20.66  21.12  21.88   
20.49  19.35  20.29  21.26  20.26  22.13  21.42  21.76  21.26  22.21  21.53  21.48  21.52  21.77  22.33  21.91   
20.11  19.87  20.78  21.24  21.01  21.51  21.17  21.18  21.47  22.51  21.47  21.62  22.12  22.21  21.66  21.20   


0
20.34  19.55  20.39  20.61  20.43  20.97  20.43  21.55  20.83  20.39  20.46  20.74  19.62  20.82  21.02  21.40   
19.82  20.17  20.41  21.25  21.52  21.20  21.42  21.19  20.48  21.16  20.88  21.26  20.64  21.12  20.52  21.07   
20.16  20.34  20.37  21.11  20.71  21.78  21.91  21.72  21.54  21.96  21.80  21.44  21.37  21.61  21.18  21.72   
19.47  20.10  21.00  20.96  20.56  21.93  20.91  21.70  21.78  21.55  21.79  21.10  21.43  21.75  21.30  22.60   


0
20.08  20.03  20.31  20.78  20.96  21.25  20.48  21.04  21.10  21.00  21.07  20.91  19.79  20.47  20.64  21.93   
18.90  20.22  20.46  20.84  21.03  21.88  20.55  20.52  21.16  21.83  20.82  21.63  21.27  20.92  20.85  21.58   
19.78  20.26  20.30  20.60  19.95  21.72  21.43  21.46  21.06  21.80  21.85  20.94  21.54  21.66  21.37  21.16   
20.12  20.29  20.79  20.89  20.06  21.29  21.30  21.30  21.02  21.49  21.84  21.51  21.61  21.22  21.03  22.12   


0
20.57  19.92  20.07  20.56  20.27  21.16  20.85  21.52  20.79  20.35  20.76  21.05  19.82  20.50  19.67  20.83   
19.90  20.38  20.37  20.75  20.63  21.28  21.60  21.17  20.97  21.65  21.38  21.22  20.83  20.95  21.57  21.15   
19.67  19.90  19.72  21.07  20.46  21.54  21.67  22.20  21.71  21.93  21.14  21.08  21.09  21.31  21.68  21.34   
19.40  20.04  21.46  21.53  20.08  22.00  21.77  21.44  22.08  22.32  22.10  21.90  20.58  21.68  21.06  21.60   


0
20.11  20.35  20.07  20.44  20.63  20.93  20.73  21.18  21.01  20.91  21.10  20.70  19.94  20.63  20.95  21.79   
19.62  20.38  20.25  21.10  20.63  21.59  21.50  21.47  21.18  21.75  21.49  21.55  20.83  20.57  21.85  21.91   
20.67  19.78  20.33  21.19  20.46  21.75  21.98  22.20  21.92  22.04  21.57  20.97  21.80  21.81  22.09  21.49   
19.70  20.32  21.34  22.02  20.50  21.54  21.66  21.66  21.74  21.97  21.51  21.78  21.64  21.82  21.86  22.50   


0
20.98  20.58  19.89  20.63  20.69  21.58  20.46  21.13  21.07  20.64  20.93  20.89  19.77  20.71  20.48  20.62   
20.12  21.22  20.44  21.28  21.01  21.22  21.24  21.32  21.03  21.91  21.55  21.50  21.25  20.90  21.38  20.48   
20.04  20.36  20.28  20.91  20.73  21.80  21.51  21.84  21.66  21.67  21.51  21.46  21.39  21.26  21.21  21.29   
19.50  20.95  21.41  21.48  20.17  21.49  21.27  21.50  21.46  21.46  21.70  21.12  21.46  21.05  21.81  21.73   


0
21.15  20.02  20.83  20.52  20.59  21.01  20.24  21.03  21.31  20.98  20.95  20.43  20.75  20.59  20.63  21.59   
19.45  19.95  19.97  21.06  20.91  21.45  21.25  20.61  20.62  21.51  21.24  22.05  20.68  21.16  20.98  21.26   
20.49  20.63  21.01  21.15  19.61  21.92  21.73  21.65  21.26  21.36  21.42  21.15  21.64  21.02  21.08  21.61   
20.11  20.55  20.91  20.87  20.60  22.31  21.51  21.74  22.05  21.71  21.59  21.87  21.86  21.79  21.83  22.10   


0
20.23  20.89  20.18  20.78  20.60  21.60  21.61  21.61  21.43  20.55  21.07  20.68  19.43  21.00  20.64  21.45   
20.56  19.96  20.23  20.84  20.92  21.57  21.17  21.04  21.26  22.14  21.14  21.20  21.39  20.55  20.85  21.12   
20.64  20.01  20.54  21.27  20.11  21.62  21.85  21.56  22.00  21.48  21.12  21.38  21.65  21.66  21.37  21.16   
20.27  20.70  21.05  21.50  19.78  21.52  21.30  21.75  21.71  21.95  21.25  22.00  21.48  22.08  22.80  21.94   


0
20.57  20.20  20.07  20.68  20.63  21.16  20.17  21.07  21.24  20.80  20.87  21.86  20.42  20.89  20.95  21.79   
20.72  20.76  20.61  20.87  21.60  21.90  21.50  21.37  20.87  21.85  21.06  21.44  20.83  20.70  21.02  22.07   
19.81  19.90  20.57  20.73  19.49  21.75  22.30  22.00  21.71  21.40  21.98  21.95  22.03  21.81  21.95  21.79   
19.85  20.73  21.21  21.53  20.78  21.77  21.88  21.77  21.74  22.20  21.99  21.90  21.51  22.39  22.02  21.78   


0
20.57  20.49  20.47  20.44  20.51  21.16  20.85  20.61  21.01  21.24  21.55  21.63  20.67  20.10  21.23  21.47   
19.90  20.89  20.13  21.10  21.06  21.38  21.19  21.68  21.18  21.55  21.60  21.98  20.95  20.95  21.43  21.91   
19.67  20.80  20.57  21.19  20.30  22.06  21.98  22.20  22.02  22.14  22.30  21.41  21.44  22.31  22.09  21.79   
20.30  20.45  21.21  21.04  20.22  21.89  21.55  21.55  21.74  22.09  21.63  21.05  21.51  22.25  22.66  22.14   


0
20.84  20.02  20.56  20.28  20.83  20.66  20.58  21.48  21.09  21.09  21.17  21.36  20.26  20.33  20.63  21.59   
20.55  20.59  19.97  20.48  21.02  21.24  21.36  21.54  21.04  21.71  21.13  21.51  21.03  21.41  21.26  21.88   
20.63  20.63  20.17  20.70  19.94  22.34  21.84  22.06  21.68  22.10  21.84  21.04  21.99  22.15  20.66  20.38   
19.51  20.14  21.30  21.37  21.01  21.39  21.95  21.74  22.05  22.17  21.95  21.74  21.47  21.79  21.99  21.92   


0
20.56  20.05  20.46  19.80  21.09  21.50  21.51  21.39  20.78  20.56  21.20  21.04  20.17  20.62  20.51  21.46   
19.47  20.75  20.96  20.97  21.05  21.58  21.08  22.07  21.28  22.25  21.26  21.21  21.52  21.31  20.45  20.98   
20.51  19.64  20.68  20.83  20.13  21.20  21.65  21.78  21.49  21.92  21.55  21.50  21.78  21.92  21.52  21.02   
19.84  20.44  21.32  20.90  21.04  22.11  22.09  21.54  22.30  21.85  21.74  22.01  21.89  21.52  21.21  22.13   


0
20.70  20.03  20.84  21.03  20.84  20.67  20.94  21.49  21.10  20.66  21.07  21.03  20.04  20.74  20.36  21.61   
20.01  20.86  19.50  20.73  21.46  21.67  21.37  21.04  21.16  21.42  21.14  21.31  20.69  20.42  20.71  21.27   
19.64  19.24  20.66  20.94  20.60  21.93  21.85  21.36  22.10  21.91  21.75  20.39  22.00  21.79  21.51  22.22   
20.57  20.57  21.57  21.26  20.89  22.09  21.52  21.30  22.17  22.18  22.67  21.39  21.87  22.23  21.35  20.67   


0
21.15  21.02  20.43  20.65  21.06  21.47  20.92  21.48  20.75  20.98  21.28  21.01  20.51  20.59  20.63  22.07   
19.72  20.59  20.33  20.60  21.02  21.55  20.95  21.23  20.31  21.61  20.91  21.51  21.03  21.66  21.12  22.64   
20.06  20.25  20.29  21.15  19.45  21.71  21.73  21.96  21.26  21.79  22.26  21.26  21.64  21.65  22.05  22.51   
20.41  20.82  21.43  21.24  20.32  21.97  21.51  21.74  21.70  22.63  21.83  21.87  21.21  21.50  22.31  22.28   


0
21.48  19.76  20.85  20.05  20.49  21.15  20.95  21.73  21.34  20.67  20.75  21.27  20.77  19.96  21.08  21.94   
20.30  19.98  20.24  20.97  21.26  21.58  21.08  21.46  21.17  21.94  21.16  21.21  21.17  20.94  20.59  21.44   
20.80  20.53  20.07  20.72  20.29  22.16  21.76  21.37  21.91  21.28  21.24  21.39  21.43  21.80  20.83  21.17   
19.84  20.30  21.06  21.64  20.62  21.65  21.87  21.98  22.19  22.54  21.50  21.53  21.36  21.52  21.85  21.77   


0
21.45  20.31  20.30  21.02  21.06  21.71  20.13  21.59  21.42  20.42  21.06  20.90  19.17  19.93  20.77  20.79   
19.58  20.72  19.73  20.95  21.13  21.34  21.05  21.13  20.31  21.92  21.13  21.19  20.33  21.29  21.12  21.26   
20.63  20.50  20.29  21.15  19.61  22.03  21.52  21.65  21.26  21.89  21.84  22.13  21.41  21.77  21.64  21.00   
20.86  20.42  21.04  21.49  20.46  22.31  21.28  22.18  21.35  22.17  21.83  21.26  21.07  21.50  21.34  21.92   


0
21.02  20.48  21.12  20.18  20.49  21.61  20.61  21.62  21.00  20.34  21.20  21.85  20.29  19.96  20.09  21.46   
20.57  20.49  19.76  21.09  21.15  21.47  20.67  21.26  20.96  21.53  21.26  21.32  20.47  21.44  20.45  21.44   
20.08  20.28  20.07  21.17  19.47  21.84  21.34  21.88  21.60  21.92  21.13  21.94  21.67  21.55  21.80  21.02   
20.29  20.71  21.45  21.39  20.76  22.11  21.98  22.09  22.19  22.08  21.50  21.65  21.10  21.67  21.37  20.50   


0
19.77  19.74  20.18  20.78  20.72  21.14  21.27  20.93  20.99  21.66  21.41  21.14  20.28  20.61  20.93  21.29   
20.01  20.22  20.35  20.73  21.46  21.25  21.68  20.83  21.05  21.83  21.25  21.63  20.69  21.42  21.54  21.58   
20.07  20.01  20.42  21.27  19.13  21.51  21.64  21.97  21.27  21.91  21.85  21.82  20.83  21.54  21.93  21.16   
19.97  20.57  22.34  20.76  21.44  21.75  21.74  21.75  21.83  21.72  21.96  21.27  21.74  22.23  22.00  21.39   


0
20.72  19.92  20.07  21.05  20.75  21.05  20.17  21.41  21.13  20.69  21.21  21.75  20.06  20.10  20.95  21.47   
20.72  20.63  20.37  20.87  21.27  21.28  21.39  21.27  21.29  21.44  21.38  20.79  21.18  21.57  20.88  21.91   
21.09  20.03  20.33  21.07  20.14  21.75  22.19  22.20  21.51  21.82  21.57  20.97  21.91  21.44  21.40  21.49   
19.70  21.00  21.85  21.53  20.50  21.89  21.66  21.44  22.20  21.63  21.15  21.54  21.38  22.11  21.54  21.96   


0
20.88  20.06  20.87  20.81  20.15  20.93  20.39  21.07  21.57  20.69  21.21  20.94  19.82  20.10  20.95  21.63   
20.31  20.63  20.49  21.56  21.06  20.96  21.29  21.06  21.08  21.55  21.92  21.77  21.30  21.07  21.29  22.07   
20.38  19.78  20.81  20.62  19.49  21.54  21.88  21.59  21.51  21.61  21.77  21.19  21.91  22.19  21.54  21.64   
21.34  20.04  21.46  21.04  20.91  21.54  21.55  21.77  21.85  22.43  21.75  22.02  21.77  21.82  21.38  22.14   


0
20.53  20.45  20.17  20.65  20.94  21.12  20.92  21.14  21.31  20.31  21.40  21.01  20.39  20.59  20.35  21.43   
20.27  20.08  20.33  21.18  21.02  21.45  21.25  21.33  21.15  21.82  21.67  21.08  20.68  20.78  21.12  20.80   
20.20  19.99  20.41  20.58  19.29  21.92  21.73  21.96  21.88  22.21  21.63  21.59  21.76  21.65  21.91  21.61   
19.66  20.69  20.65  21.37  20.88  21.39  21.95  21.74  22.39  21.71  21.47  21.38  21.21  21.35  21.50  21.92   


0
20.56  20.19  20.85  20.30  21.09  21.15  20.38  21.39  21.34  21.01  20.97  21.27  20.65  20.62  21.08  21.78   
19.61  20.36  19.88  20.74  21.37  21.26  20.87  21.15  20.75  21.64  21.37  20.88  21.63  21.56  21.14  22.51   
19.94  20.15  21.04  21.40  20.45  21.63  21.86  21.98  21.08  21.92  21.45  21.61  21.90  22.05  21.94  19.95   
20.29  20.71  21.32  21.51  21.18  21.53  21.87  21.31  21.96  22.42  21.62  21.40  22.28  21.67  22.01  21.95   


0
20.86  19.61  20.06  20.30  20.97  21.27  20.95  21.39  21.22  21.23  20.52  21.04  19.68  20.36  20.94  21.30   
20.02  20.36  20.72  20.63  20.94  21.47  21.18  21.66  21.28  21.64  21.69  21.43  20.94  21.31  21.00  21.13   
20.37  20.53  21.16  20.72  20.77  21.42  21.44  21.98  21.81  21.28  21.45  21.39  21.43  21.67  21.80  21.48   
20.44  20.30  21.32  21.64  21.31  21.42  21.31  20.98  21.96  22.19  22.09  22.38  21.76  21.81  21.37  22.13   


0
20.86  20.19  20.19  20.80  20.61  20.57  20.61  21.05  21.22  21.01  21.08  21.50  20.53  19.56  20.51  21.30   
19.89  21.00  20.84  20.39  21.05  21.68  20.87  21.56  20.65  21.94  21.37  21.10  21.05  20.94  21.00  21.75   
20.65  19.89  20.32  21.29  19.96  21.73  21.97  22.39  21.81  21.70  21.55  21.61  21.20  21.30  21.52  21.93   
19.54  20.99  21.58  21.02  20.62  21.76  21.53  21.54  21.84  22.42  21.85  21.28  21.36  22.38  21.53  20.50   


0
21.48  20.33  20.32  20.67  20.97  20.92  20.49  21.39  21.34  21.12  21.42  20.81  20.65  20.75  21.08  21.30   
19.89  21.00  20.12  20.97  21.80  21.16  20.77  21.26  21.07  21.64  21.69  21.21  21.28  21.19  21.00  20.82   
21.08  20.28  20.80  20.61  20.29  21.42  21.76  22.08  21.49  21.92  21.55  21.39  21.55  21.80  21.39  21.33   
20.44  20.30  20.80  21.51  20.76  21.99  21.98  21.54  21.61  21.85  22.33  21.65  21.49  21.38  20.72  21.59   


0
20.86  19.47  20.85  20.42  20.85  20.80  20.95  21.28  21.22  21.12  20.52  20.92  20.29  20.62  20.66  21.30   
19.89  20.75  20.72  20.86  20.83  21.89  21.08  21.26  21.17  21.84  21.48  21.86  20.94  21.56  21.00  21.13   
19.37  20.02  20.20  21.29  19.80  21.73  21.55  21.98  21.70  21.49  21.24  21.50  22.02  22.05  21.11  21.17   
19.69  21.39  20.80  21.64  20.35  21.53  20.86  21.65  21.84  21.96  21.74  21.28  21.76  21.81  21.21  21.04   


0
21.02  19.90  20.46  21.29  20.85  21.27  20.49  21.73  21.11  21.01  21.08  20.92  20.29  20.36  21.22  21.14   
20.02  19.85  19.88  21.20  21.58  21.79  21.08  21.05  21.17  21.43  21.48  21.54  21.40  20.94  20.86  21.13   
19.51  20.28  20.80  20.72  20.29  21.52  21.86  21.98  21.81  22.13  21.87  21.17  21.55  21.67  21.52  21.63   
19.69  20.85  21.32  21.51  20.62  21.76  21.20  21.87  22.19  22.19  21.85  22.13  20.97  21.95  21.53  22.31   


0
20.74  20.22  20.08  20.33  20.64  21.52  21.20  21.87  21.36  20.70  21.56  21.18  19.95  20.25  21.39  21.33   
20.19  21.03  20.50  20.53  21.18  21.39  21.10  21.49  21.30  21.66  21.50  20.91  21.08  21.21  20.75  21.47   
19.82  20.43  20.70  21.31  19.99  22.39  22.10  22.31  21.83  22.05  21.89  21.31  21.57  21.95  21.69  21.20   
20.01  19.92  21.09  21.54  20.10  22.02  21.33  21.67  22.44  22.10  21.76  21.79  22.17  21.55  21.55  21.97   
