Start of this file: 15:05:02 02/03/2017

0
20.90  20.10  20.66  20.51  20.47  21.01  20.14  21.61  21.00  20.56  20.74  21.25  20.02  20.56  21.13  21.96   
19.81  20.57  19.73  21.07  21.80  21.59  21.10  20.97  21.18  21.34  21.37  21.54  21.50  21.76  21.20  21.77   
20.14  20.23  20.77  20.60  19.65  21.43  21.56  22.00  21.40  21.71  21.67  21.17  21.64  21.88  21.29  21.51   
19.88  20.92  21.14  21.11  20.82  21.86  21.19  21.98  22.28  22.17  21.47  21.97  21.56  21.85  22.34  21.74   


0
21.05  19.81  20.26  20.26  20.23  21.25  20.71  21.27  21.44  20.67  20.63  21.37  19.89  20.82  20.99  21.80   
19.95  20.44  20.09  20.96  20.94  21.38  20.59  21.27  21.29  21.96  21.16  21.86  21.38  20.76  21.06  21.01   
20.71  20.36  21.01  21.16  20.14  21.64  21.77  21.80  21.09  21.92  21.56  21.39  21.17  22.25  21.43  21.51   
20.33  20.37  21.40  20.98  21.10  21.97  21.75  21.31  21.59  22.29  21.35  21.36  21.30  21.85  21.70  21.56   


0
20.29  20.40  20.67  20.52  20.01  21.38  21.18  21.17  21.12  21.02  20.41  20.92  20.03  20.17  21.29  21.81   
20.92  20.33  20.35  20.85  20.96  21.39  21.11  21.39  20.99  21.97  21.17  21.23  20.93  20.52  21.07  21.94   
20.01  19.86  20.78  20.95  19.17  21.65  21.57  22.02  21.21  22.04  21.68  21.18  21.77  21.26  21.72  22.28   
20.34  20.93  21.15  21.00  21.11  21.87  21.87  21.43  22.18  21.84  21.60  21.74  21.70  22.58  21.87  21.21   


0
21.20  20.10  20.53  20.39  20.59  21.71  20.37  21.16  21.00  20.78  20.85  20.79  19.89  20.29  20.99  21.80   
19.81  20.44  19.85  20.49  21.48  21.59  21.40  21.48  20.55  21.55  20.73  21.10  21.38  21.26  20.50  21.31   
20.57  20.23  20.89  20.71  19.81  21.74  21.66  21.70  21.51  21.92  21.04  21.17  21.40  21.50  22.12  21.36   
19.88  20.10  21.27  21.60  20.68  22.20  20.51  20.97  21.82  21.48  20.87  22.34  21.56  20.98  21.70  21.74   


0
20.59  20.24  20.39  20.63  20.83  20.66  20.14  21.38  20.77  20.78  21.52  21.02  20.14  20.82  21.55  21.96   
20.09  20.31  19.49  20.84  21.16  21.90  20.89  21.07  21.08  21.55  21.59  21.10  21.27  22.38  22.30  22.54   
19.85  19.59  20.77  21.39  19.16  21.64  21.66  22.21  21.51  22.24  21.56  21.17  21.64  21.75  21.16  21.96   
20.33  21.05  21.66  21.60  20.40  21.86  21.75  21.75  21.70  22.74  22.06  21.61  21.82  21.56  22.02  22.10   


0
20.76  20.11  20.80  20.89  20.72  21.38  20.84  21.17  21.68  21.13  21.20  20.57  20.39  20.70  21.14  21.01   
20.24  19.81  19.62  20.97  21.39  21.39  21.21  20.98  21.09  21.56  21.17  21.33  21.16  20.40  20.51  21.17   
21.29  20.50  20.30  21.51  19.50  21.97  21.99  22.42  22.14  21.93  21.47  21.40  21.53  22.63  21.72  19.84   
19.74  21.07  21.80  21.98  20.69  21.64  21.65  21.99  22.06  22.18  21.72  21.74  21.70  21.86  21.87  21.93   


0
21.20  20.10  20.39  20.26  20.71  20.66  20.48  20.82  20.66  20.56  20.63  20.90  20.62  20.69  20.57  20.68   
19.95  20.70  19.97  20.73  20.73  21.49  20.69  21.17  20.66  21.86  21.37  21.54  21.15  21.26  20.78  21.47   
20.28  19.84  20.41  20.82  19.65  21.74  21.56  22.00  21.61  22.03  21.56  21.17  21.52  21.75  21.43  21.36   
20.18  20.51  21.53  21.11  20.40  22.32  21.75  21.53  22.16  22.52  21.58  21.12  21.95  20.98  21.53  21.37   

0
20.73  20.37  20.51  20.87  20.34  21.12  20.36  21.37  21.43  20.77  21.06  21.01  20.25  20.28  21.54  21.63   
20.62  20.56  20.44  21.29  21.15  21.58  20.88  20.85  21.17  21.85  21.36  21.53  21.72  21.50  21.32  22.07   
20.98  20.47  20.52  20.81  19.15  22.05  21.34  21.59  21.39  21.59  21.34  21.71  21.98  21.86  21.56  21.80   
19.87  20.90  21.13  21.95  20.81  22.08  21.62  21.18  21.81  22.16  21.81  21.47  21.55  22.27  21.04  22.44   


0
20.91  19.82  20.41  20.40  19.53  20.68  20.38  21.51  21.23  20.79  20.53  21.50  20.51  20.31  20.86  21.49   
20.38  20.45  20.94  21.20  21.49  21.92  20.91  21.18  21.20  21.97  21.60  21.23  21.16  20.78  20.37  21.63   
20.15  20.24  20.42  20.61  18.68  21.76  21.68  22.22  22.45  21.72  21.47  21.84  21.53  21.51  21.58  21.67   
20.64  20.52  21.28  21.24  20.42  21.53  21.20  21.65  21.71  22.53  21.24  21.25  22.23  21.43  22.03  21.21   


0
21.22  20.11  20.27  20.40  20.01  22.07  20.72  21.62  21.57  20.79  20.75  21.38  20.87  20.70  21.00  22.44   
20.65  20.07  20.59  20.74  21.17  21.29  21.52  20.98  21.30  21.77  21.39  21.55  20.81  21.15  21.48  21.63   
20.58  19.98  21.14  21.18  19.01  22.07  22.10  22.02  21.42  22.25  21.78  21.62  21.06  22.26  21.58  21.97   
20.34  20.93  21.41  21.73  21.52  21.76  21.98  21.99  21.83  21.95  21.36  21.74  21.96  22.00  21.87  22.29   


0
20.91  20.40  20.41  21.02  20.36  21.38  21.29  21.28  21.12  20.68  20.86  21.38  20.39  20.31  21.14  21.81   
19.96  20.58  20.47  20.51  20.96  21.60  21.32  21.18  20.88  21.87  21.81  21.23  21.16  21.03  20.79  21.48   
20.58  19.47  20.42  20.95  19.99  21.54  21.25  22.42  21.83  21.40  21.68  21.73  21.88  21.64  21.03  21.06   
20.79  20.66  21.54  21.49  21.25  21.53  21.76  21.65  21.95  22.18  22.31  21.62  21.44  21.72  20.90  21.57   


0
21.08  20.56  20.55  21.15  21.21  21.62  20.85  21.63  21.58  21.03  20.76  21.51  20.65  20.32  21.44  21.98   
20.39  20.60  20.36  20.98  20.75  21.30  21.12  21.10  21.52  22.39  21.72  21.24  20.94  20.54  20.66  20.88   
20.73  20.64  20.67  20.74  20.00  21.66  21.69  22.23  21.32  21.63  21.80  21.31  22.01  22.03  21.60  22.29   
20.50  21.21  22.07  21.50  21.12  21.66  21.77  21.67  22.42  21.97  21.73  21.39  21.32  22.02  22.04  21.58   


0
21.38  20.70  20.42  21.03  20.61  21.62  21.19  21.97  21.36  20.81  20.76  20.81  19.80  20.71  20.31  21.98   
20.11  20.60  20.48  20.75  21.51  21.51  21.53  21.20  20.89  21.78  21.18  21.56  20.71  21.16  20.66  21.65   
20.02  20.25  20.91  20.74  20.16  22.19  22.01  21.62  21.84  21.52  22.01  21.42  21.66  21.90  21.32  21.68   
20.80  20.53  21.29  21.38  20.71  21.89  22.11  22.00  21.84  22.20  21.61  22.12  21.32  21.59  21.72  21.40   


0
20.63  20.85  21.23  20.80  20.86  21.28  20.52  21.42  21.37  20.37  20.89  21.17  20.54  20.72  21.17  21.52   
19.71  20.09  20.49  20.88  21.52  21.42  21.65  20.90  21.22  21.28  21.84  21.90  21.42  21.30  21.92  21.97   
20.03  20.65  20.81  21.43  19.85  21.57  22.02  22.45  21.75  22.07  21.81  21.76  22.03  22.29  21.61  21.39   
20.96  21.63  21.56  20.90  21.13  22.01  21.79  21.68  21.51  22.55  21.98  21.64  21.07  21.60  21.41  20.87   


0
20.76  20.40  21.07  20.52  20.48  21.49  20.72  21.17  21.01  20.46  21.09  21.15  20.63  20.31  21.00  21.97   
19.96  20.71  19.87  21.20  21.39  21.18  21.72  21.08  21.41  21.56  21.92  21.23  21.51  21.78  21.21  21.33   
20.29  20.11  20.42  21.06  19.17  21.54  21.99  21.91  22.14  21.72  22.10  21.84  21.77  21.76  21.72  21.52   
19.44  20.52  20.89  21.73  20.97  21.99  21.87  21.10  21.83  22.18  21.95  21.98  21.83  22.29  21.39  21.93   


0
21.37  20.11  20.14  20.28  21.08  22.19  21.06  21.28  21.12  20.90  21.65  20.57  20.03  20.31  20.86  21.33   
19.83  20.84  20.71  20.85  21.49  21.71  21.32  20.77  21.20  21.46  21.17  21.12  21.28  21.03  20.93  21.94   
20.72  20.37  20.90  21.18  20.31  21.97  21.78  22.32  22.14  21.72  21.68  21.29  21.65  21.64  22.27  22.43   
20.94  21.20  21.54  21.61  20.97  22.44  21.20  21.65  22.29  22.07  21.95  21.62  21.70  22.15  21.71  22.29   


0
20.46  19.98  20.95  20.54  20.50  21.39  20.51  21.63  21.13  21.03  20.99  20.93  21.25  20.84  21.02  21.51   
19.98  20.72  20.36  21.10  21.18  21.62  21.84  21.61  20.79  21.47  21.72  21.24  21.41  20.91  19.97  21.65   
20.45  19.87  20.91  21.08  19.84  21.66  21.90  21.72  21.64  21.95  21.38  21.63  22.01  22.15  21.60  21.68   
20.36  20.81  21.81  21.38  20.43  21.89  22.11  21.33  21.73  22.54  21.73  22.00  21.72  21.87  21.72  21.94   


0
21.05  20.24  20.66  21.25  20.83  21.36  20.60  21.95  20.77  21.45  21.19  21.37  20.50  20.82  21.41  21.16   
20.36  20.95  19.97  21.19  20.94  22.01  21.51  20.97  21.29  21.86  21.27  21.00  20.80  21.01  20.50  21.93   
20.42  20.36  19.93  21.05  19.98  21.74  21.98  21.90  21.82  22.03  21.77  21.28  21.87  21.75  21.85  21.20   
20.48  21.05  21.91  20.86  20.68  22.09  21.41  21.75  22.39  22.63  20.87  22.09  21.30  21.71  22.34  22.45   


0
20.92  20.27  21.21  20.66  20.85  20.81  20.96  21.30  21.13  20.92  21.33  21.28  20.28  20.84  21.30  21.35   
20.11  21.24  20.48  20.75  20.86  22.03  21.33  21.10  21.42  21.78  20.97  21.78  20.94  21.79  21.50  21.80   
20.59  20.00  20.79  21.64  19.84  21.87  22.01  22.64  22.26  21.84  21.80  21.63  21.90  22.03  22.42  22.14   
19.15  21.08  21.16  21.38  20.98  22.11  21.33  21.56  21.61  22.08  21.61  21.75  21.72  22.30  22.36  22.30   


0
21.36  20.39  20.92  20.39  19.99  21.48  20.82  21.83  21.55  20.78  21.19  21.60  20.14  20.16  21.41  22.27   
20.36  20.57  19.61  21.19  21.05  22.11  21.51  21.38  21.18  22.27  21.59  21.54  21.50  21.26  20.92  21.93   
20.14  20.74  20.05  20.82  19.98  22.06  21.98  22.61  21.61  22.35  21.04  21.50  21.87  22.87  21.16  21.66   
19.58  20.51  21.14  21.11  20.13  21.75  21.97  21.19  22.05  22.06  21.94  21.97  21.30  21.99  22.02  21.19   


0
21.06  20.26  20.67  21.02  20.36  21.03  20.72  21.40  21.34  20.90  20.98  21.15  20.03  20.31  21.00  21.65   
20.65  20.84  20.71  21.43  21.60  21.39  21.42  21.49  20.99  21.15  21.81  21.01  20.70  21.28  21.21  21.48   
20.58  20.11  20.78  20.50  19.66  21.44  21.89  22.12  21.73  21.83  21.36  21.95  21.77  22.14  21.45  21.97   
20.79  20.52  21.41  21.24  20.69  22.10  21.87  21.77  21.71  21.84  21.36  21.98  21.70  21.72  21.39  21.39   


0
21.06  20.40  20.54  20.89  20.60  21.14  20.72  21.06  21.12  21.02  21.31  20.80  20.03  20.57  21.14  21.33   
20.65  20.45  20.47  21.09  21.60  21.18  21.42  21.29  20.99  22.18  21.49  21.66  21.39  21.40  20.93  21.02   
21.00  20.11  20.90  20.84  20.15  21.54  21.68  22.12  21.52  21.62  21.78  21.84  21.65  21.89  21.03  21.22   
20.34  20.66  21.41  21.73  20.83  21.76  21.43  21.88  22.18  22.53  22.07  21.01  21.31  21.72  21.87  22.47   


0
20.28  20.67  20.92  20.88  20.23  21.01  20.71  21.16  21.33  21.34  21.19  20.79  20.74  21.08  20.99  21.80   
20.09  20.70  20.33  22.45  22.23  21.70  21.30  21.17  21.50  21.34  21.59  20.56  21.84  21.01  20.64  21.93   
20.85  20.86  20.77  23.06  22.54  21.85  22.08  22.31  21.51  22.56  21.67  21.50  21.99  22.13  21.57  21.96   
20.48  21.05  21.66  22.57  25.01  21.28  21.41  21.98  22.28  22.17  22.18  22.70  21.82  22.56  22.02  21.92   


0
20.78  19.85  21.88  24.90  21.46  21.40  20.52  21.65  21.37  20.82  21.45  21.06  20.42  20.46  21.17  22.31   
20.26  21.12  21.21  25.73  24.38  22.36  21.14  21.21  21.43  21.69  21.84  21.58  21.30  20.93  21.23  22.42   
20.32  20.39  21.05  23.43  23.37  21.67  21.60  21.94  22.06  22.17  21.39  21.86  21.79  22.04  21.47  21.85   
20.67  20.55  21.82  23.09  23.04  21.90  21.90  21.68  22.89  22.21  21.98  22.25  21.73  22.32  21.73  22.31   


0
21.23  20.70  22.39  26.06  22.85  21.39  21.08  21.41  21.13  20.58  21.33  21.86  20.53  20.45  21.16  22.14   
21.21  21.11  21.08  23.38  23.00  21.62  21.23  21.10  21.10  21.58  21.29  22.00  21.98  20.91  20.94  21.65   
19.88  20.51  20.91  23.42  21.61  21.77  22.11  22.33  22.36  22.05  22.32  21.31  22.36  21.15  21.18  22.14   
20.36  20.12  21.55  24.76  22.35  21.77  21.77  22.45  22.65  22.66  23.03  22.84  21.59  21.73  21.56  22.12   


0
21.72  20.58  20.98  25.97  23.45  21.18  20.65  21.66  22.38  23.47  21.35  21.42  21.03  20.61  20.62  21.69   
20.55  20.62  21.58  23.40  21.85  21.75  21.25  21.73  21.86  25.13  22.60  22.24  21.08  21.19  21.66  22.74   
20.33  20.41  21.54  24.43  21.32  22.22  22.66  23.06  22.18  24.38  24.61  22.31  21.81  21.80  21.48  22.16   
20.83  20.56  21.58  24.78  23.06  22.37  24.00  24.98  25.05  24.27  24.33  23.11  21.48  22.19  21.26  21.97   


0
20.77  21.41  21.34  24.53  20.97  21.74  24.73  25.17  26.46  25.71  25.17  22.20  20.53  21.10  20.59  21.67   
20.39  20.60  21.31  24.05  21.61  25.01  25.82  25.31  26.10  26.49  26.42  24.45  21.41  21.29  21.22  22.56   
20.73  20.51  21.27  24.19  22.57  25.91  25.82  26.49  26.20  26.71  26.90  24.22  22.13  22.52  22.01  21.84   
20.50  21.35  21.68  24.40  25.04  26.48  25.60  25.39  25.13  25.70  24.89  22.84  21.98  22.73  21.72  21.76   


0
21.38  20.56  22.00  26.06  25.82  25.38  26.03  25.93  26.14  26.66  25.81  22.66  20.28  21.10  21.02  21.35   
20.25  20.72  22.02  26.38  26.12  25.92  25.43  24.82  25.70  26.39  24.77  22.00  21.52  21.16  21.50  21.95   
20.59  20.51  20.91  23.20  24.45  25.91  24.70  23.84  23.89  23.63  22.32  21.31  21.78  22.28  22.42  21.84   
20.50  20.67  21.68  21.75  21.94  22.91  22.77  21.78  22.88  22.54  22.68  21.63  21.59  21.87  22.36  22.66   


0
20.92  20.98  22.65  25.47  25.60  26.04  24.41  25.93  25.82  24.53  23.54  21.97  20.65  20.71  21.30  21.51   
19.84  21.11  21.20  22.47  22.89  23.89  23.35  22.92  23.17  22.09  22.36  21.67  21.18  21.16  21.50  21.95   
20.45  20.25  20.31  20.51  20.16  22.19  22.01  21.83  22.67  21.95  21.48  21.42  22.36  22.03  21.46  22.29   
20.50  20.67  21.55  21.38  20.85  22.00  21.77  21.56  22.53  22.54  21.25  22.12  21.85  21.30  22.20  21.94   


0
21.06  20.97  21.07  21.14  21.78  22.99  22.52  22.96  21.68  20.79  21.09  21.50  20.39  20.31  21.00  21.49   
20.38  20.97  19.99  20.97  21.49  21.92  21.21  21.29  21.30  22.18  21.60  21.44  21.62  21.40  20.79  21.17   
19.86  20.75  20.66  20.84  20.47  22.18  21.89  22.32  21.00  22.46  21.47  21.73  21.42  21.26  21.17  21.06   
20.04  21.61  22.44  22.22  21.38  21.76  21.20  22.32  22.41  22.41  21.95  21.98  21.57  22.15  22.03  21.39   


0
20.95  20.29  21.24  20.93  21.11  21.53  22.89  22.89  21.16  20.94  20.79  21.07  20.07  20.87  21.04  21.21   
19.73  21.13  19.91  21.58  21.75  22.47  21.25  21.12  21.65  22.01  21.85  21.59  21.55  20.94  21.25  21.06   
20.76  20.92  20.46  21.55  19.54  22.32  22.45  22.05  21.66  21.87  21.93  21.44  22.51  21.80  21.90  21.71   
20.98  21.38  21.19  21.77  21.01  21.45  21.91  21.47  22.10  22.22  21.52  21.54  21.74  21.90  21.91  22.51   


0
21.38  20.98  20.29  20.78  20.73  21.62  20.96  21.63  21.69  21.14  21.55  21.39  20.77  20.84  20.73  21.35   
20.25  20.60  20.36  20.87  21.29  22.14  21.53  21.61  21.63  21.58  21.61  22.21  21.64  21.42  20.94  22.26   
20.31  21.02  20.79  21.30  20.33  22.09  22.11  22.23  21.64  22.37  22.21  21.96  22.25  22.28  22.15  22.29   
20.65  20.94  21.29  21.38  20.85  21.89  21.44  21.89  22.53  22.20  22.20  21.88  21.72  22.16  22.20  23.02   


0
20.77  20.56  20.55  20.91  20.61  21.27  21.19  21.86  21.25  20.92  21.66  21.39  20.65  20.32  20.73  21.67   
20.66  20.85  20.12  21.33  21.72  21.72  21.53  21.30  21.21  22.09  21.61  21.46  20.83  21.54  21.22  22.26   
21.16  20.51  20.79  20.85  19.51  21.77  21.69  21.72  22.26  22.48  21.90  21.42  21.43  21.53  21.60  22.44   
20.21  21.08  22.20  21.87  21.40  21.54  22.22  22.11  23.90  23.23  21.73  21.63  21.72  22.45  21.88  22.48   


0
21.09  20.85  20.96  20.80  20.75  21.75  20.30  21.87  21.59  21.37  21.00  21.52  20.90  20.20  20.60  21.68   
20.81  20.99  20.37  21.46  21.30  22.15  21.54  20.90  22.88  23.42  21.30  21.58  21.53  21.80  20.54  21.35   
20.60  20.65  20.81  21.88  23.21  21.78  21.81  22.45  25.42  25.61  21.49  22.08  21.91  21.54  21.19  21.70   
21.11  21.23  21.05  22.85  24.52  22.13  21.90  22.01  26.59  28.56  22.80  21.89  21.47  22.03  22.05  22.85   


0
20.94  21.00  20.43  21.29  21.46  21.28  21.54  22.10  25.83  24.11  21.00  21.06  20.66  20.46  21.17  21.20   
20.26  20.74  19.77  21.69  25.00  22.15  21.54  21.52  25.32  26.89  21.73  21.69  21.53  21.30  20.54  21.66   
21.03  20.90  21.17  22.66  24.30  22.31  22.65  22.95  24.61  26.22  23.57  21.97  21.91  21.29  21.33  22.30   
19.92  21.63  21.95  24.17  23.98  22.58  22.56  23.23  24.36  24.48  25.13  24.41  22.12  22.32  22.05  22.67   


0
21.83  20.26  21.20  21.51  22.25  25.48  26.55  27.63  27.91  25.48  24.40  25.47  23.60  21.09  20.86  22.13   
21.19  20.71  20.82  21.66  23.51  25.90  27.93  27.34  26.78  25.20  24.45  25.70  24.13  21.90  21.07  21.79   
21.57  20.50  20.90  23.30  25.21  24.47  26.11  26.86  26.58  25.27  23.65  24.85  23.39  22.76  21.72  23.03   
20.79  20.66  22.18  24.27  25.16  23.13  23.53  24.62  24.90  23.33  23.13  23.31  22.23  22.29  22.03  22.11   


0
21.52  21.40  22.25  24.99  23.18  24.80  25.69  25.48  24.63  23.22  24.18  23.45  21.23  20.96  21.57  21.49   
20.24  20.84  21.66  24.93  23.51  23.16  22.94  22.71  23.26  23.19  22.98  21.88  21.39  21.03  21.76  21.94   
20.86  20.62  21.74  24.28  23.50  23.54  22.10  22.42  21.83  22.46  22.10  21.73  21.88  22.14  22.14  22.13   
21.23  21.47  22.31  23.07  22.20  22.79  22.54  21.77  22.41  22.76  21.72  22.59  22.36  22.29  21.87  21.93   


0
21.22  21.26  23.80  24.64  23.64  22.42  21.63  24.61  25.70  21.57  21.20  21.03  21.23  20.83  21.57  21.81   
20.65  21.10  21.30  24.04  23.09  22.23  21.52  22.31  23.57  21.77  21.28  21.33  21.74  21.65  21.21  22.24   
21.15  21.00  20.30  21.63  20.31  22.07  21.78  22.12  22.04  21.83  22.20  22.06  21.53  21.89  21.03  22.13   
20.04  20.25  21.67  21.73  20.97  22.44  22.09  22.54  22.41  22.18  21.95  21.62  21.31  22.00  21.55  22.65   


0
21.38  20.56  21.48  20.54  20.73  21.74  20.85  23.09  23.23  21.36  21.21  21.05  20.65  20.32  20.59  21.98   
19.84  20.34  20.12  20.98  21.08  21.72  21.43  21.61  21.94  21.99  21.51  21.78  21.06  21.42  21.36  21.49   
20.73  20.64  20.67  21.30  19.68  21.87  21.79  22.33  21.32  22.16  21.80  21.42  22.01  22.52  21.04  21.68   
20.65  20.67  21.03  21.75  20.57  21.89  22.00  21.67  21.96  22.31  22.44  22.24  21.98  22.02  22.04  21.40   


0
21.82  20.10  20.92  21.37  21.30  21.25  20.94  22.06  21.89  21.00  21.19  21.02  20.62  20.29  21.41  21.96   
19.81  20.06  19.61  20.84  21.37  22.01  21.51  21.48  20.66  22.27  21.59  21.54  21.27  21.01  20.92  22.23   
20.57  20.23  21.25  20.94  19.65  22.06  22.40  21.80  21.72  22.13  21.67  21.50  21.99  21.63  21.99  21.20   
20.33  20.64  21.40  21.60  20.96  21.75  22.19  21.64  22.74  22.06  22.18  22.09  21.69  21.56  22.81  22.10   


0
20.92  19.69  20.95  21.15  21.33  21.27  20.85  21.52  21.13  20.58  20.99  21.86  20.04  20.32  21.58  21.35   
20.39  21.36  20.48  20.75  21.08  21.51  21.63  20.68  21.31  22.19  21.40  21.02  21.64  21.42  21.50  21.95   
21.16  20.38  20.79  21.41  19.35  22.30  21.27  22.43  21.12  22.05  21.90  21.20  21.90  21.90  21.74  21.53   
20.80  20.81  21.68  21.50  20.85  22.23  21.55  21.44  22.42  22.66  21.85  21.75  21.72  21.87  22.36  21.76   


0
21.40  20.28  21.09  20.80  20.86  21.52  20.75  21.20  20.47  21.37  21.23  21.06  20.05  20.86  20.32  21.52   
19.58  20.61  19.89  20.76  21.63  21.52  21.24  21.00  21.33  21.90  21.41  21.47  21.30  21.18  21.09  22.57   
19.60  20.14  21.17  20.75  20.18  22.20  21.91  22.14  21.96  22.17  21.81  21.76  21.91  21.66  21.75  21.39   
20.96  20.68  21.18  21.51  20.58  22.24  21.67  21.23  21.97  22.32  22.22  21.89  21.34  22.32  21.89  22.13   


0
20.60  20.69  20.27  20.28  20.24  21.49  20.27  20.94  21.45  21.02  20.86  21.15  20.63  20.83  20.72  21.49   
20.65  20.84  20.47  21.20  21.60  21.50  21.32  21.39  21.20  22.38  21.28  21.23  20.81  20.90  21.21  20.86   
20.44  20.24  20.18  21.29  19.50  21.76  21.99  21.81  21.83  22.04  21.68  22.06  21.42  21.64  21.31  21.22   
20.04  20.66  20.89  21.49  20.56  21.99  21.54  20.87  21.95  22.30  21.72  21.98  21.70  22.00  21.22  22.11   


0
21.40  21.14  20.83  20.55  20.86  21.52  20.41  20.97  21.26  21.15  21.00  20.94  20.66  19.80  20.89  21.68   
20.40  20.99  19.89  21.00  21.20  21.21  20.73  21.31  20.70  22.00  20.55  21.47  20.96  20.93  20.96  21.35   
21.03  20.65  20.57  20.86  20.50  22.31  21.70  22.45  22.17  21.96  21.60  21.32  21.32  22.16  21.47  22.15   
20.67  20.82  21.05  22.12  20.03  21.55  21.79  21.68  21.62  22.44  22.10  21.64  21.86  21.89  21.41  21.77   


0
20.81  20.45  20.46  20.58  20.77  21.19  20.89  21.67  21.06  20.96  20.92  20.73  19.84  20.62  21.48  21.70   
19.74  20.51  20.88  21.60  21.01  21.44  21.16  21.13  21.04  21.30  21.54  21.60  20.98  21.20  21.40  21.99   
20.20  20.55  20.11  21.23  19.71  21.70  21.94  22.17  21.78  21.98  21.83  21.45  21.82  22.06  21.91  22.18   
20.10  20.71  21.33  22.03  21.02  22.27  21.81  21.82  22.11  22.92  21.65  21.79  21.75  22.20  22.40  22.88   


0
20.77  20.12  20.55  21.89  20.73  21.27  21.19  21.63  21.58  21.25  21.33  20.81  19.07  19.66  20.59  21.03   
20.39  20.47  20.24  20.64  20.86  21.41  21.02  21.30  20.89  21.99  21.40  21.78  20.36  21.42  20.39  21.19   
20.88  20.00  19.95  21.30  19.19  21.66  21.69  22.03  21.74  21.73  21.80  21.74  21.55  21.90  22.29  21.38   
19.91  20.94  21.94  21.87  20.57  21.89  21.33  21.89  22.65  22.20  21.97  22.00  21.32  22.16  21.88  21.22   


0
21.69  20.41  20.69  20.04  20.61  21.27  20.85  21.75  21.36  20.81  20.99  21.05  20.04  21.37  20.59  21.19   
19.98  20.34  20.48  21.10  21.40  21.51  21.23  21.61  21.31  21.99  20.86  21.46  20.83  21.16  21.50  21.03   
20.59  20.38  20.79  20.51  20.16  21.56  21.90  22.13  21.32  21.73  21.59  21.63  21.66  21.40  21.32  21.53   
20.65  21.35  21.55  21.25  20.71  21.89  21.66  22.00  21.73  22.20  22.08  22.24  21.85  21.30  21.72  21.58   


0
20.64  20.58  20.71  21.42  20.52  21.18  20.99  21.66  21.72  20.72  20.79  20.60  19.95  20.48  21.18  20.73   
20.14  20.75  20.15  21.12  21.64  21.54  21.35  21.53  21.13  21.60  21.32  21.59  21.55  20.94  20.83  21.98   
19.19  19.90  20.22  20.76  20.84  22.11  21.61  21.95  22.18  21.87  21.61  21.22  21.92  21.55  21.48  21.71   
19.33  21.38  21.06  21.16  20.73  21.91  21.69  21.47  21.87  22.11  21.87  21.90  21.74  22.61  22.23  20.88   


0
21.68  20.69  21.07  20.65  20.24  21.38  20.61  21.51  21.01  21.02  20.98  21.38  20.63  20.83  21.00  21.49   
20.10  19.94  20.82  21.20  21.17  21.29  21.52  21.18  20.88  21.77  21.28  21.55  20.93  21.03  21.76  21.79   
20.86  20.37  20.18  20.84  19.50  21.97  21.89  21.91  21.93  22.25  22.20  21.51  21.77  22.39  21.72  22.43   
20.64  21.47  21.28  21.73  21.25  21.87  21.31  21.21  22.06  22.30  21.95  21.62  21.05  22.29  22.35  22.82   


0
21.40  20.28  20.96  20.43  21.10  21.52  21.09  21.87  21.59  20.59  21.23  21.17  20.78  20.07  20.75  21.36   
20.40  20.61  20.13  21.00  21.20  21.31  20.93  20.80  21.22  22.00  21.30  21.36  21.19  21.30  20.54  22.12   
20.46  20.78  20.93  21.09  19.85  21.67  21.39  22.14  21.34  21.64  21.28  21.54  22.49  21.91  21.33  21.70   
20.22  20.41  21.95  22.12  20.86  21.78  21.56  22.13  21.86  22.67  21.86  21.64  21.20  21.17  22.37  22.13   


0
21.13  20.46  20.47  20.34  21.02  21.79  21.01  21.23  21.18  20.97  21.04  20.63  20.46  20.24  20.50  21.24   
20.17  20.90  20.29  21.03  21.45  22.19  20.97  20.43  21.05  22.14  22.09  21.72  21.23  20.96  22.10  21.39   
20.64  20.18  20.49  21.13  20.05  22.24  22.47  21.67  21.79  21.47  22.16  21.90  21.95  21.58  21.65  22.49   
20.11  20.72  21.60  21.55  20.90  21.59  22.05  21.38  21.66  22.71  22.25  22.05  22.42  21.78  21.45  21.09   


0
20.92  20.27  20.42  20.66  20.73  21.16  20.51  21.41  21.47  20.47  21.33  21.28  20.89  21.24  20.88  21.51   
20.53  20.85  19.88  20.75  20.86  21.62  21.53  20.99  20.89  21.37  21.61  21.24  21.18  20.91  20.94  21.34   
20.73  20.25  20.31  21.41  20.00  21.24  21.69  22.03  21.95  21.95  21.48  21.63  21.43  21.15  21.46  21.68   
20.36  20.40  21.55  21.50  20.85  22.23  21.88  22.00  21.96  21.85  22.44  21.75  21.85  21.87  21.24  22.12   


0
21.40  20.57  20.30  20.80  20.75  21.40  21.76  21.53  21.37  21.26  21.23  21.06  20.05  20.86  21.45  22.15   
20.40  20.61  20.49  21.11  21.41  21.52  21.14  20.90  21.33  21.69  21.63  21.90  21.30  21.30  21.51  21.35   
20.32  20.27  21.05  21.54  20.01  21.36  22.23  22.14  22.06  22.07  22.33  21.65  21.68  22.16  22.02  22.00   
20.22  21.23  21.44  21.02  21.00  22.13  21.90  22.13  21.74  22.21  21.98  22.01  21.86  22.17  21.89  23.03   


0
20.78  20.14  20.57  20.43  20.86  21.75  20.98  21.31  20.70  21.04  20.89  20.94  20.18  20.86  21.17  21.20   
20.40  20.74  20.13  21.00  21.30  21.52  21.44  20.90  20.91  21.38  21.41  21.14  20.72  21.05  20.68  21.97   
20.89  21.03  20.33  21.31  20.18  21.46  21.49  22.65  21.44  22.17  21.60  21.54  21.79  22.16  20.91  22.00   
20.37  21.50  21.18  21.51  21.13  21.90  22.01  21.68  21.86  22.78  21.98  22.49  21.07  22.32  21.89  22.49   


0
21.40  20.42  20.17  20.43  21.22  21.40  20.41  21.53  21.03  20.59  20.89  21.06  20.78  20.59  21.03  21.36   
20.40  20.35  19.89  20.76  21.63  21.52  20.83  21.11  20.80  21.79  20.98  21.69  21.19  21.55  21.23  21.51   
20.32  20.27  20.93  21.31  19.53  22.10  21.70  22.04  21.96  21.75  21.81  21.43  21.68  21.79  21.05  21.85   
20.07  20.41  20.79  22.00  21.27  21.32  22.01  21.68  21.86  22.09  21.38  22.01  22.25  21.46  21.73  22.31   


0
20.49  20.29  20.05  21.05  20.28  21.41  21.21  20.76  21.27  20.94  21.13  20.96  20.31  20.87  21.04  21.05   
20.41  21.13  20.98  20.43  21.53  21.85  21.25  21.43  21.34  21.39  21.75  21.37  21.32  20.94  21.25  21.21   
20.76  20.02  20.34  21.21  19.38  21.58  22.03  21.95  21.66  22.29  21.19  21.55  21.81  21.55  21.62  21.41   
20.23  21.10  21.19  20.91  20.59  21.68  21.80  21.69  21.41  22.11  21.04  21.66  21.87  20.89  21.26  21.61   


0
20.91  19.82  20.14  21.02  20.96  21.38  20.27  21.85  20.34  21.13  20.75  21.61  19.91  20.31  20.15  20.37   
19.27  20.33  20.23  20.74  21.17  21.50  21.32  21.08  20.88  21.67  21.60  21.88  20.93  21.28  21.62  21.33   
20.58  20.11  20.06  21.06  19.83  21.44  21.57  21.81  21.83  22.15  21.89  20.74  21.30  21.39  21.72  20.91   
20.64  21.61  21.15  21.49  20.69  21.76  21.20  21.21  22.06  21.14  21.60  21.38  21.44  21.43  21.06  21.75   


0
21.73  20.16  20.86  20.33  20.65  21.43  20.78  21.90  21.28  21.29  20.35  21.20  20.56  20.62  21.06  21.39   
19.88  20.89  20.40  20.56  21.22  21.76  21.47  20.82  20.93  22.13  21.44  21.82  21.68  21.33  21.54  21.69   
20.20  21.43  20.35  20.89  20.04  22.44  22.15  22.17  22.09  21.98  21.73  21.67  21.58  23.06  21.36  21.72   
20.25  20.85  21.07  21.66  20.05  21.81  21.59  21.48  21.77  21.77  22.24  22.16  22.41  21.91  22.88  22.70   


0
20.14  20.26  20.54  20.65  21.08  21.72  20.95  21.40  21.34  21.02  21.09  20.80  20.39  20.31  20.72  21.97   
20.10  20.58  20.23  21.09  21.60  21.81  20.91  21.18  21.09  21.87  21.28  21.01  20.58  21.03  20.79  21.79   
20.72  20.24  20.18  21.06  19.99  21.65  21.78  22.12  21.83  22.15  21.68  21.84  22.00  21.51  21.03  21.67   
20.49  20.38  21.28  21.85  21.11  21.87  21.87  22.43  21.71  22.41  21.60  21.86  21.96  22.43  21.39  22.29   


0
20.65  20.31  20.59  21.07  20.53  21.08  20.32  21.90  20.95  21.18  20.92  21.32  20.08  20.49  21.34  21.07   
20.02  21.27  20.52  20.56  21.76  21.34  21.06  21.24  20.93  21.20  21.65  21.60  21.79  20.70  20.56  21.99   
19.77  20.55  20.83  21.34  20.04  21.49  21.94  21.86  21.67  22.09  21.41  21.56  22.05  22.31  21.50  21.87   
20.54  21.39  21.07  21.17  20.75  22.27  21.48  21.93  22.34  22.69  22.24  21.55  20.97  21.91  21.76  21.98   


0
21.26  20.58  20.58  21.05  21.00  21.65  21.10  21.32  21.38  20.72  21.46  21.07  19.70  19.82  21.18  21.37   
20.28  20.75  20.27  21.24  20.99  21.95  21.25  20.81  21.13  21.70  21.85  21.48  20.97  21.06  20.97  21.83   
20.76  20.53  20.58  20.76  19.38  22.32  22.34  22.46  21.66  22.40  22.03  21.11  21.45  22.42  22.17  21.10   
20.53  20.70  21.45  21.40  20.73  22.37  21.58  21.25  21.64  21.99  22.23  21.41  21.74  22.19  21.42  21.43   


0
21.10  20.87  21.24  20.81  20.88  21.41  20.99  22.00  20.82  20.72  21.35  21.19  20.91  20.87  20.76  21.85   
20.82  20.88  20.03  21.12  21.53  21.54  21.56  21.22  21.02  21.70  21.42  21.91  21.20  21.44  21.52  21.83   
20.76  20.28  20.46  21.33  19.86  22.22  21.50  21.95  21.87  21.87  21.82  21.88  22.04  21.93  21.76  21.86   
20.83  20.15  21.45  21.77  21.28  22.14  21.91  21.92  21.98  22.79  22.11  21.54  21.22  22.04  22.39  22.51   


0
22.03  20.74  20.72  21.44  20.77  20.96  21.11  21.67  21.51  21.18  21.25  21.08  20.68  21.01  20.77  21.39   
20.29  21.40  20.40  21.25  21.44  21.86  21.57  20.93  21.35  22.13  21.65  22.04  21.91  20.57  20.42  21.07   
20.06  20.04  20.59  21.11  20.04  22.12  22.04  22.57  21.99  22.20  21.94  21.56  21.70  21.31  22.05  22.33   
20.54  20.85  21.07  21.66  20.61  22.38  22.03  21.59  22.34  22.00  21.41  21.79  20.97  22.05  21.11  22.52   


0
21.70  20.14  20.70  20.55  20.51  21.05  20.86  21.20  21.37  21.37  21.11  20.83  20.18  20.72  21.17  21.36   
19.85  20.22  20.37  21.00  21.41  21.63  21.75  21.00  21.12  21.59  21.52  21.79  20.72  20.93  21.65  21.81   
20.03  20.52  20.08  21.31  20.34  21.99  21.70  22.04  21.96  21.96  21.70  21.10  21.68  22.29  21.89  21.70   
20.22  20.13  20.53  21.27  20.30  21.21  21.67  22.24  22.32  21.75  22.33  21.64  22.12  21.89  22.05  21.77   


0
20.94  20.57  21.23  19.93  21.22  21.86  21.20  21.20  21.37  21.49  20.89  21.41  20.54  19.94  21.17  21.36   
20.40  21.12  20.25  20.53  21.41  21.73  21.34  21.72  21.33  21.48  21.73  21.14  20.96  21.30  21.37  21.35   
20.03  20.39  20.69  21.43  19.36  22.20  21.70  22.24  21.54  22.28  22.23  21.10  21.44  22.41  21.33  21.39   
20.52  20.82  21.05  21.27  21.00  21.55  21.56  21.90  21.86  22.09  21.86  21.52  21.73  21.31  21.25  21.77   


0
21.83  20.69  20.80  21.75  20.84  21.49  21.06  21.51  20.90  21.35  21.20  21.27  20.51  20.57  21.43  21.33   
20.10  20.71  19.87  20.85  20.96  21.50  21.42  21.29  20.99  21.97  20.96  21.66  21.16  21.15  21.07  21.94   
20.01  19.86  20.90  21.40  20.31  21.86  21.89  21.91  21.73  22.04  21.47  21.73  21.65  21.89  20.61  22.58   
19.74  21.07  21.67  20.87  20.69  21.76  21.43  21.99  22.41  22.18  22.07  21.50  21.83  21.14  21.71  21.93   

