Start of this file: 15:06:00 02/03/2017

0
20.57  20.52  19.99  20.52  20.36  21.26  21.40  21.40  21.35  21.35  21.20  20.68  20.87  21.08  21.12  21.29   
20.36  20.83  20.34  21.55  21.50  21.40  21.12  21.30  20.89  21.78  21.50  21.34  21.39  21.02  20.91  21.75   
21.26  19.72  20.78  21.06  20.27  21.97  21.68  22.33  21.53  21.94  21.79  21.73  22.93  21.88  21.14  21.94   
20.76  21.59  21.78  20.24  21.09  21.99  21.76  21.66  22.06  22.18  21.47  22.10  21.82  21.69  21.50  22.04   


0
21.68  20.12  21.49  21.29  20.52  21.53  21.22  20.98  21.50  21.28  21.24  21.30  20.67  21.11  21.30  21.49   
19.98  20.10  20.26  20.66  21.86  21.86  21.16  20.82  20.82  22.12  22.07  20.94  21.66  22.05  20.67  21.94   
20.31  20.27  21.05  20.99  19.82  22.12  21.83  22.17  21.77  21.98  21.83  21.55  21.68  21.54  21.32  21.07   
20.35  20.68  21.82  21.88  20.99  21.33  21.24  21.81  21.87  22.33  21.87  22.13  21.72  21.73  21.38  22.44   


0
20.71  20.50  20.64  20.87  20.82  21.13  20.60  21.72  21.00  21.34  20.52  21.02  20.37  20.80  20.68  21.60   
20.20  20.94  19.85  21.19  21.70  21.18  21.11  20.67  21.19  21.97  21.49  21.33  21.15  22.00  20.75  20.97   
20.54  19.96  20.40  20.83  19.28  22.07  21.46  22.12  20.89  22.14  21.57  21.61  21.52  21.36  21.27  20.71   
19.85  19.66  21.38  21.22  20.52  21.63  22.08  21.31  22.05  22.17  21.10  21.60  21.80  21.96  21.81  22.21   


0
21.32  20.50  20.38  21.24  20.47  21.48  21.05  21.72  21.22  21.23  20.63  21.48  20.74  20.28  20.82  21.28   
20.62  20.81  20.09  21.30  21.38  21.39  21.31  21.39  20.88  21.97  21.06  21.44  20.92  21.00  21.86  22.04   
20.54  20.34  20.52  21.28  19.60  21.54  21.78  21.71  21.83  21.82  21.36  21.94  21.63  21.87  21.55  21.62   
20.00  20.08  21.38  21.34  21.07  21.74  21.97  21.64  21.93  21.82  22.05  21.72  21.93  21.96  21.65  22.21   


0
21.19  20.67  20.80  20.65  20.37  21.62  20.62  21.86  21.58  20.92  21.55  21.16  20.64  20.56  21.27  22.10   
20.37  20.46  20.60  21.10  21.62  21.42  21.24  21.00  21.22  22.10  21.51  21.24  21.75  21.53  20.92  21.76   
20.14  20.11  20.43  21.30  20.12  21.99  22.01  22.24  21.65  21.74  22.12  22.07  22.13  22.01  21.99  22.25   
20.32  20.79  21.67  21.49  21.10  22.34  22.22  21.45  22.07  22.42  21.96  21.87  22.35  21.84  22.63  23.66   


0
21.21  20.26  20.81  20.91  20.62  22.32  20.75  21.54  21.59  20.82  21.12  21.06  20.53  20.45  20.86  21.79   
19.83  20.60  20.73  20.76  20.88  21.85  21.15  20.81  20.71  21.91  21.31  21.47  21.30  21.29  21.07  21.62   
20.58  20.00  20.32  20.86  19.97  21.26  21.92  21.85  22.07  21.97  21.71  21.54  22.14  21.40  21.86  21.81   
20.34  20.80  21.16  22.12  20.56  21.67  21.79  21.24  22.08  22.44  21.62  21.76  21.32  21.86  22.01  22.43   


0
21.33  20.23  21.18  20.76  20.36  21.84  20.84  21.51  20.79  21.46  20.64  21.50  19.78  20.42  20.98  21.45   
20.36  20.44  20.70  20.97  21.07  21.51  21.22  20.79  21.73  21.47  21.61  21.34  21.16  21.39  20.07  21.60   
20.55  20.10  20.66  20.95  20.10  21.87  21.47  21.82  21.94  21.62  21.79  21.19  21.88  21.63  21.28  21.33   
20.01  19.95  21.65  21.48  20.81  21.64  21.54  21.55  21.94  22.64  22.30  21.85  21.69  21.26  22.14  21.50   


0
21.36  20.26  20.68  20.54  20.39  21.52  20.98  21.65  21.59  20.60  20.89  21.41  20.17  20.84  21.29  21.48   
20.93  21.24  20.37  20.42  21.10  21.11  20.84  21.53  21.44  22.01  20.88  21.69  21.65  21.29  21.21  21.47   
20.15  20.26  20.68  20.75  19.64  22.10  22.34  21.95  21.76  22.28  21.19  21.87  22.14  21.78  21.58  21.36   
20.04  21.07  20.90  21.01  21.52  21.90  21.23  21.57  22.08  22.55  22.33  22.12  22.10  22.00  21.85  22.25   


0
21.03  20.37  19.99  20.27  20.00  20.79  20.39  21.85  20.90  19.90  20.87  20.80  20.63  20.55  21.40  20.97   
20.22  20.19  19.50  21.09  21.07  21.51  21.22  21.30  21.41  21.98  21.39  21.45  21.39  21.27  20.63  21.44   
20.70  20.48  20.54  20.95  19.29  21.76  21.37  22.13  21.74  21.51  22.42  21.41  21.41  21.88  21.28  21.48   
19.86  20.23  21.01  22.21  20.81  21.99  21.32  21.88  21.48  22.64  21.59  22.10  21.16  21.54  21.98  21.68   


0
20.76  19.84  20.56  20.80  20.76  20.95  21.22  21.21  21.27  20.39  21.02  20.95  20.67  20.33  20.73  21.97   
20.26  20.61  20.62  20.31  21.22  21.44  21.47  21.03  21.14  22.02  21.22  21.05  21.31  21.05  20.94  21.33   
20.16  20.27  20.33  21.55  19.66  21.59  21.20  21.66  21.36  21.66  21.62  22.10  21.33  21.92  21.46  21.37   
20.65  20.40  20.92  22.01  20.57  21.68  22.02  21.81  22.56  21.64  21.87  21.77  21.20  21.58  22.02  21.90   


0
20.42  20.10  20.80  20.77  20.61  21.27  20.96  21.30  21.14  21.48  20.88  20.46  21.24  20.56  21.13  21.46   
19.82  21.10  20.48  20.98  21.30  21.52  21.54  21.31  21.53  21.79  21.41  22.22  20.82  21.53  21.89  22.37   
20.14  19.73  20.31  20.96  19.79  21.78  21.80  22.14  21.85  21.85  21.49  21.96  22.01  21.89  21.99  22.85   
19.73  20.51  21.02  21.00  20.55  21.42  22.11  22.34  22.07  22.42  21.48  21.62  22.22  21.56  22.47  22.77   


0
21.03  20.37  20.52  21.01  21.07  20.56  20.84  20.94  21.23  21.24  21.32  21.03  20.75  20.29  20.84  21.61   
20.08  20.57  20.46  20.74  21.07  21.72  21.22  21.20  20.89  21.78  21.71  21.34  21.51  21.14  21.05  21.44   
19.55  19.72  20.66  21.06  19.62  21.45  22.11  22.03  21.53  22.05  21.90  21.41  21.65  21.75  22.11  21.18   
20.01  20.91  21.01  21.85  21.22  21.76  21.43  21.55  21.83  21.95  21.59  21.85  21.69  21.97  21.01  21.14   


0
20.57  20.09  20.79  20.52  20.84  21.02  20.39  20.83  20.68  21.02  20.98  20.45  20.51  20.68  20.98  21.45   
20.22  20.96  20.34  20.85  20.53  21.09  21.22  21.20  21.31  21.16  21.18  21.23  21.04  21.02  21.60  22.21   
20.27  19.97  20.42  20.73  20.27  21.87  22.21  22.03  21.84  21.73  21.90  21.63  21.41  21.38  22.25  22.69   
20.16  21.05  21.40  21.11  20.25  21.76  21.20  21.43  22.06  22.07  21.59  21.61  21.29  21.26  20.69  21.50   


0
21.17  20.50  20.25  20.50  20.47  21.36  20.60  21.61  21.11  20.78  21.30  21.25  20.74  20.14  20.54  21.28   
20.20  20.30  20.09  21.19  21.06  21.08  21.31  21.29  21.09  21.56  21.38  21.54  21.38  21.38  20.61  21.12   
21.11  20.47  20.64  21.28  19.44  21.54  21.46  21.71  21.72  21.72  21.67  21.61  21.28  22.24  20.57  21.62   
20.45  20.90  20.99  21.59  19.82  21.40  21.64  21.42  22.05  22.17  22.05  21.60  21.41  22.39  21.81  21.67   


0
20.87  20.23  20.39  20.76  20.84  21.61  20.39  21.40  21.46  21.13  21.54  20.56  20.63  20.95  20.55  22.09   
19.81  20.83  20.70  20.74  21.61  22.03  21.33  21.30  21.00  22.39  21.82  21.34  21.04  21.39  20.91  21.13   
21.12  19.46  21.02  20.84  20.10  21.45  21.68  22.13  22.36  21.94  21.58  21.73  21.65  21.50  21.70  21.63   
19.86  20.91  21.65  21.97  20.95  21.41  21.43  21.55  22.63  21.49  21.95  22.10  21.42  21.83  22.30  21.32   


0
20.27  19.67  20.27  20.40  20.85  21.73  20.62  21.63  21.14  21.14  20.88  20.58  20.40  20.56  20.99  21.30   
20.09  19.55  20.48  21.21  21.30  21.31  21.44  21.62  20.80  22.00  21.19  21.13  21.52  20.52  21.20  21.76   
21.28  20.11  20.31  20.74  20.44  22.09  21.49  22.44  21.96  22.16  21.70  21.86  21.42  21.77  21.71  21.19   
20.17  20.79  21.28  21.74  20.82  21.77  21.33  21.67  22.07  21.85  21.48  21.99  21.57  21.70  21.35  23.13   


0
20.73  20.39  20.14  21.51  21.20  21.85  20.28  21.86  20.69  20.58  20.43  21.28  20.76  19.91  20.85  22.10   
20.91  19.81  20.24  21.44  21.94  21.42  20.73  21.41  20.80  21.59  21.19  21.24  21.17  21.03  21.06  21.30   
20.71  20.62  20.79  20.96  19.30  21.99  21.80  21.53  21.54  22.38  21.49  21.53  21.78  21.64  21.43  21.80   
19.42  20.10  21.02  21.49  20.55  22.00  21.89  21.67  21.61  22.08  21.13  21.50  21.96  20.98  21.51  21.69   


0
20.89  20.96  20.80  20.03  20.97  21.39  20.62  21.52  21.36  20.47  21.44  21.16  20.28  20.30  20.28  20.82   
20.91  20.20  19.63  21.33  21.30  21.73  21.75  21.21  20.69  21.69  21.41  20.92  21.40  21.15  21.47  21.76   
20.71  19.73  20.43  20.74  19.63  21.99  22.33  22.04  22.16  21.95  21.70  21.86  22.24  21.77  21.29  21.95   
20.62  19.55  21.15  21.49  20.41  21.54  21.77  21.67  21.61  22.08  22.20  21.74  21.57  22.42  21.51  21.87   


0
21.07  20.12  20.30  20.92  20.99  21.18  20.20  21.77  20.94  20.83  21.13  20.95  20.42  20.20  20.59  21.17   
20.39  20.61  19.90  21.12  21.75  21.34  21.06  21.64  21.56  21.61  21.22  21.27  21.20  21.18  21.36  21.33   
20.45  20.40  20.45  20.99  19.33  22.22  21.30  22.47  21.77  21.87  20.78  21.88  21.45  21.79  21.73  21.22   
20.95  20.81  21.05  21.76  21.12  21.79  21.47  21.92  21.87  22.33  21.75  21.89  21.72  21.15  22.18  21.90   


0
20.87  20.23  21.18  20.76  20.36  21.49  20.95  21.40  21.12  20.80  20.98  21.03  20.51  20.55  20.98  22.40   
20.77  20.57  20.10  20.74  21.39  21.61  21.12  21.40  21.10  21.98  21.39  21.23  21.16  21.89  21.32  21.90   
20.55  19.97  20.17  21.18  19.94  21.87  21.90  21.62  21.74  22.15  22.21  20.97  21.41  21.75  22.52  22.99   
20.31  20.77  21.27  21.48  20.95  22.10  22.21  21.55  21.83  22.64  21.71  22.22  22.08  22.26  22.30  22.58   


0
20.41  20.23  20.39  20.89  20.72  21.26  20.95  21.06  20.90  20.80  20.98  21.26  20.39  20.81  21.40  22.56   
20.63  20.83  20.82  20.74  21.29  21.72  21.53  21.20  21.00  21.57  21.50  21.23  21.28  21.02  21.18  21.44   
20.27  19.85  20.30  21.06  19.45  21.45  21.47  22.13  21.63  21.62  21.16  21.41  21.53  21.25  22.25  21.18   
20.01  20.50  21.14  21.72  20.25  22.22  21.54  21.99  21.94  21.84  21.83  21.73  22.34  22.12  21.50  22.58   


0
20.89  21.10  21.20  20.90  20.97  20.92  20.40  21.75  21.25  21.14  21.55  21.28  20.16  20.83  20.85  21.30   
20.50  19.16  20.24  20.98  21.08  21.10  21.54  21.41  21.11  21.69  21.19  21.35  21.17  21.15  21.20  21.92   
20.57  20.37  21.15  20.62  19.96  21.56  22.12  21.84  21.65  21.95  21.80  21.42  21.54  21.39  21.71  21.19   
19.88  20.51  21.02  21.37  21.24  21.42  21.33  21.56  22.19  22.31  21.36  21.50  22.48  21.56  21.51  21.33   


0
20.77  20.43  20.44  21.43  21.01  21.08  20.78  21.22  21.62  20.73  21.03  21.55  20.44  21.00  21.17  21.82   
20.54  20.75  20.52  21.14  21.98  21.87  21.17  21.45  20.84  21.83  21.87  21.28  21.44  21.19  21.10  21.95   
20.61  20.79  20.71  21.34  20.48  22.13  21.95  22.18  21.37  22.62  21.53  21.89  21.81  21.68  21.33  20.93   
19.92  20.83  21.45  21.77  21.14  21.92  21.92  21.82  22.11  22.00  21.64  21.42  21.61  21.45  21.71  21.91   


0
20.75  20.97  20.81  21.16  20.39  21.40  20.98  21.42  21.15  20.82  21.34  21.17  20.29  20.84  22.13  21.32   
20.66  20.73  20.49  21.23  20.77  21.53  21.45  21.32  21.33  21.60  21.31  22.02  21.53  21.79  21.21  21.93   
21.15  20.38  21.16  21.20  19.97  22.00  21.18  22.05  22.28  22.07  21.61  21.87  22.02  22.40  21.72  21.81   
20.34  21.07  21.42  21.01  21.25  22.24  21.68  21.68  21.85  22.09  21.74  21.88  21.71  22.29  22.65  22.96   


0
20.44  20.11  20.42  20.17  20.39  21.75  20.86  21.20  21.71  21.04  21.12  21.17  20.65  20.84  20.58  21.00   
20.52  21.11  20.25  20.88  21.31  21.95  21.45  21.22  20.92  21.91  21.42  21.47  21.19  21.04  20.93  21.62   
20.29  20.38  20.44  21.32  19.97  22.00  21.71  21.95  21.55  21.97  21.71  21.21  21.32  21.78  21.86  22.26   
20.34  20.53  21.16  21.38  21.11  21.44  22.23  21.91  22.77  21.75  21.62  21.51  22.23  21.86  21.69  22.96   


0
21.00  20.78  21.03  20.49  20.33  21.81  20.70  21.71  21.43  21.22  21.29  21.12  21.32  20.26  20.95  21.27   
19.92  20.42  20.20  20.48  21.69  21.48  20.89  21.07  21.28  21.65  21.69  21.31  20.67  20.74  21.16  21.57   
20.53  20.46  20.39  20.93  19.26  21.95  22.08  22.10  21.82  22.13  21.45  21.71  21.27  21.10  21.81  21.76   
19.69  20.75  21.24  21.33  22.16  21.85  21.74  21.74  21.80  22.16  21.92  21.59  21.66  21.37  21.47  22.20   


0
21.04  20.53  20.80  21.63  21.20  21.50  21.19  21.52  20.80  20.70  20.88  20.93  20.40  20.43  20.28  21.94   
21.05  20.20  20.72  22.02  23.85  21.21  21.44  21.00  21.43  21.59  21.19  21.68  20.48  21.53  21.20  20.68   
20.42  20.50  21.27  21.53  25.64  21.88  22.54  22.34  21.44  21.53  21.38  21.31  22.01  21.64  21.99  21.19   
20.03  21.06  22.18  22.22  24.35  22.91  21.89  21.78  22.42  22.42  21.48  21.87  21.70  22.56  21.83  22.05   


0
21.19  20.67  22.24  25.35  22.84  21.73  21.19  22.08  20.80  21.25  21.33  21.16  20.28  21.09  21.13  21.62   
19.68  20.58  20.72  22.93  21.94  21.42  21.24  20.90  21.01  21.69  22.05  21.79  21.75  21.40  21.06  22.22   
20.14  20.50  21.15  23.75  20.44  22.20  22.43  22.55  23.09  22.38  23.26  22.51  22.24  22.14  21.71  22.40   
21.07  20.51  22.05  24.51  22.33  22.23  22.00  22.78  22.53  22.42  23.61  23.31  21.96  21.27  22.47  22.05   


0
21.21  20.69  21.47  24.89  22.27  21.86  21.20  21.65  23.14  24.44  22.23  21.29  21.25  20.84  20.72  21.32   
20.38  21.49  21.20  23.28  21.74  21.95  21.56  21.32  21.54  24.64  24.79  22.02  21.65  20.79  21.62  22.08   
20.86  20.76  21.52  23.87  19.97  22.32  22.97  23.26  23.00  22.71  24.30  21.76  22.26  22.15  21.86  21.66   
20.34  21.07  22.19  24.05  22.21  23.49  24.75  24.97  25.70  24.37  23.74  23.33  21.97  21.57  21.36  22.96   


0
21.33  20.80  21.45  23.80  21.07  21.49  20.95  22.52  23.66  23.00  22.43  21.38  21.35  20.16  20.55  20.97   
20.08  21.08  21.30  23.82  22.14  23.07  23.85  24.12  23.58  24.31  24.25  22.74  21.39  21.52  20.91  21.13   
21.12  21.25  21.61  23.96  21.87  24.27  25.10  26.29  25.30  25.38  24.78  23.25  21.65  21.38  21.28  21.79   
20.91  21.45  22.68  24.50  25.53  25.37  26.34  26.13  25.23  25.68  26.24  23.66  21.82  21.97  22.14  22.22   


0
21.67  20.83  22.00  23.58  20.86  24.15  24.20  25.73  24.76  24.87  23.55  22.79  21.13  21.10  21.29  21.16   
20.38  20.98  21.44  23.84  24.59  25.33  26.52  25.63  25.12  25.73  25.82  22.88  21.19  21.54  21.07  21.93   
20.58  20.76  21.52  24.53  26.87  25.52  26.54  26.90  25.02  26.02  26.72  22.63  21.79  21.90  21.86  21.51   
20.78  21.21  22.58  24.17  26.47  26.27  25.61  26.26  26.14  26.59  25.35  22.00  22.62  22.29  22.17  22.25   


0
20.89  20.96  22.89  25.00  24.69  25.93  25.92  25.50  25.82  25.92  24.96  22.20  20.76  21.09  21.27  21.30   
20.09  20.84  22.14  26.27  25.10  25.52  25.24  25.62  25.91  26.89  24.88  21.79  20.94  21.28  21.47  21.15   
20.99  20.50  20.91  23.97  24.87  25.51  24.30  24.54  25.71  24.67  22.53  21.86  21.42  22.26  21.43  21.50   
21.22  20.92  21.54  21.74  21.92  23.93  22.44  22.56  22.99  22.19  22.67  21.74  21.44  21.84  21.99  21.69   


0
21.50  20.10  21.46  22.36  23.19  24.02  23.53  23.97  23.45  21.36  21.55  21.39  20.28  21.09  20.71  22.26   
20.50  20.58  20.36  20.87  20.87  22.04  22.15  21.21  21.84  21.69  21.19  21.57  20.71  21.65  20.50  22.22   
20.14  20.37  20.91  21.19  19.63  21.78  22.12  21.74  22.27  21.95  21.70  21.53  22.01  21.77  21.01  21.95   
20.92  20.92  21.02  21.61  20.68  21.65  22.00  22.23  22.42  22.08  21.72  21.74  22.35  21.70  21.67  21.87   


0
21.19  20.53  20.93  21.27  20.61  21.97  22.42  21.63  21.14  20.47  21.22  20.93  20.16  20.30  21.41  21.78   
20.23  21.35  20.24  20.98  20.87  21.73  21.24  21.62  21.11  21.59  21.51  21.89  21.17  21.15  21.47  21.61   
20.71  19.99  20.91  20.62  20.44  22.09  22.01  22.24  21.75  22.27  21.70  21.31  21.54  22.51  21.71  21.50   
21.07  20.92  21.15  22.22  21.10  22.23  21.66  22.00  21.96  21.96  21.48  21.38  21.83  21.56  22.31  22.05   


0
20.90  20.69  20.68  20.79  20.15  21.63  23.76  21.42  21.04  21.27  21.23  21.17  20.89  20.05  21.00  21.16   
19.28  21.24  20.37  20.65  21.10  21.53  21.45  21.53  20.81  22.11  22.06  20.93  21.30  20.92  20.65  21.32   
20.58  20.26  21.04  20.41  19.15  21.58  22.13  21.44  21.76  22.18  21.40  21.54  21.55  21.78  21.17  21.81   
19.74  20.66  21.29  21.99  21.39  21.90  21.34  21.91  21.85  21.75  21.85  22.00  22.10  21.14  21.36  22.43   


0
21.65  20.53  21.20  20.53  20.61  21.62  21.98  21.86  21.36  21.03  20.88  20.69  20.52  20.17  20.71  21.94   
19.96  20.58  20.72  20.40  21.41  21.21  21.75  21.21  21.74  21.89  21.30  21.68  21.87  21.15  21.47  21.15   
20.28  19.73  20.55  21.53  19.96  21.78  21.28  21.84  21.96  21.85  21.59  22.07  22.01  22.14  21.29  21.95   
20.17  21.47  21.41  21.49  20.27  22.11  22.22  22.23  22.19  22.31  22.31  21.87  21.70  21.56  21.99  22.05   


0
21.81  20.24  20.67  20.77  20.61  21.73  20.74  22.20  21.47  21.48  21.10  21.85  21.24  20.96  21.69  22.10   
20.09  20.97  21.31  21.10  22.26  21.83  21.14  21.72  22.36  21.48  21.83  21.68  21.29  21.28  21.89  22.22   
20.99  20.62  20.67  21.86  23.31  22.62  22.12  22.95  22.99  22.06  22.12  22.18  22.24  22.64  22.81  22.55   
21.07  21.19  21.67  23.31  23.14  22.00  22.88  23.99  24.57  23.22  22.43  22.23  21.96  22.42  21.35  22.95   


0
21.19  20.53  21.59  22.00  23.19  21.97  20.85  22.64  22.69  21.70  21.66  20.81  20.64  20.70  21.27  21.78   
20.64  20.84  20.83  23.49  23.64  22.46  22.56  23.64  23.08  22.40  21.62  21.35  21.40  21.53  21.20  22.37   
20.99  20.50  20.79  24.30  21.09  23.14  24.60  25.33  24.41  23.01  22.33  21.96  22.94  22.26  22.26  21.50   
20.32  21.19  23.84  24.63  22.74  23.82  24.96  25.07  24.80  25.14  24.53  22.83  21.70  21.56  22.15  22.41   


0
20.91  21.55  20.69  25.02  22.64  23.48  23.77  24.43  23.80  22.60  23.24  21.88  21.15  20.59  22.42  22.13   
21.75  21.38  22.05  24.41  23.24  24.23  24.58  25.05  24.13  23.95  24.49  23.10  21.08  21.05  21.50  22.09   
20.59  21.03  23.19  25.08  23.02  25.13  25.34  25.84  24.13  24.70  25.43  23.82  21.92  22.04  21.32  22.13   
20.65  21.36  24.86  25.13  22.49  24.18  25.41  24.77  23.13  23.82  24.33  23.22  22.12  22.73  22.18  22.80   


0
21.65  21.53  24.05  23.81  22.84  24.14  24.19  24.95  23.34  23.89  24.41  22.77  20.76  20.70  21.41  20.82   
21.05  21.73  24.58  25.05  22.69  23.39  23.26  22.53  21.84  23.82  23.42  22.00  21.64  21.15  21.20  22.68   
20.71  20.62  23.16  24.52  22.36  22.41  22.33  22.75  22.27  23.01  22.12  21.42  21.66  22.26  22.26  22.10   
20.77  21.19  21.67  22.47  22.06  22.23  22.22  21.89  22.64  21.73  22.08  22.35  22.48  22.13  22.31  22.95   


0
21.67  21.82  22.52  21.89  20.74  21.40  21.54  22.77  21.59  21.04  21.79  21.41  20.05  20.45  21.71  22.27   
20.66  20.47  20.37  20.76  21.42  21.74  21.66  21.12  21.44  22.11  22.27  22.02  21.99  21.67  21.90  21.93   
21.01  20.26  21.04  21.88  19.97  22.21  22.34  21.65  22.28  22.18  21.82  22.09  21.67  22.28  22.00  21.36   
20.49  20.80  21.68  21.01  21.11  21.78  22.34  21.79  21.97  22.21  22.33  21.76  22.88  22.43  22.49  22.25   


0
21.03  21.23  20.39  20.76  21.07  21.49  20.95  22.30  21.46  21.02  21.43  21.03  20.99  20.81  21.12  21.61   
20.63  21.72  20.82  21.09  21.61  21.72  21.63  21.40  21.31  22.19  21.93  21.77  21.28  21.02  21.74  22.51   
20.41  20.61  20.54  21.63  19.94  22.29  21.90  22.73  21.63  22.79  22.42  21.73  22.58  22.00  21.97  21.48   
19.86  20.23  21.78  21.48  21.09  21.41  22.21  21.88  22.17  22.53  22.42  21.98  21.95  22.12  21.98  21.86   


0
21.18  21.09  20.39  20.52  20.60  22.18  21.06  21.85  21.35  21.13  20.75  21.73  21.11  20.42  20.70  22.09   
19.39  20.83  20.46  21.20  21.29  22.24  21.84  21.20  21.83  21.78  21.71  21.67  21.97  21.27  21.60  21.60   
19.98  20.23  20.17  20.84  19.94  22.29  21.90  22.43  21.74  22.36  22.10  21.19  21.76  21.63  21.97  21.94   
20.46  21.05  21.53  21.85  20.67  22.10  21.65  21.66  21.83  22.18  22.18  22.10  21.82  21.97  21.98  22.04   


0
21.04  20.96  21.46  21.02  20.97  21.39  21.08  22.08  21.58  21.48  20.99  21.51  20.28  20.96  21.13  22.42   
20.50  21.10  20.48  20.87  21.51  21.94  21.03  21.31  20.90  22.40  21.51  21.24  21.06  21.03  21.20  21.76   
20.57  20.11  20.67  21.30  20.44  22.09  21.59  22.44  21.75  22.16  22.33  21.53  22.13  22.14  21.85  22.25   
20.17  21.06  21.80  21.61  20.68  22.00  22.22  21.67  21.84  21.85  22.31  21.74  21.31  22.27  22.31  22.41   


0
21.17  20.65  20.38  21.00  20.35  21.82  21.05  21.50  21.22  20.89  21.19  21.25  20.98  20.93  20.82  22.07   
19.93  20.81  20.45  21.19  21.81  21.60  21.21  21.39  21.19  21.66  21.81  21.76  20.92  21.50  20.89  21.58   
20.68  20.34  21.12  21.16  20.09  21.64  21.67  22.12  21.62  22.03  22.20  21.72  22.10  21.36  21.41  20.86   
20.15  21.17  21.12  21.96  21.07  21.86  21.86  21.98  22.05  22.28  21.70  21.84  21.67  21.96  22.13  20.94   


0
21.04  20.10  20.93  20.53  21.09  21.50  21.30  22.20  21.47  21.25  20.88  20.93  20.76  20.43  20.99  21.46   
20.50  20.84  20.12  20.87  20.97  21.42  21.65  21.00  21.01  21.89  21.51  21.35  21.29  21.15  21.33  22.22   
20.28  20.37  20.67  21.19  20.12  21.88  21.28  22.04  22.06  22.16  21.28  22.07  22.01  21.77  21.85  22.55   
19.88  20.65  21.67  21.86  20.82  21.54  22.00  21.89  22.76  22.08  22.08  21.74  21.83  21.41  21.83  22.77   


0
21.21  20.11  20.68  21.28  20.86  21.52  20.52  21.31  21.26  21.27  21.56  21.41  20.41  20.32  21.43  21.16   
19.83  21.11  20.37  21.11  21.63  21.64  21.15  21.53  20.81  21.80  21.95  21.47  21.30  21.29  21.35  21.93   
20.29  20.89  20.20  21.65  19.64  21.79  21.71  22.05  21.35  21.86  21.92  21.54  21.55  21.78  22.00  21.96   
20.04  20.53  21.03  21.50  21.52  21.55  21.34  22.02  22.08  22.09  21.85  21.76  21.71  22.29  21.04  22.25   


0
21.19  20.24  20.93  20.65  20.49  21.27  20.40  22.08  21.14  21.36  20.88  21.39  20.76  19.64  20.99  21.94   
20.23  20.84  20.36  20.87  20.97  21.62  21.65  21.72  21.53  22.10  21.19  21.46  21.29  21.03  21.06  21.30   
20.57  19.99  20.67  20.74  19.30  21.67  21.06  22.04  21.54  22.38  21.80  20.65  21.31  22.01  21.71  21.19   
20.92  21.33  21.67  21.86  21.24  21.54  21.66  21.45  21.84  22.08  21.96  21.38  21.44  21.99  21.67  21.87   


0
20.73  20.10  21.06  20.65  21.44  20.92  20.96  21.30  21.58  20.58  21.33  20.93  20.64  20.17  20.85  21.14   
19.96  21.10  20.48  20.52  21.19  21.21  21.44  21.21  20.80  22.20  21.30  21.24  21.17  21.15  20.78  21.76   
20.71  20.24  20.43  21.53  19.30  21.78  22.12  21.53  21.85  21.85  21.49  21.75  22.13  22.14  21.43  21.04   
20.03  20.51  21.80  21.37  20.82  21.88  21.10  22.23  22.19  22.65  22.20  21.87  21.04  21.70  21.19  21.87   


0
21.18  20.95  20.13  20.39  20.84  20.79  20.84  21.96  21.35  20.91  21.65  21.50  21.23  20.16  21.96  21.61   
20.22  20.96  20.34  20.74  21.39  21.61  21.33  21.20  20.89  21.78  21.18  21.67  21.39  21.39  21.05  21.60   
21.12  20.10  20.42  20.95  20.10  21.45  22.21  21.82  22.05  21.73  21.90  21.30  22.35  22.38  21.56  22.39   
20.31  20.36  21.14  22.09  21.22  21.53  21.76  21.99  22.06  22.64  21.35  21.98  21.69  21.54  21.82  22.94   


0
20.75  20.11  20.15  20.54  20.39  21.17  20.75  21.31  21.48  20.82  21.23  21.29  20.29  20.05  20.86  21.48   
19.97  20.47  19.77  20.76  21.31  22.06  20.84  21.53  21.13  21.49  21.63  21.91  20.95  21.17  21.35  22.08   
20.15  20.76  21.04  21.20  19.48  21.79  22.03  21.75  21.76  21.97  21.40  21.76  21.79  22.28  21.17  21.66   
20.19  20.80  21.55  20.77  20.42  21.32  21.68  22.46  22.54  21.63  22.21  21.51  21.58  21.71  22.33  21.71   


0
20.73  19.81  20.93  21.02  20.97  20.80  20.62  21.07  21.80  21.48  21.33  21.28  21.00  19.77  21.41  21.78   
20.50  20.84  20.83  20.52  21.30  21.21  21.14  21.21  21.43  21.69  21.41  21.13  20.82  21.15  21.33  21.46   
20.42  20.11  20.43  21.08  19.79  21.67  22.22  22.14  21.96  22.06  21.38  22.07  21.66  22.14  21.43  22.40   
21.22  20.65  21.28  22.10  20.27  22.57  21.66  22.00  21.61  22.31  22.08  21.50  21.96  22.27  21.35  21.69   


0
20.55  20.07  21.04  21.00  20.82  21.59  20.94  21.61  21.33  20.56  20.74  20.90  20.61  20.80  21.53  22.07   
20.62  20.43  20.21  20.26  21.17  21.49  21.42  21.08  20.98  21.25  21.06  21.33  21.15  21.25  20.75  21.74   
20.82  20.47  21.00  20.83  20.25  21.96  22.09  22.22  21.83  21.18  21.46  21.28  21.98  21.36  21.27  21.62   
19.55  20.90  21.90  21.47  21.07  21.51  21.41  21.20  22.39  22.17  21.93  22.21  21.93  21.67  21.81  21.85   


0
21.65  20.39  21.33  20.28  21.32  21.85  20.62  21.52  21.80  21.48  21.10  21.39  20.76  20.43  20.85  21.46   
19.82  20.20  20.48  20.40  22.05  21.62  21.54  21.41  21.32  22.00  21.73  21.89  21.75  20.78  21.89  21.15   
20.99  20.50  21.03  21.42  19.79  22.30  22.12  21.74  22.06  22.16  21.91  21.86  21.78  22.14  21.57  22.55   
20.32  20.51  21.15  21.25  19.99  21.31  22.33  21.89  21.96  22.54  21.72  21.87  22.22  21.99  21.35  22.23   


0
21.19  20.67  20.93  20.65  21.32  21.62  21.19  21.86  21.36  21.25  21.10  21.28  20.52  20.83  21.13  21.94   
20.37  20.46  20.36  21.10  21.41  22.15  21.54  21.11  21.32  21.89  21.94  21.46  21.64  21.65  21.20  21.76   
20.57  21.51  20.55  21.30  20.12  22.20  21.49  21.74  22.27  22.16  21.70  21.75  21.89  22.51  21.43  22.40   
20.32  20.92  20.76  21.86  20.41  22.23  21.10  22.11  22.30  21.62  21.25  22.23  21.70  22.42  22.31  21.87   


0
21.21  20.26  21.21  20.17  20.74  20.93  21.32  22.43  21.15  21.27  21.23  21.41  20.41  20.97  21.57  22.27   
20.24  20.60  20.49  20.53  21.31  22.16  21.15  21.32  21.02  21.80  21.20  21.47  21.19  22.16  21.35  21.78   
20.44  20.00  20.44  20.41  19.64  22.32  22.13  22.66  21.55  21.97  22.13  21.87  22.37  21.65  22.14  21.96   
20.78  20.94  21.55  20.77  21.52  22.24  21.79  22.02  22.08  22.67  22.33  21.76  21.97  22.14  21.85  22.07   


0
21.01  20.36  21.17  21.00  20.82  21.82  20.60  21.95  21.78  20.67  21.41  20.90  20.98  20.41  20.54  21.91   
20.34  20.81  20.69  21.19  21.17  21.49  21.72  21.39  20.98  21.77  21.17  21.22  21.38  21.63  21.72  21.74   
20.54  20.73  20.64  21.16  20.25  21.96  21.57  22.32  21.72  22.14  21.36  21.72  21.87  21.36  22.10  21.92   
20.45  21.03  21.77  21.34  20.93  21.28  21.64  22.09  22.16  22.51  22.05  21.72  21.67  21.96  21.33  22.03   


0
21.19  20.96  20.80  20.77  20.61  21.39  21.08  22.20  21.25  21.25  21.10  21.74  20.52  20.17  20.42  21.14   
19.96  21.10  20.12  21.10  21.19  21.73  21.65  21.52  21.22  22.20  21.51  21.89  21.64  21.40  21.33  21.30   
20.42  20.37  21.15  21.53  20.93  21.67  21.70  22.34  21.75  21.85  21.80  21.64  22.36  22.01  22.12  22.10   
20.32  21.06  21.15  21.61  20.82  22.11  21.89  21.22  22.42  22.65  21.96  21.99  22.35  22.42  22.79  22.59   


0
21.21  20.26  20.42  22.01  20.74  20.93  20.75  21.42  21.26  21.27  21.23  20.94  21.01  20.84  21.29  21.48   
20.66  20.73  20.37  21.34  21.31  21.74  21.56  21.32  21.33  21.80  21.85  21.58  21.65  21.79  21.21  22.23   
21.15  20.00  21.04  21.54  20.13  21.58  22.34  21.65  21.45  22.39  22.13  21.76  22.26  22.03  22.82  22.87   
20.93  21.07  21.94  21.38  21.39  21.44  21.79  21.79  22.43  23.24  22.21  22.12  21.97  22.71  22.01  23.50   


0
21.78  20.22  20.64  21.12  20.82  21.71  21.16  21.72  21.11  20.78  21.64  21.48  20.74  20.41  21.39  22.07   
20.20  21.33  20.69  20.73  21.70  21.70  21.42  21.80  21.51  21.87  21.70  21.65  21.38  21.13  20.89  21.74   
20.68  20.34  21.00  21.05  20.09  22.17  22.20  22.12  21.62  22.25  21.46  21.72  21.28  22.36  22.10  21.77   
19.55  21.17  21.38  21.96  20.93  22.09  22.08  22.20  22.28  22.51  21.82  21.96  21.67  22.10  22.13  22.03   


0
21.81  20.24  20.67  20.90  20.61  21.04  20.85  22.08  21.02  21.48  21.55  21.39  21.00  20.96  20.99  21.30   
20.64  20.97  21.07  21.33  20.97  22.04  21.34  21.41  20.90  21.89  21.73  21.03  21.64  20.90  21.47  22.07   
21.42  20.37  20.55  21.30  21.09  22.30  22.33  21.94  21.75  22.16  21.59  22.07  21.78  22.39  21.43  22.70   
20.17  20.79  21.54  21.61  21.24  22.00  21.77  22.11  22.07  22.54  22.08  21.74  21.57  22.13  22.47  22.23   


0
21.19  20.53  20.93  21.39  21.09  21.97  21.19  21.63  21.69  21.03  20.77  21.62  20.64  21.35  21.27  22.10   
20.91  20.84  20.72  21.10  21.41  21.52  21.54  21.62  21.53  21.48  21.73  21.03  21.06  21.28  20.64  21.61   
20.99  20.50  21.03  21.08  20.44  22.09  21.80  22.34  21.96  22.16  21.70  21.64  21.89  22.39  21.71  22.10   
20.77  20.92  21.80  21.74  20.55  22.00  21.55  21.33  22.19  22.65  22.31  22.11  21.96  21.99  21.35  22.05   


0
21.47  21.36  23.38  24.26  22.00  22.86  21.84  23.28  22.33  21.01  21.19  21.25  20.74  20.54  21.25  22.39   
20.48  20.94  20.93  23.13  23.09  22.02  21.72  21.59  21.82  21.97  21.81  22.08  21.84  21.75  21.17  22.19   
20.97  21.23  20.64  21.95  22.02  24.36  22.30  22.42  22.65  22.77  22.30  21.72  22.22  22.86  21.82  22.38   
20.60  21.30  21.77  21.83  20.80  23.23  21.53  21.98  22.51  22.63  22.17  22.21  22.20  22.53  22.13  23.28   


0
22.10  21.51  24.55  25.69  24.79  26.14  24.50  26.24  23.22  21.57  21.09  21.38  20.87  20.68  20.84  21.77   
20.63  21.59  23.41  24.93  24.67  25.91  24.34  24.72  22.24  21.78  21.61  22.31  21.39  22.14  21.74  22.36   
20.98  20.61  22.44  23.96  23.61  23.55  23.56  23.84  22.25  22.15  21.79  21.95  21.88  22.50  21.70  21.48   
21.35  21.72  22.04  22.70  22.73  24.48  22.76  22.66  23.54  22.18  21.83  22.10  22.08  22.26  22.46  22.40   


0
21.67  21.54  21.60  23.34  23.55  24.15  24.53  25.94  25.94  24.76  22.45  21.64  21.01  21.36  21.57  21.79   
20.52  21.24  22.15  25.07  26.25  25.74  24.86  26.70  25.92  25.33  23.33  22.12  21.88  22.29  21.62  22.23   
21.29  20.64  23.64  26.36  27.02  26.54  26.94  26.41  25.92  24.79  22.55  21.98  22.26  23.02  22.27  22.57   
20.49  21.48  23.09  26.53  25.95  25.72  26.47  25.62  24.81  23.46  22.45  22.12  21.84  22.43  22.17  22.61   


0
21.39  20.71  21.37  21.43  20.89  22.00  22.01  22.23  21.17  20.85  21.59  21.78  21.16  21.26  21.03  21.98   
20.82  21.39  21.11  21.60  22.19  22.81  22.90  22.67  23.02  23.25  22.72  21.61  22.36  20.94  20.82  22.11   
21.31  20.03  21.07  22.35  22.40  24.22  24.74  25.46  25.45  24.50  23.71  22.87  21.70  22.30  22.57  21.69   
20.96  21.91  22.48  24.19  24.39  26.41  25.10  26.28  26.72  26.51  25.03  23.11  22.00  22.74  21.39  22.27   


0
21.96  21.24  21.59  21.51  21.32  22.43  22.53  22.08  22.02  21.59  21.77  21.51  20.76  20.96  21.55  22.42   
20.37  21.22  21.31  21.10  21.83  22.15  21.65  21.72  21.53  22.10  21.94  21.79  21.52  21.65  21.33  22.52   
20.71  20.88  21.15  21.75  21.09  21.99  22.54  22.34  22.27  22.69  22.22  22.07  22.82  22.51  22.81  22.25   
20.17  21.06  22.31  21.86  21.51  22.23  22.66  23.11  23.78  22.65  22.55  22.23  21.70  22.98  22.95  22.59   


0
22.10  20.95  21.32  21.25  20.95  21.95  23.30  24.83  23.87  21.80  21.76  21.50  20.63  20.81  21.54  22.40   
20.49  21.21  21.06  21.77  22.04  21.93  22.04  21.40  21.83  22.49  21.82  21.77  21.74  22.01  21.60  21.13   
21.26  20.10  20.78  21.18  20.59  22.82  22.21  22.63  22.15  22.15  22.42  22.17  22.23  22.13  22.52  21.48   
20.31  21.18  21.40  22.21  21.22  22.67  22.32  22.55  22.86  22.87  22.42  22.34  22.34  23.25  23.10  22.58   


0
21.96  21.10  21.72  22.24  22.84  23.11  23.09  22.53  24.97  23.89  21.89  21.85  21.12  21.48  20.99  21.62   
21.19  20.84  21.31  22.02  22.05  22.25  21.85  21.52  21.95  22.61  22.05  22.65  21.75  21.15  21.47  21.92   
20.85  21.01  21.98  21.53  19.96  22.41  22.22  22.14  22.78  22.48  22.33  21.96  21.89  22.51  22.67  22.55   
20.32  21.74  21.67  21.86  21.24  22.46  22.33  22.11  22.87  22.77  22.20  22.59  22.09  22.56  22.47  22.41   


0
22.14  22.12  24.71  24.43  23.68  24.50  23.99  23.44  24.13  22.93  21.58  21.65  21.15  20.98  22.00  22.76   
21.48  21.38  22.05  23.06  24.19  22.79  22.88  22.25  23.21  22.63  21.75  22.03  22.01  22.18  21.91  22.55   
21.44  21.16  21.29  21.78  23.18  23.06  23.19  22.27  22.08  22.72  22.14  22.53  22.50  22.29  21.87  22.88   
19.90  21.76  22.21  22.49  22.08  22.60  22.36  22.47  23.24  23.48  22.10  22.13  22.25  22.44  22.98  22.62   


0
22.10  23.20  23.91  23.80  24.33  26.25  24.94  24.72  23.55  22.24  23.75  25.13  21.35  21.21  21.96  22.24   
21.04  22.35  23.76  24.26  23.84  26.91  26.11  25.21  23.58  23.00  24.14  25.28  22.20  21.64  21.46  22.05   
20.98  21.12  22.91  24.83  23.14  24.78  25.91  25.22  23.69  23.31  23.35  24.32  23.50  22.62  22.39  22.39   
21.50  21.99  21.65  23.42  23.13  23.80  23.97  23.65  23.09  25.02  24.06  23.30  23.12  23.11  22.78  22.94   


0
21.82  20.97  20.81  22.26  21.22  21.75  22.55  22.54  21.48  21.27  21.68  21.52  20.17  20.84  21.57  21.95   
20.38  21.36  20.97  21.69  21.42  21.95  24.17  22.54  21.96  22.52  22.06  22.23  22.22  22.16  21.76  21.47   
21.57  20.38  21.52  21.54  20.13  22.63  24.92  24.16  23.61  23.13  22.75  24.34  24.22  22.15  22.41  23.02   
20.64  20.94  22.45  21.99  21.11  23.49  24.86  23.78  23.23  23.12  22.33  24.04  24.80  23.14  22.96  22.78   


0
21.78  21.36  20.91  21.73  21.65  21.48  21.05  22.62  21.00  21.01  21.86  21.60  21.81  20.93  21.53  20.96   
21.03  20.69  20.81  21.88  22.13  21.81  21.52  21.90  21.82  21.87  22.23  21.98  21.61  21.88  21.17  21.74   
20.54  21.11  20.76  21.28  19.77  22.17  22.72  23.22  22.14  22.56  21.99  22.05  22.57  22.61  21.68  22.68   
21.78  21.71  22.03  22.32  21.62  21.86  22.64  23.63  24.21  24.78  23.00  22.93  23.23  22.39  21.65  23.46   


0
21.21  21.11  20.95  21.40  21.10  22.09  21.32  22.43  22.04  21.38  21.68  21.06  21.37  21.23  21.15  21.95   
20.66  20.73  21.09  21.00  21.85  21.64  21.86  21.43  21.54  21.49  21.10  21.26  21.53  21.79  21.62  22.08   
21.15  21.77  20.80  21.20  20.78  22.21  22.97  22.26  22.59  22.07  22.13  21.98  22.26  22.28  22.41  21.66   
21.23  21.07  21.94  21.50  21.52  22.24  22.34  22.57  23.80  24.82  22.45  22.48  22.36  22.71  22.01  23.50   


0
21.63  20.65  20.64  21.36  20.94  22.06  21.39  21.83  21.33  21.45  21.30  21.02  20.86  20.67  21.95  20.64   
21.70  20.69  20.81  21.30  21.49  22.23  20.91  21.59  21.51  21.97  22.02  22.08  21.15  21.38  20.61  21.74   
20.68  20.34  20.88  21.05  20.74  22.28  22.09  21.81  22.24  22.03  21.36  21.72  21.63  22.11  22.10  21.92   
20.74  20.90  21.90  21.83  21.21  22.32  21.97  22.20  22.73  23.20  21.93  22.21  21.80  22.10  21.65  22.03   


0
21.63  20.65  21.17  20.38  20.70  21.82  20.94  21.83  22.00  22.00  21.86  21.83  20.74  20.28  21.39  22.23   
21.03  21.45  20.09  21.07  21.92  21.91  21.82  21.90  21.19  21.97  22.45  22.08  21.49  21.13  21.72  22.19   
20.54  20.34  21.48  21.28  20.09  22.17  21.78  22.72  22.45  22.35  21.78  22.05  22.45  22.24  21.68  22.83   
21.34  21.17  21.64  21.59  21.62  21.86  21.86  21.98  22.39  22.74  22.17  22.33  21.80  22.68  22.13  23.28   


0
21.50  21.24  20.67  21.02  21.20  21.73  20.62  21.75  21.36  21.48  21.44  21.85  20.76  20.30  20.57  21.78   
20.78  21.35  20.12  21.44  21.51  22.04  21.24  21.31  21.43  22.00  21.83  21.79  21.98  21.28  22.02  21.15   
21.42  21.51  21.03  21.19  19.63  21.35  21.91  21.94  22.27  22.16  21.70  21.64  22.36  21.89  21.71  21.80   
20.62  21.19  21.92  21.98  21.37  22.11  21.55  21.89  22.19  22.42  21.84  21.99  22.22  21.99  21.51  22.59   


0
22.28  21.11  21.21  20.79  20.74  22.32  20.86  21.98  21.48  21.27  21.56  21.64  21.25  21.36  21.15  21.16   
20.38  20.98  21.09  21.46  22.06  21.95  21.35  21.53  21.65  22.21  22.06  21.91  21.76  21.54  21.21  22.23   
20.44  20.51  21.16  21.54  20.62  22.00  22.03  21.95  22.38  22.49  22.44  21.76  22.26  21.78  22.55  21.51   
21.08  20.66  21.94  21.99  20.56  22.35  22.45  21.79  21.97  22.89  22.09  22.61  22.23  22.29  22.17  22.61   


0
21.63  20.36  21.70  21.00  20.70  21.82  21.05  21.95  21.33  21.34  21.19  21.25  20.49  20.93  20.97  21.60   
20.20  21.33  21.05  21.30  21.70  22.23  21.62  21.49  21.19  22.28  21.70  21.33  21.61  21.00  20.75  21.89   
21.95  20.34  21.12  21.16  19.93  21.96  22.30  22.12  21.83  22.35  21.99  22.05  21.63  21.87  21.41  21.62   
21.19  21.17  21.25  21.71  20.38  21.63  22.31  21.64  21.93  22.86  22.17  22.21  21.93  22.39  21.65  21.85   


0
21.51  20.97  20.95  21.03  20.86  21.63  21.09  22.43  21.59  21.16  21.23  20.71  20.77  20.97  21.71  22.11   
20.79  21.11  20.61  21.11  21.85  21.95  21.76  21.32  21.13  22.11  22.17  21.80  21.19  21.29  21.76  22.54   
20.29  21.02  20.92  21.43  19.81  22.00  22.13  22.56  22.07  22.18  22.34  21.43  21.91  22.40  22.55  22.11   
19.89  20.66  21.81  22.24  20.97  22.24  22.01  21.68  22.20  22.78  22.09  21.76  22.10  21.57  22.49  22.96   


0
20.72  20.23  20.92  21.13  21.43  21.14  20.61  21.73  21.46  21.13  21.09  21.50  20.63  20.29  21.82  21.77   
20.36  20.19  20.82  20.85  21.39  22.03  21.73  21.40  21.00  21.98  21.71  21.34  22.31  22.01  21.18  22.05   
20.13  20.36  20.54  20.84  20.10  22.08  22.11  22.23  22.15  22.26  22.10  21.52  21.88  22.25  22.52  22.09   
21.20  21.45  21.78  21.60  21.36  21.87  22.32  21.66  22.40  22.87  22.18  21.73  22.21  21.83  21.82  23.82   


0
20.90  19.82  20.95  21.16  20.86  21.52  20.98  21.98  21.59  21.16  21.34  21.17  20.77  20.97  21.43  21.32   
20.52  21.24  20.25  21.57  21.53  21.53  21.45  21.94  21.65  21.80  21.53  21.80  21.65  21.04  21.07  21.32   
20.58  20.89  20.80  21.20  19.64  22.21  22.34  22.26  21.97  21.86  22.23  21.87  22.60  22.03  22.41  21.96   
20.78  21.34  21.42  21.87  20.14  22.58  22.67  21.68  22.31  22.21  21.85  22.00  21.71  22.00  21.85  23.32   


0
21.79  20.66  20.92  20.64  20.84  21.37  21.29  21.96  21.68  21.35  21.32  21.50  20.87  20.55  21.68  21.61   
20.77  20.96  20.70  21.32  21.72  21.82  21.12  21.50  21.00  21.88  21.39  21.56  21.51  21.52  21.74  22.51   
20.84  20.61  21.26  21.52  20.10  21.87  21.68  22.73  22.46  22.36  22.00  21.52  22.46  22.13  21.97  21.79   
21.05  21.45  21.53  21.60  21.36  21.41  21.87  21.66  22.52  21.95  21.71  21.98  21.95  21.97  21.50  22.40   


0
21.22  21.27  21.49  20.31  20.99  21.30  21.10  22.11  21.50  21.50  21.02  21.30  20.30  21.24  21.86  22.60   
20.67  20.99  20.62  21.01  21.54  21.75  21.57  20.93  20.93  22.23  22.07  21.59  21.31  22.05  21.36  22.09   
21.02  20.52  21.05  20.76  20.63  21.70  22.14  22.27  21.67  21.77  22.45  21.55  22.03  21.54  22.15  22.28   
20.65  21.09  21.18  21.39  20.85  21.79  22.24  21.92  22.10  22.45  21.99  22.38  22.51  22.16  22.50  21.90   


0
21.19  21.10  20.80  20.65  20.73  21.73  21.75  21.97  21.69  21.25  21.66  21.16  20.64  20.30  20.71  22.26   
20.78  20.71  20.60  21.67  21.41  21.94  21.65  21.31  21.32  21.89  21.51  21.24  21.52  21.40  21.47  21.61   
20.57  20.62  20.55  21.08  20.12  22.09  21.80  22.34  22.06  22.69  21.59  22.07  22.01  22.01  21.71  22.25   
20.92  20.65  21.80  21.61  21.10  21.65  22.11  22.00  23.10  22.08  22.31  21.87  22.22  22.70  22.47  23.13   


0
21.19  21.10  20.54  20.53  20.73  21.15  20.96  21.63  21.36  20.92  21.33  21.04  20.88  20.17  21.13  21.30   
20.91  21.22  20.24  20.98  21.62  21.62  21.95  21.41  21.43  22.10  21.62  21.57  21.17  21.40  20.78  22.07   
20.42  20.24  20.79  21.53  19.96  22.30  21.91  22.24  21.65  21.85  21.91  21.64  21.78  21.64  21.99  21.95   
20.77  21.19  21.54  21.25  20.68  22.11  22.11  22.34  21.72  22.31  22.08  22.23  21.96  21.56  22.47  22.23   


0
20.59  20.40  20.68  20.91  21.45  21.52  20.75  22.32  21.48  21.38  20.89  21.52  20.41  20.97  21.15  22.27   
20.52  21.11  20.37  21.00  21.31  21.95  21.56  21.43  21.54  22.21  22.06  21.26  21.42  21.42  21.07  21.78   
21.43  20.76  21.40  21.43  19.81  21.68  22.03  22.15  21.66  22.39  22.03  21.76  21.44  21.90  22.14  21.81   
20.49  21.21  21.16  21.75  21.25  22.24  22.01  22.46  22.66  23.01  21.85  22.12  21.97  22.29  22.81  22.61   


0
21.05  20.26  21.34  21.52  21.69  21.63  20.64  21.65  21.37  20.71  21.56  21.17  20.53  20.97  21.57  21.64   
20.11  21.87  20.85  21.34  21.63  21.95  22.27  21.63  21.33  21.39  21.85  21.15  21.65  21.42  20.65  22.23   
20.86  20.13  21.04  21.54  20.13  22.21  22.13  22.15  21.97  22.07  21.29  21.76  22.14  22.03  21.58  22.42   
20.64  21.21  21.42  21.63  21.11  21.90  22.23  21.79  22.66  22.44  21.62  21.76  22.23  21.86  22.17  22.07   


0
21.33  20.66  20.66  21.25  20.60  21.95  21.29  21.85  21.23  21.13  21.65  21.15  21.59  20.95  21.40  22.09   
20.49  20.57  20.82  20.97  21.29  22.03  21.22  20.99  21.20  22.39  21.82  21.88  21.74  21.64  21.60  22.51   
20.84  20.61  20.78  20.73  19.62  21.97  21.68  22.13  22.05  22.26  22.42  21.84  22.23  22.38  22.39  22.84   
20.76  21.32  21.78  21.97  21.50  21.76  21.98  22.21  22.29  22.41  22.54  22.46  22.86  23.25  22.62  23.65   


0
21.51  20.11  20.42  20.91  20.74  21.28  21.20  21.54  21.93  21.27  21.68  21.29  20.77  21.10  21.43  21.64   
20.11  20.34  20.25  21.34  21.53  21.64  21.35  21.32  21.44  22.01  21.63  21.69  21.42  21.67  21.90  22.54   
20.72  20.76  20.44  21.09  19.64  21.89  22.03  22.26  22.18  22.39  22.34  21.54  21.91  22.28  21.72  21.66   
20.19  21.21  21.68  21.87  21.11  21.55  21.68  21.91  22.66  22.09  21.62  21.76  21.45  22.00  21.69  22.96   


0
21.04  21.39  20.67  21.39  20.85  21.62  21.42  22.08  21.47  21.48  21.55  21.28  20.76  20.96  21.55  21.46   
19.96  21.10  21.19  21.44  21.19  22.15  21.34  21.52  21.01  22.20  21.30  21.35  21.29  21.40  21.20  20.99   
20.99  20.37  20.31  21.08  20.44  21.46  21.80  22.04  21.65  22.27  21.49  21.75  22.24  21.77  22.26  21.80   
20.77  21.06  21.02  21.37  20.96  21.42  22.11  22.11  22.07  22.31  22.08  22.47  22.22  21.99  22.31  23.13   


0
21.22  20.70  20.96  20.80  20.52  21.53  20.42  21.89  21.61  21.39  21.24  21.30  21.51  20.59  20.73  21.81   
20.12  20.61  20.62  21.12  21.75  22.48  21.47  21.23  20.93  22.12  21.75  21.81  21.78  21.43  20.25  21.94   
21.87  20.14  20.82  21.44  20.31  22.33  22.35  22.47  21.98  22.08  22.04  21.66  22.50  22.29  21.46  21.52   
20.80  20.27  21.44  21.39  20.02  22.25  21.69  22.36  21.87  22.22  21.63  22.38  22.25  22.44  21.05  21.90   


0
20.77  20.86  21.10  20.57  21.01  21.19  20.89  21.56  21.17  20.51  20.47  21.66  20.80  20.60  21.45  22.61   
20.27  20.75  20.63  21.37  22.09  22.39  21.68  21.35  21.15  21.83  21.98  21.72  21.79  21.07  21.51  21.49   
20.61  20.92  20.59  21.68  19.83  22.34  22.16  21.98  22.10  21.99  21.74  21.24  22.40  21.93  22.57  21.38   
21.11  20.55  21.96  21.65  21.69  21.92  22.26  22.04  22.34  22.80  22.35  22.27  22.00  23.02  21.71  22.81   


0
21.04  21.24  20.93  20.77  20.73  21.73  21.08  21.97  21.47  21.14  20.65  20.81  20.40  21.35  20.42  21.46   
19.96  20.33  20.12  21.33  21.41  21.52  20.83  21.11  21.11  21.79  21.30  21.24  21.06  20.90  21.33  21.92   
20.99  20.11  21.03  21.08  19.30  21.99  21.80  22.24  21.85  22.27  21.80  22.07  22.24  21.89  22.12  21.80   
20.92  20.92  21.67  21.37  20.96  22.23  21.55  21.56  22.42  22.54  22.20  21.74  21.44  21.84  21.99  21.87   


0
21.04  20.53  21.20  20.77  20.61  21.85  20.85  21.41  21.47  21.70  21.66  21.39  19.91  20.43  21.27  21.30   
19.96  21.22  20.48  20.98  21.62  21.62  21.34  21.62  21.11  21.38  21.51  21.89  21.52  21.15  21.47  20.99   
20.99  20.88  20.55  21.64  19.96  21.99  22.12  21.84  22.06  22.16  22.01  21.53  21.66  22.26  21.85  21.50   
20.77  21.19  21.92  21.49  21.78  22.46  21.77  21.67  22.53  22.65  21.96  21.99  21.57  21.99  22.15  23.13   


0
21.36  20.40  20.55  21.28  20.50  21.40  20.52  21.08  20.93  21.27  21.12  21.41  20.65  20.05  20.44  21.79   
20.24  21.62  20.37  20.65  21.53  21.43  21.76  21.53  21.13  22.21  21.85  22.12  21.42  20.54  20.79  21.16   
21.29  19.74  20.80  21.43  20.45  21.68  21.82  22.15  21.97  21.97  21.61  21.76  22.02  22.28  21.44  21.36   
20.49  20.25  21.42  21.99  20.84  21.78  21.90  22.02  22.08  22.21  21.26  21.51  21.84  22.43  22.33  21.16   


0
21.04  20.96  20.40  21.14  20.25  21.62  21.75  21.75  21.25  21.03  21.89  21.04  20.88  20.70  21.13  21.78   
20.23  20.20  20.24  20.98  21.08  21.52  21.65  21.52  21.63  21.79  21.41  21.24  21.52  21.28  21.33  21.76   
20.28  20.62  21.51  21.19  20.76  22.41  21.17  22.55  21.85  21.95  22.22  22.29  21.31  21.52  21.85  22.40   
20.62  20.79  21.28  21.74  21.10  21.77  21.66  21.78  22.42  22.31  22.08  21.50  21.70  22.84  21.83  22.95   


0
20.45  20.84  20.56  20.55  20.99  21.88  21.10  21.55  21.38  20.72  21.02  21.07  20.18  20.72  21.30  20.69   
20.80  20.74  20.02  20.78  21.43  22.28  21.47  20.93  21.35  21.92  21.54  21.59  21.89  21.43  21.77  22.09   
20.88  21.16  19.97  21.55  19.49  21.91  21.93  21.76  21.77  21.77  22.04  21.66  21.80  22.04  22.42  21.98   
20.65  21.09  21.82  21.15  21.26  21.22  21.69  21.81  22.33  22.56  22.46  22.01  22.38  22.16  21.70  22.62   
