Start of this file: 15:05:33 02/03/2017

0
21.92  20.49  20.50  21.23  20.33  20.88  20.81  21.71  21.65  20.99  21.29  21.24  20.84  20.92  21.23  20.95   
20.33  21.06  19.72  21.18  21.26  21.80  20.89  21.48  21.49  21.55  21.37  21.53  21.02  21.62  20.88  21.11   
20.53  20.33  20.87  20.13  19.10  21.74  21.87  22.41  21.50  22.13  21.77  21.49  21.86  21.35  22.09  20.85   
20.14  20.75  21.24  21.94  20.92  22.30  21.18  21.52  22.26  22.16  21.57  21.59  21.27  22.09  21.80  21.84   


0
21.46  20.78  21.29  20.49  20.57  21.46  21.15  21.48  21.10  20.88  21.40  20.89  20.48  20.40  21.38  20.95   
20.60  20.29  19.84  20.60  21.04  21.38  21.61  21.07  20.97  22.47  21.37  21.21  21.60  20.86  21.30  21.26   
20.39  20.20  20.75  21.38  19.59  21.63  21.87  22.41  22.23  22.55  21.77  21.27  22.09  21.60  20.98  21.61   
19.69  20.75  21.63  21.21  20.65  21.73  21.18  21.63  21.92  22.04  22.28  21.71  21.27  21.81  21.80  21.30   


0
20.86  20.50  20.64  20.38  20.47  21.94  20.60  21.72  21.44  20.78  20.85  21.02  20.25  20.93  20.97  21.76   
20.34  20.43  19.97  20.15  20.95  22.02  21.21  21.49  21.30  21.35  21.70  21.76  21.26  21.38  20.61  21.74   
19.54  20.09  20.76  21.05  19.93  21.96  21.78  21.91  21.72  21.93  21.67  21.94  21.98  21.49  21.68  21.77   
20.45  20.62  21.12  22.08  20.52  22.09  21.75  21.76  22.51  22.05  22.64  22.08  21.28  22.39  21.65  21.49   


0
21.60  20.48  21.28  20.85  20.44  20.99  21.03  22.03  21.64  20.87  20.60  21.34  20.71  20.91  21.22  21.89   
20.45  20.79  20.19  20.35  21.14  21.99  21.60  21.16  21.48  21.64  21.46  21.52  21.24  21.10  20.87  22.17   
21.22  19.68  20.14  20.80  20.07  21.94  21.54  22.29  21.60  21.69  22.17  21.92  21.26  21.72  21.38  21.75   
20.42  21.01  21.62  21.69  20.91  21.83  21.72  21.40  22.02  22.03  21.91  22.42  21.91  23.22  21.94  23.43   


0
21.17  20.50  21.43  20.50  20.94  21.94  20.71  21.38  21.67  21.01  20.97  21.02  20.74  19.75  21.25  21.12   
19.93  20.81  20.09  21.07  21.17  21.81  21.52  20.77  20.88  21.56  20.95  21.87  21.26  21.38  22.00  22.04   
20.68  20.60  20.88  21.16  20.25  21.86  21.25  21.91  22.24  22.25  21.78  21.39  21.40  21.87  21.55  22.08   
21.34  20.90  21.77  21.83  20.80  21.74  21.30  21.76  21.70  22.05  21.34  21.35  21.41  22.39  22.29  21.31   


0
21.46  20.49  20.76  20.37  20.69  21.70  21.15  21.82  21.88  20.55  21.74  21.35  20.60  20.13  21.23  21.58   
20.19  20.16  20.56  20.60  21.37  22.32  21.20  21.68  20.45  21.55  21.37  21.31  21.71  21.37  21.44  21.26   
20.53  20.46  20.75  20.59  19.75  21.63  21.87  22.51  21.92  22.02  21.87  22.15  21.50  21.73  21.39  22.06   
19.99  20.88  20.98  21.33  20.65  22.19  21.96  21.74  22.15  22.62  21.80  22.07  21.92  21.81  21.96  22.02   


0
20.40  20.22  21.04  20.87  20.70  21.59  20.71  21.72  21.22  20.78  21.30  20.90  20.74  21.19  20.40  21.91   
19.79  19.66  20.33  21.42  21.38  21.49  21.82  21.29  21.40  21.56  21.27  21.65  21.38  20.37  21.45  21.43   
20.54  20.47  20.64  21.50  19.60  22.07  21.57  22.01  21.93  21.82  21.46  21.94  22.22  21.36  21.13  21.47   
19.70  20.62  20.99  21.34  20.93  21.97  21.41  21.53  22.05  22.17  22.05  21.60  21.41  21.67  22.13  21.85   


0
20.08  20.78  21.03  20.86  20.93  21.35  21.04  21.71  21.10  20.66  21.18  21.47  20.12  20.53  21.38  21.11   
19.50  21.06  19.96  21.64  21.58  21.69  21.20  21.38  20.97  21.65  21.37  21.53  21.37  21.62  21.16  20.65   
20.53  20.97  20.51  20.70  19.92  22.05  21.98  22.10  21.71  21.92  21.66  21.16  21.27  21.85  21.67  21.46   
19.99  21.56  21.24  22.19  19.67  21.62  21.40  21.30  22.03  22.39  21.80  21.83  21.92  21.37  21.47  21.30   


0
21.00  20.20  20.37  20.86  21.05  21.12  20.81  21.71  21.43  20.77  20.95  21.47  20.36  20.66  20.67  21.27   
20.33  20.42  20.20  20.94  21.58  21.48  21.00  21.68  20.66  21.86  20.61  21.96  21.60  21.37  22.12  21.42   
21.10  20.46  20.27  21.38  19.59  21.31  21.87  21.70  21.82  22.23  21.45  21.93  21.86  22.47  22.09  22.36   
19.69  20.88  20.85  21.82  20.92  21.96  21.96  21.74  21.57  22.73  22.28  21.95  22.31  22.09  21.96  23.09   


0
21.31  20.63  20.76  21.23  20.69  21.23  20.81  21.15  21.10  21.44  20.95  21.35  20.36  20.53  20.95  21.11   
20.05  20.67  19.84  21.29  21.37  21.90  21.00  21.17  20.97  21.86  21.15  21.96  21.37  20.23  21.30  21.26   
20.81  20.46  20.99  20.93  19.75  21.95  21.98  22.21  21.50  21.70  21.66  21.49  21.03  21.48  21.39  21.46   
20.29  21.43  21.37  21.45  20.51  21.27  21.96  21.07  22.26  22.04  22.04  21.59  21.40  22.52  22.12  22.56   


0
21.31  20.78  20.89  20.86  21.40  21.12  21.04  21.37  21.10  21.22  21.29  20.54  21.20  19.74  20.39  20.46   
19.78  20.29  19.96  20.71  21.26  21.27  21.20  21.17  21.28  21.75  21.48  21.42  21.48  21.74  20.74  21.26   
20.67  20.59  20.51  21.27  19.92  21.53  21.45  22.21  21.71  22.02  21.77  21.49  21.62  21.60  21.95  21.61   
19.99  20.88  21.63  21.70  20.78  21.96  22.07  21.18  21.69  21.81  22.28  21.83  21.14  21.95  22.28  21.84   


0
20.69  20.92  20.23  20.61  20.69  20.41  20.81  21.37  21.10  20.77  21.51  21.01  20.60  20.53  20.67  21.11   
20.33  20.03  20.44  21.06  20.83  21.38  20.79  20.97  20.97  21.75  21.58  20.99  21.48  20.99  21.44  22.18   
21.10  20.33  20.51  21.04  19.10  21.53  21.55  22.41  21.71  21.81  21.56  21.71  21.50  21.60  21.12  21.15   
20.29  21.16  21.11  21.45  21.06  21.96  21.74  21.85  21.69  21.58  22.28  22.44  21.53  22.09  21.47  22.02   


0
20.68  21.19  20.88  20.97  20.68  21.34  21.14  21.47  21.20  21.20  21.05  20.99  21.07  20.38  21.50  22.21   
20.73  20.53  20.31  20.47  21.25  21.37  21.19  21.47  21.06  22.05  21.46  21.08  21.47  21.48  20.59  21.71   
20.51  20.06  20.86  20.91  19.74  22.15  22.17  21.69  21.49  22.33  21.86  21.59  21.73  21.84  21.80  21.29   
20.42  20.32  21.62  21.44  21.60  21.37  21.95  21.84  21.56  22.03  22.15  21.21  21.91  22.51  22.10  22.36   


0
20.53  20.76  20.49  20.23  20.68  21.34  21.48  21.36  21.31  20.98  20.94  21.46  19.86  19.86  20.66  21.57   
20.59  20.92  21.02  21.16  21.14  21.89  21.19  21.36  20.96  21.74  21.03  21.63  21.35  21.48  21.15  21.40   
20.66  20.57  20.62  20.80  19.58  21.41  21.33  22.19  21.80  22.01  21.96  21.26  21.61  22.34  20.97  21.75   
19.82  21.28  21.36  21.69  20.91  22.52  21.61  21.06  21.91  22.37  21.91  21.21  21.78  21.94  20.98  21.82   


0
21.64  20.80  20.92  20.27  21.19  21.72  20.16  21.51  21.23  21.13  20.98  21.15  20.39  20.55  20.84  21.61   
20.22  21.08  20.58  20.51  21.39  21.61  20.82  21.09  20.89  21.78  21.07  21.99  20.58  20.76  21.32  22.05   
20.41  20.87  20.66  20.84  20.27  21.45  22.11  22.13  21.63  21.94  21.69  20.86  21.88  21.75  21.28  21.18   
19.56  21.05  21.14  21.36  20.95  22.22  21.98  22.32  22.06  22.18  21.83  22.34  21.42  21.54  21.50  22.40   


0
21.04  19.95  20.93  21.14  20.49  21.73  20.40  21.52  21.02  20.47  20.77  21.51  20.16  20.30  21.55  22.42   
19.68  20.58  20.48  20.75  21.41  21.52  22.05  21.62  21.22  21.89  20.87  21.68  21.17  21.28  20.50  21.92   
20.28  20.75  20.79  21.75  19.96  21.46  21.70  22.34  21.23  21.95  21.49  21.64  22.24  21.89  21.43  21.65   
20.62  20.38  21.41  21.00  20.68  22.57  21.55  21.67  22.64  22.65  21.84  21.74  21.17  22.42  21.83  22.41   


0
21.92  20.78  21.29  20.98  20.93  21.00  20.36  22.16  21.65  21.44  21.85  21.35  20.60  20.53  20.81  21.11   
19.92  20.16  20.44  20.60  21.26  21.90  21.71  21.58  21.39  21.65  21.80  21.86  21.60  21.37  21.99  22.18   
19.96  19.95  20.63  21.15  19.10  21.53  21.77  21.49  21.71  21.81  21.87  22.04  21.27  21.85  21.67  22.21   
20.73  21.43  21.50  21.33  20.37  21.96  21.96  21.85  22.15  23.07  22.04  21.95  21.40  21.66  21.80  22.38   


0
21.46  20.49  20.76  20.86  20.69  20.88  20.81  21.37  21.65  20.77  21.29  21.12  20.24  20.53  20.53  21.42   
20.47  20.55  20.44  21.18  21.48  22.01  21.61  20.86  21.08  21.24  21.69  21.53  21.02  21.12  21.30  21.88   
20.67  20.59  20.39  20.93  20.56  21.53  21.66  22.31  21.50  21.81  21.98  21.49  21.74  22.23  21.81  21.15   
20.14  20.88  21.76  21.94  21.47  22.19  21.96  21.85  22.38  22.50  21.92  21.46  20.87  22.09  21.96  22.38   


0
21.30  19.61  20.22  21.58  20.92  21.10  20.23  21.36  21.53  20.65  20.83  21.11  20.35  20.65  20.80  21.25   
19.77  20.28  20.54  20.93  21.14  21.47  20.98  21.16  21.27  21.64  21.14  21.30  21.12  21.48  21.28  21.71   
20.66  20.06  21.10  21.14  20.23  21.62  21.54  21.18  21.91  21.90  21.54  21.15  21.73  22.09  21.10  21.45   
20.12  20.73  21.23  21.56  21.32  22.52  21.28  21.40  22.25  22.60  22.03  21.70  21.39  22.51  21.78  22.36   


0
21.18  20.09  20.39  21.01  20.72  21.49  20.73  21.51  21.23  20.91  21.32  21.26  20.39  20.95  20.98  21.13   
19.94  20.83  20.46  20.62  21.72  21.61  20.92  21.50  21.31  21.98  21.93  21.45  21.62  21.02  21.05  21.90   
20.13  20.10  21.02  20.16  19.29  21.55  21.90  22.03  22.05  22.15  21.90  22.06  21.18  22.38  21.97  21.48   
20.46  20.36  21.65  21.72  20.81  21.18  21.54  21.88  21.60  22.18  22.07  21.98  21.69  21.54  21.50  21.14   


0
21.89  20.03  20.21  20.46  19.95  21.67  21.13  21.80  20.96  20.86  21.15  21.33  21.18  20.37  20.79  20.92   
20.17  20.65  19.93  20.57  20.91  21.56  21.07  21.66  21.26  21.83  21.45  22.05  20.99  20.84  20.99  21.39   
20.36  19.67  19.88  21.13  19.89  22.03  21.74  21.88  21.89  22.53  21.64  21.14  21.48  21.83  22.34  21.58   
20.41  20.58  21.22  21.31  21.17  22.51  21.93  22.50  21.89  22.13  21.66  21.56  21.64  21.92  21.45  21.99   


0
21.61  20.20  20.89  20.61  20.81  21.23  20.93  21.37  21.10  21.22  20.50  21.59  20.96  20.13  21.09  21.42   
20.33  20.93  20.32  20.60  21.15  21.27  21.10  21.07  21.39  22.27  21.69  21.42  21.83  21.49  21.99  21.42   
20.53  20.33  21.11  21.38  19.92  21.74  21.87  22.00  21.61  21.92  21.77  21.60  21.86  21.48  22.22  22.52   
20.29  20.34  21.37  21.08  20.23  21.85  22.18  21.85  21.92  21.93  22.28  22.07  21.66  22.09  21.64  23.27   


0
20.40  20.79  20.38  20.50  20.35  20.78  20.94  21.38  21.33  20.89  21.08  21.60  21.22  21.45  20.97  22.23   
20.34  20.81  20.45  20.84  20.84  21.49  21.62  21.18  21.61  21.87  21.49  21.44  21.49  21.25  20.89  22.50   
20.11  20.09  20.76  21.95  20.25  21.64  21.04  22.01  22.03  21.61  22.30  20.84  21.40  21.87  21.82  21.47   
20.60  20.21  21.51  21.59  20.80  21.63  21.86  21.98  21.58  22.28  21.70  21.84  21.54  22.25  21.65  22.21   


0
20.85  20.63  21.03  21.11  20.57  21.46  20.70  21.26  21.21  21.33  21.07  21.12  20.48  20.13  21.38  22.06   
20.47  20.55  20.68  20.94  21.15  21.69  21.40  21.38  21.18  21.65  21.26  20.88  21.25  21.24  19.90  21.72   
19.81  20.46  20.63  21.15  19.43  21.84  21.66  21.60  21.82  22.23  21.87  21.49  21.97  21.10  21.53  22.06   
19.84  20.75  21.24  21.94  21.06  21.73  21.07  21.41  21.69  22.62  21.45  21.46  21.79  21.95  22.28  21.48   


0
20.87  20.80  20.66  20.02  20.72  21.61  20.84  21.17  21.01  20.57  20.64  21.84  20.51  20.16  20.84  20.97   
19.25  20.70  19.50  21.09  21.07  21.40  21.53  21.20  20.58  21.78  21.50  21.34  21.28  21.77  21.74  21.90   
20.13  20.48  21.02  20.73  20.43  21.87  22.11  22.13  21.84  22.15  22.10  21.73  21.65  21.38  22.25  21.33   
20.61  20.77  21.27  21.60  20.81  21.87  22.10  21.66  22.06  22.18  21.59  21.73  21.29  21.97  21.98  22.22   


0
21.64  20.52  20.52  20.52  20.60  21.49  20.73  21.73  20.68  20.80  21.09  21.50  21.47  20.81  21.26  21.61   
19.53  19.80  20.58  20.16  21.61  21.82  21.33  21.60  21.62  21.78  21.61  21.67  21.28  21.64  21.18  22.51   
20.70  20.61  21.02  21.29  19.94  21.87  21.37  21.93  22.05  22.05  22.42  21.52  21.41  22.38  21.42  22.24   
20.31  20.36  21.78  21.11  21.36  22.22  21.32  21.77  22.29  22.53  22.07  22.34  22.21  22.55  21.82  22.76   


0
21.32  20.50  21.30  21.36  20.82  21.24  20.71  21.61  21.67  21.45  21.30  21.37  20.61  20.28  21.11  20.96   
19.52  21.20  20.69  21.19  21.17  22.02  21.31  21.18  21.09  21.77  21.49  21.44  21.26  21.50  21.17  21.89   
20.26  19.83  20.64  21.73  20.09  22.38  22.09  22.01  21.62  22.14  21.67  22.05  22.22  22.11  21.55  21.47   
20.45  21.17  22.03  21.10  21.21  21.97  21.75  21.42  21.70  22.28  22.05  21.84  21.67  21.82  21.81  22.03   


0
21.32  20.50  20.51  21.12  20.82  21.36  20.60  22.28  21.11  21.34  20.52  21.25  20.61  20.41  21.39  21.44   
20.20  20.17  20.09  20.96  21.60  22.12  21.31  21.39  21.30  22.28  21.81  21.33  21.03  21.00  20.20  22.19   
20.54  20.73  20.52  21.61  22.50  22.17  21.99  21.81  21.93  21.82  21.36  21.39  21.98  21.62  21.68  21.77   
21.19  21.30  21.51  22.69  24.33  22.32  21.41  21.53  22.73  22.40  21.58  21.48  22.07  22.10  21.65  22.21   


0
20.24  20.36  20.78  24.38  22.70  22.29  20.49  21.50  21.78  21.12  20.63  21.02  20.61  20.28  20.97  21.76   
19.93  20.43  20.21  24.92  23.93  21.70  21.11  20.77  21.19  21.87  21.38  21.22  20.92  21.13  21.59  20.97   
20.82  20.47  20.64  23.28  22.97  21.96  21.88  22.01  22.34  21.82  21.78  21.72  21.63  21.49  21.55  21.62   
20.74  20.90  21.77  23.89  22.71  21.63  21.64  21.64  22.85  22.63  21.70  22.45  21.67  22.10  20.84  22.21   


0
21.92  20.92  21.29  24.96  22.92  21.35  20.36  21.48  21.54  23.09  21.96  21.35  20.60  20.79  21.23  22.38   
20.33  20.80  20.68  23.11  21.58  21.69  21.30  21.27  21.60  24.29  25.16  21.53  21.48  21.49  21.71  21.11   
20.95  20.59  20.99  23.49  20.08  22.05  22.50  22.10  22.64  22.87  25.47  22.58  22.32  21.73  22.09  22.36   
20.29  20.88  21.63  24.00  21.61  22.53  23.29  23.29  23.63  22.96  23.57  23.87  21.92  21.81  22.28  22.20   


0
20.59  21.11  20.68  24.89  22.16  21.52  21.43  21.76  23.46  24.55  23.01  21.64  21.13  20.32  20.72  21.64   
20.52  20.98  21.09  23.73  21.20  22.16  22.27  22.14  21.44  22.93  23.54  22.66  21.88  21.42  20.79  21.47   
20.15  20.26  20.92  24.09  20.29  22.53  24.31  25.05  25.23  24.69  23.89  24.45  22.60  21.90  21.58  21.81   
20.78  21.75  22.32  24.05  22.48  24.39  25.93  25.83  26.91  26.59  26.27  24.63  22.49  21.71  21.69  21.71   


0
20.85  20.92  21.16  23.65  20.45  21.81  23.71  24.04  23.96  23.63  24.05  22.16  21.44  20.66  21.23  21.27   
20.47  20.93  21.15  23.45  22.01  23.35  24.52  25.38  25.28  25.78  25.05  24.52  21.83  21.37  21.57  21.42   
20.53  21.47  21.11  23.82  22.64  25.17  25.69  26.27  25.38  26.28  26.17  25.14  22.55  21.85  21.67  21.61   
20.43  21.02  22.14  24.24  24.98  26.00  25.99  26.53  26.65  25.88  26.56  25.41  22.31  22.09  21.15  22.38   


0
20.72  20.52  21.58  23.92  23.06  25.70  26.02  26.56  25.38  25.48  25.91  24.35  20.99  20.95  21.12  21.61   
20.36  21.34  21.65  24.15  25.29  24.60  26.30  26.29  25.90  26.78  26.31  24.02  20.81  21.39  21.60  21.44   
21.26  20.23  22.21  24.50  26.69  26.11  26.62  25.81  26.10  26.50  25.59  22.50  22.00  22.00  21.70  21.63   
20.91  21.86  21.14  22.70  24.34  25.37  24.73  24.08  24.56  24.12  23.01  22.10  21.56  21.83  21.98  22.40   


0
21.47  21.64  23.00  25.56  25.23  25.68  24.38  26.01  24.83  22.99  21.97  21.25  20.25  20.67  21.81  21.44   
20.48  21.45  21.52  24.70  26.21  25.90  24.43  24.41  22.13  22.18  21.38  21.44  21.15  21.25  21.86  21.43   
21.11  20.85  21.12  21.73  22.34  24.46  24.37  23.82  21.93  21.61  21.99  21.39  22.33  21.74  21.55  21.92   
20.60  20.49  20.73  21.71  21.07  21.86  21.97  22.53  22.28  22.63  22.05  22.08  21.28  22.53  21.65  22.75   


0
20.71  20.22  21.17  21.49  20.94  22.75  23.17  23.50  21.67  21.01  21.41  21.48  20.49  20.67  21.39  20.80   
20.20  20.69  20.93  20.96  22.02  21.81  21.11  21.59  21.19  21.77  21.59  21.87  21.15  21.75  21.17  21.12   
20.26  20.22  20.04  21.16  20.25  21.75  21.57  22.32  21.62  22.14  22.20  21.94  21.52  22.24  22.37  21.92   
20.89  20.62  21.38  21.96  21.21  22.43  21.75  22.09  22.96  24.44  21.70  21.72  22.20  22.25  22.29  22.75   


0
21.18  20.52  20.39  21.13  20.72  21.95  23.52  22.74  21.12  21.24  20.75  21.26  20.27  20.68  20.84  21.77   
19.81  20.83  20.58  21.09  21.18  21.72  21.43  21.40  21.52  22.19  21.18  21.23  21.51  21.64  21.87  22.05   
20.13  20.61  20.78  20.95  19.94  22.08  21.68  22.13  21.53  22.05  21.58  22.17  21.53  22.25  21.14  21.94   
20.16  20.64  22.04  21.60  21.09  22.10  21.65  22.10  21.94  24.57  22.54  21.73  21.42  22.55  22.46  20.96   


0
20.86  20.79  20.64  21.36  20.47  21.82  22.40  22.28  21.33  20.67  21.30  21.37  20.86  20.54  21.53  21.44   
20.62  20.30  19.97  21.07  21.81  22.02  21.62  21.49  21.09  21.97  21.17  22.08  21.61  21.63  21.03  21.43   
20.82  20.34  20.28  21.05  19.77  22.17  21.78  21.91  22.14  22.25  21.99  21.28  21.87  22.36  21.82  21.77   
20.45  20.76  21.38  21.59  20.52  21.86  22.42  22.20  22.28  24.11  21.58  22.33  21.28  22.10  21.97  21.67   


0
21.03  20.66  20.52  20.89  20.72  21.26  21.52  21.73  21.23  21.24  21.54  20.91  21.23  20.29  20.98  21.77   
20.36  20.83  20.58  20.85  21.50  21.82  21.94  21.09  21.20  22.09  21.71  23.28  21.51  20.76  21.32  21.60   
20.55  20.36  20.17  21.29  19.62  21.97  23.87  22.53  21.84  22.15  22.00  23.25  23.62  22.13  21.56  22.39   
21.35  20.64  22.17  21.72  21.36  21.99  24.73  23.86  22.52  23.67  21.95  22.34  24.40  22.83  21.82  22.22   


0
21.30  20.76  21.41  21.34  21.27  24.54  23.81  22.82  23.18  22.86  22.94  24.54  21.43  21.43  21.50  22.21   
21.14  20.92  20.78  21.74  22.00  23.65  25.10  25.27  23.85  24.87  24.73  24.83  22.62  21.10  21.42  22.02   
19.80  20.57  21.69  21.70  20.87  23.61  24.55  25.97  25.96  24.21  25.25  25.76  23.24  22.59  22.21  22.35   
19.97  21.14  21.87  22.17  22.14  23.54  25.12  24.80  24.64  24.87  24.95  24.69  23.34  22.37  22.42  22.54   


0
21.61  21.49  22.47  23.65  23.15  24.89  25.35  25.24  24.39  24.93  25.24  22.39  21.08  21.18  21.38  21.74   
20.74  21.57  21.86  23.57  25.99  26.09  24.12  24.40  23.86  25.18  24.54  22.72  21.37  21.62  22.12  21.57   
21.10  21.22  23.01  24.04  24.99  26.69  24.87  24.01  23.76  24.74  23.02  21.82  22.67  21.98  21.81  21.76   
21.03  21.56  23.80  23.64  23.24  24.56  24.16  22.85  22.61  23.41  22.04  21.83  21.66  21.66  22.12  21.84   


0
21.46  23.73  23.88  24.96  24.65  23.42  22.50  24.37  25.14  23.42  21.51  21.12  20.60  19.87  20.95  22.38   
21.28  22.83  23.39  24.01  23.29  22.73  22.52  23.50  23.35  22.88  21.48  22.07  21.14  21.12  20.46  21.57   
20.95  20.84  23.24  22.05  20.73  22.79  22.19  22.81  22.54  22.13  21.45  21.60  21.74  22.72  21.12  22.06   
20.29  21.56  21.63  21.58  20.51  22.08  22.18  21.52  21.92  22.27  21.92  22.44  21.53  21.95  21.31  22.38   


0
21.32  22.35  23.13  22.58  22.93  24.00  23.39  23.28  21.44  21.01  21.53  21.60  20.25  20.80  20.97  21.60   
20.89  20.94  21.17  21.07  22.24  22.95  22.23  21.69  21.71  21.46  21.38  21.54  20.45  21.63  21.03  21.43   
20.97  20.22  20.16  21.16  20.90  22.49  22.20  22.32  21.93  22.03  21.88  21.39  21.52  21.49  22.51  21.62   
20.30  20.49  21.90  20.60  21.07  21.51  21.64  21.53  21.93  22.28  22.29  21.60  21.80  21.53  21.65  22.21   


0
20.71  20.36  21.30  20.63  21.18  22.17  21.95  21.27  21.33  21.01  21.30  21.60  20.25  21.19  21.67  22.23   
19.93  20.69  20.45  20.96  21.60  21.60  21.42  20.98  21.40  22.18  21.59  22.19  21.49  21.13  21.17  22.04   
20.40  19.58  20.52  21.16  19.77  21.54  21.99  22.42  21.83  22.35  21.78  21.83  22.22  22.49  21.82  21.92   
20.15  21.17  21.25  21.71  20.80  22.09  22.08  21.87  21.35  22.74  21.46  21.96  22.33  22.10  22.13  22.57   


0
21.18  20.23  21.05  20.76  20.60  21.37  20.73  21.73  20.79  21.35  20.75  21.03  20.39  20.29  21.12  20.65   
20.49  20.83  20.70  20.97  21.18  21.82  21.02  21.30  21.10  22.39  21.61  21.77  21.16  21.27  20.49  21.90   
19.98  20.36  20.90  20.95  19.94  21.87  21.68  22.23  21.32  22.05  21.58  21.73  21.18  21.63  21.00  21.48   
20.31  20.91  20.88  21.60  21.36  22.22  22.10  21.66  22.52  22.41  21.95  21.61  21.82  21.83  22.14  22.22   


0
20.89  20.53  21.20  21.14  21.20  21.27  20.62  21.75  21.69  20.81  20.99  20.58  20.88  20.96  20.99  20.50   
20.37  20.84  20.72  20.98  21.19  21.52  21.24  20.90  21.11  21.38  21.30  20.81  21.17  21.40  20.50  21.46   
20.14  20.37  21.03  21.64  20.44  21.67  21.49  21.84  21.75  22.38  22.22  21.96  22.24  21.77  22.40  21.80   
20.03  20.79  21.41  21.25  21.10  22.23  22.33  22.11  21.26  22.65  22.08  21.38  21.83  21.41  21.99  22.41   


0
21.49  20.52  20.39  20.76  20.84  21.14  21.18  21.62  20.90  20.91  21.09  21.50  20.51  20.16  21.26  20.81   
19.81  20.96  20.58  20.97  21.29  21.61  21.43  21.09  21.41  21.57  21.29  21.99  21.51  21.02  20.63  21.29   
21.12  19.85  20.30  21.06  20.27  21.97  22.31  22.13  21.53  21.73  21.90  21.63  21.65  21.75  21.28  21.33   
20.46  21.18  21.27  21.23  21.50  21.76  21.87  21.43  21.94  22.41  22.18  21.85  21.69  21.26  21.66  22.58   


0
21.64  20.52  20.79  21.13  19.88  21.61  20.73  21.62  21.68  21.02  20.98  21.50  20.39  20.68  21.40  22.09   
20.36  20.06  20.46  21.32  21.18  21.40  21.02  21.60  21.20  21.57  21.29  21.45  21.39  21.27  21.05  21.90   
20.70  19.85  20.78  20.95  19.78  21.66  21.68  21.72  21.84  21.73  21.48  21.84  21.53  22.25  21.42  21.63   
19.56  20.36  21.91  21.48  20.53  22.56  21.87  21.55  22.17  22.75  22.18  21.37  21.95  21.40  21.66  21.14   


0
21.33  20.52  20.26  20.39  20.72  20.67  21.06  21.96  21.23  20.68  21.20  21.26  19.90  20.81  21.68  22.09   
20.08  21.21  20.70  20.97  21.07  21.82  21.22  21.20  20.79  21.68  21.71  21.34  21.04  21.77  21.32  20.98   
20.27  20.48  20.54  20.95  20.27  22.08  22.42  22.13  21.63  22.26  21.79  21.41  22.00  22.50  21.28  21.94   
20.16  20.91  20.62  21.48  20.81  21.76  21.54  21.88  21.94  22.30  21.47  21.73  21.82  21.40  21.98  22.22   


0
20.57  20.37  21.58  20.64  20.24  21.84  20.95  21.28  21.46  20.57  21.20  21.73  20.63  20.55  20.41  21.61   
19.39  20.83  20.46  20.74  21.50  21.61  20.92  21.09  21.00  21.68  21.71  21.34  21.97  20.89  21.18  21.75   
20.84  20.61  19.57  20.95  19.94  21.55  21.16  21.62  21.53  22.05  22.00  21.52  21.65  21.50  21.00  21.33   
20.31  20.91  21.78  21.48  21.09  21.76  21.65  21.55  21.94  21.95  22.30  21.49  21.82  22.26  22.14  21.32   


0
21.19  20.39  20.40  21.14  20.85  21.62  20.85  21.86  21.02  20.70  21.33  20.93  19.91  19.64  21.69  20.98   
20.50  20.71  20.72  20.75  21.30  21.42  21.24  21.21  21.22  22.00  21.73  22.11  21.29  21.15  21.06  21.76   
20.42  20.37  20.43  21.08  19.47  21.88  21.91  22.04  21.75  21.85  21.70  21.53  21.66  21.77  21.85  21.95   
20.32  20.24  21.67  21.49  20.27  22.00  21.22  21.67  22.19  22.31  21.84  21.62  21.57  22.13  22.31  22.05   


0
20.55  20.50  21.30  21.36  20.59  21.24  20.94  21.72  21.22  20.67  20.85  21.25  20.25  20.01  20.82  21.28   
19.79  20.56  20.21  20.38  21.27  21.91  21.52  21.18  21.19  22.07  20.84  21.54  21.38  21.38  20.75  21.12   
20.11  20.09  20.64  20.71  19.77  22.70  21.57  21.91  21.93  22.25  21.57  21.50  21.75  22.36  21.27  21.77   
20.30  21.44  21.64  21.10  20.66  21.86  22.08  21.53  21.35  22.40  21.70  21.60  21.28  21.39  21.81  21.49   


0
21.49  20.66  20.79  21.13  21.19  21.84  20.50  21.17  21.35  20.80  20.75  21.38  20.99  21.73  20.98  22.09   
20.49  20.96  20.82  21.43  20.85  22.03  21.43  21.20  21.52  21.68  20.96  21.88  21.74  20.76  21.87  21.90   
20.55  20.48  21.37  21.18  20.91  22.40  22.42  22.23  21.74  21.94  22.10  21.52  22.00  21.75  21.70  22.24   
19.56  21.45  21.65  21.97  20.81  21.87  21.98  21.55  22.29  22.18  21.95  21.85  21.69  22.12  22.62  23.12   


0
20.55  20.36  20.64  20.38  20.70  21.24  20.83  22.06  21.44  21.01  20.85  21.25  21.10  19.88  21.11  21.76   
20.62  20.17  20.45  20.73  21.38  21.91  21.21  21.29  20.88  22.18  21.49  21.33  21.38  21.00  20.34  21.74   
20.54  20.47  20.28  21.05  19.77  21.86  21.57  22.42  21.83  22.46  21.78  22.05  22.22  21.87  21.41  21.92   
20.45  20.62  21.25  22.08  20.10  21.63  22.19  21.64  22.16  22.74  22.05  21.60  21.67  21.39  21.65  21.85   


0
21.32  20.36  20.64  21.12  21.18  21.59  21.05  21.61  21.22  21.12  21.08  21.02  21.69  20.28  20.68  21.44   
20.20  20.81  21.05  20.96  21.70  22.54  21.62  21.39  21.09  21.87  21.49  21.54  21.49  20.50  20.06  21.58   
20.26  20.73  21.48  21.16  19.93  21.96  21.99  22.01  21.83  21.82  21.88  21.50  21.75  21.87  21.68  21.92   
20.45  20.90  21.51  21.71  21.07  22.09  21.97  21.76  22.28  22.86  21.93  21.72  21.41  22.39  21.97  22.21   


0
21.95  20.09  20.79  20.52  20.95  21.72  20.84  21.85  21.79  20.91  21.43  21.03  21.23  19.63  20.84  21.77   
20.36  20.31  20.46  20.04  21.07  21.61  21.12  21.09  20.89  21.57  21.39  21.67  21.16  21.27  20.91  21.60   
20.84  19.85  20.66  20.84  19.45  21.97  21.68  21.93  21.74  21.62  21.37  21.73  21.41  21.38  21.28  21.33   
20.91  20.50  22.43  21.85  19.56  21.64  21.76  22.43  22.06  21.95  22.07  20.88  21.56  22.55  22.30  22.58   


0
21.49  21.23  20.39  20.64  20.84  21.61  20.61  21.40  21.01  20.91  20.87  21.15  21.23  20.68  21.12  22.09   
19.94  20.57  20.22  21.66  20.96  21.19  21.33  20.89  21.00  21.78  22.03  21.67  21.16  21.39  21.74  21.90   
20.13  20.48  20.78  21.29  19.94  21.76  21.58  22.13  21.74  21.73  22.21  21.95  22.11  21.88  22.25  22.99   
20.46  20.77  21.01  21.60  21.22  22.33  21.87  22.32  22.17  22.41  22.30  21.73  21.82  21.69  21.34  22.58   


0
20.72  20.23  20.66  21.13  21.43  21.61  20.95  21.85  21.01  21.02  20.75  21.50  20.99  20.03  20.84  21.45   
19.94  20.44  20.46  20.51  20.96  21.61  21.33  21.71  21.31  21.26  21.29  21.67  21.39  21.02  21.18  21.75   
20.41  20.36  20.90  21.40  19.45  21.97  21.90  21.93  21.32  22.05  21.79  20.64  21.88  22.00  22.66  21.63   
20.31  21.18  21.65  20.99  21.09  21.87  21.54  21.21  22.29  21.95  21.95  21.85  22.34  21.83  21.82  23.12   


0
21.36  20.97  19.89  20.66  20.86  21.28  21.20  21.98  21.04  21.16  21.34  20.82  19.93  20.45  20.44  21.64   
20.66  20.47  20.37  20.76  21.53  21.53  21.15  21.73  21.23  21.60  21.53  22.12  21.88  21.42  20.65  22.08   
20.86  20.51  21.04  21.20  20.13  22.00  22.34  21.65  21.66  22.28  22.03  21.65  21.67  21.78  21.58  21.05   
20.04  20.66  21.16  21.50  20.84  22.13  22.23  22.02  21.85  22.44  21.85  21.27  21.97  22.00  22.17  21.16   


0
21.03  21.23  20.66  20.64  20.48  21.26  20.73  21.73  20.90  21.24  21.65  21.61  20.51  20.68  21.26  21.29   
19.94  20.96  20.22  20.85  21.50  22.34  21.63  21.30  21.31  21.78  20.85  21.23  21.74  21.14  20.77  21.75   
19.84  20.99  20.54  21.29  20.27  21.87  22.11  22.33  22.05  21.62  22.31  21.63  21.76  21.63  21.28  22.99   
20.31  21.05  21.65  21.60  20.95  21.76  21.32  22.10  22.17  22.64  21.35  22.22  21.29  20.97  21.82  21.50   


0
20.75  20.54  20.81  21.16  20.27  21.40  20.86  22.10  21.71  21.71  21.34  21.17  20.29  21.10  21.71  22.59   
19.97  20.85  20.25  20.76  20.99  22.06  21.56  21.43  21.02  22.11  21.63  22.02  21.19  21.54  21.07  21.16   
20.01  20.38  20.20  21.65  19.81  22.10  21.92  22.05  22.07  22.07  22.34  21.65  22.02  22.52  21.72  21.96   
20.49  21.21  20.90  21.63  20.97  21.67  22.12  21.68  22.20  22.09  21.97  22.12  21.84  22.57  22.01  21.89   


0
20.57  20.66  20.92  20.64  20.95  22.41  21.18  21.96  21.35  21.13  20.75  21.84  21.35  20.68  20.84  21.61   
20.08  20.31  20.34  21.09  20.85  21.72  21.43  21.50  21.20  21.78  22.03  22.10  21.74  21.39  20.91  21.75   
20.41  20.48  20.54  20.84  20.10  21.87  22.31  22.33  21.63  21.73  21.69  21.84  21.88  21.50  21.56  21.79   
20.01  21.05  20.49  21.36  20.67  21.41  21.54  21.99  21.36  22.18  21.71  21.73  22.08  22.26  21.82  21.86   


0
21.04  20.96  21.33  22.00  22.49  21.97  21.42  21.30  21.47  20.81  21.77  21.74  21.00  20.43  20.57  21.62   
20.37  21.10  20.48  21.33  22.05  23.08  21.34  21.41  21.43  21.69  21.73  21.46  21.06  20.65  20.64  21.15   
20.00  20.50  20.91  20.96  19.47  21.35  21.49  22.24  22.06  22.27  21.59  21.86  21.31  22.01  20.74  21.65   
20.17  21.19  20.76  21.74  21.78  21.88  21.77  22.11  22.07  22.42  21.72  21.99  21.57  21.99  22.15  21.15   


0
21.79  20.23  21.45  23.92  23.53  24.91  24.28  24.18  24.74  22.24  20.98  21.38  20.27  20.81  20.98  21.61   
20.22  20.96  21.30  22.91  23.52  23.79  22.54  22.32  21.83  22.49  21.29  21.88  21.16  21.14  21.05  21.90   
21.40  20.10  20.90  21.40  22.03  24.48  22.31  22.73  21.74  22.36  21.37  22.06  21.88  21.75  21.56  22.09   
20.76  20.77  21.65  21.85  21.50  22.90  22.54  22.43  22.06  22.53  22.07  21.85  21.95  22.69  21.98  22.04   


0
21.92  20.63  20.89  22.93  25.78  26.89  25.02  25.57  25.68  24.60  24.16  22.51  20.36  20.26  20.81  21.74   
20.33  21.06  20.80  23.57  25.27  25.79  24.81  25.48  25.58  24.79  22.96  21.64  21.60  21.24  20.74  20.96   
20.95  20.46  21.11  22.61  24.05  25.17  25.28  25.00  25.18  24.53  22.29  21.93  22.21  21.98  21.53  21.31   
20.58  20.20  21.24  21.94  23.11  24.45  22.96  23.84  23.86  23.75  22.51  22.31  21.40  22.52  21.96  22.56   


0
20.73  20.82  20.80  20.65  20.61  21.50  21.53  21.75  21.80  20.81  21.44  21.51  21.24  20.96  21.55  22.42   
20.91  21.22  20.60  21.44  21.51  22.67  22.36  22.43  21.74  21.89  22.37  22.22  21.17  21.65  20.92  22.52   
20.99  20.11  21.15  21.53  19.63  22.30  22.74  24.34  24.11  24.47  23.77  23.16  22.59  22.14  22.12  23.00   
20.62  21.19  22.18  21.61  21.37  23.48  24.52  25.39  24.57  25.70  26.03  26.26  24.92  22.13  22.79  22.59   


0
21.78  20.50  21.04  20.75  20.35  21.48  21.16  21.72  21.44  21.45  21.30  21.60  20.74  20.93  21.67  22.07   
20.48  20.94  20.09  21.30  20.95  21.91  21.72  21.80  21.40  21.97  21.59  21.54  21.73  21.38  21.31  21.43   
20.68  20.34  20.76  21.28  20.25  22.17  22.51  22.62  21.62  21.72  21.99  21.17  21.98  22.11  21.68  22.08   
20.15  20.76  21.51  21.22  21.07  21.97  21.19  22.09  23.08  23.08  22.29  22.21  22.07  22.10  22.29  22.75   


0
21.33  21.09  20.92  21.25  21.19  21.37  20.95  22.07  21.12  20.91  21.43  21.38  20.87  20.68  21.26  20.97   
20.49  19.93  20.22  21.43  21.61  22.24  21.43  21.71  21.20  21.88  21.61  21.67  21.85  21.14  20.77  22.05   
21.12  20.36  21.14  21.18  20.27  21.87  22.00  22.43  22.05  21.94  21.69  21.63  22.00  21.88  21.83  22.84   
20.76  21.18  21.91  21.72  21.36  22.56  22.32  22.21  22.40  23.67  22.18  21.85  22.08  22.26  22.46  21.68   


0
21.67  20.54  21.08  21.28  20.98  21.75  21.32  23.32  21.48  21.49  21.34  21.75  20.05  20.45  21.57  21.79   
20.38  20.98  20.01  21.23  21.31  21.74  21.76  21.32  21.44  21.91  21.53  22.12  21.76  21.04  21.49  21.78   
21.01  20.26  20.68  21.09  19.48  21.89  21.92  22.76  21.97  22.28  21.82  21.65  22.02  22.03  21.44  21.36   
20.49  21.34  22.32  21.75  20.84  21.90  21.79  22.13  22.43  23.58  21.97  21.64  21.71  22.29  22.01  22.43   


0
21.35  20.96  21.85  23.69  24.00  23.46  21.86  24.08  22.14  21.14  20.65  21.85  21.24  20.56  21.55  22.10   
20.78  21.10  20.60  21.33  23.43  22.35  21.24  21.72  20.80  21.79  21.51  21.68  21.52  21.53  21.33  21.92   
19.85  20.50  20.79  21.75  19.63  21.56  21.91  22.44  22.27  21.95  21.49  22.07  21.66  22.14  21.71  22.55   
20.32  21.60  21.02  21.74  20.68  21.65  21.44  21.89  22.42  22.19  22.31  22.23  22.35  22.13  21.99  21.51   


0
22.29  21.84  24.20  24.43  23.10  23.71  23.33  22.78  22.16  22.93  22.58  21.65  20.06  20.85  21.02  21.33   
20.67  21.12  21.69  23.40  24.29  23.31  22.38  21.85  21.45  22.84  23.13  21.70  20.85  21.55  20.94  21.79   
20.88  21.03  21.89  22.67  21.11  22.85  22.67  22.47  21.25  22.30  22.35  21.77  21.45  22.66  21.87  21.82   
20.50  20.68  21.95  22.01  20.57  21.79  22.36  22.25  21.98  22.56  22.10  22.38  22.12  21.73  21.54  22.08   


0
21.51  21.68  25.33  24.06  23.78  25.39  25.72  25.29  23.57  22.81  24.32  23.01  21.13  20.32  21.57  22.11   
21.06  21.36  23.67  24.06  23.86  24.83  26.04  24.15  23.60  23.43  24.27  22.45  21.76  21.42  21.07  21.78   
20.44  20.51  22.35  24.53  22.53  23.88  24.72  23.96  23.30  23.02  23.79  22.20  21.91  21.53  21.86  21.51   
21.08  21.34  22.32  21.87  20.70  22.58  23.77  22.90  22.20  22.55  24.66  22.12  21.45  21.14  21.20  21.53   


0
21.81  20.82  21.20  22.36  22.03  22.20  21.42  23.42  22.69  23.02  22.66  21.85  21.12  20.70  21.27  21.78   
20.50  21.73  22.61  24.50  23.43  23.39  22.66  22.13  22.77  23.22  24.16  22.11  21.40  21.65  21.33  22.07   
20.85  20.88  24.79  24.41  21.57  23.66  24.50  24.15  23.19  23.74  25.00  23.91  21.54  21.52  22.26  22.40   
20.62  21.47  24.34  24.63  22.87  25.16  25.92  24.96  23.44  23.90  24.53  23.19  21.44  21.99  21.51  22.59   


0
20.26  20.80  20.92  20.89  21.07  21.02  20.50  21.85  21.90  20.68  21.32  21.26  20.63  20.95  21.12  22.09   
20.77  21.08  20.34  21.09  21.29  21.19  21.33  21.81  21.52  22.09  21.61  22.53  21.62  22.01  21.18  22.21   
20.98  20.48  20.90  22.19  21.07  21.87  22.21  22.53  22.97  22.58  21.90  21.84  22.46  22.13  21.70  22.09   
20.16  21.05  23.19  24.14  21.77  22.33  23.42  23.32  24.34  23.32  23.36  21.73  21.95  22.12  21.82  22.94   


0
21.35  20.82  20.14  21.02  21.20  21.85  21.30  21.63  21.47  20.92  21.10  21.51  20.52  20.56  20.85  22.42   
20.91  20.71  20.72  21.21  21.62  21.83  21.34  21.41  21.22  21.89  21.94  21.46  20.82  21.40  21.61  21.76   
20.71  20.88  21.03  21.42  19.96  21.67  22.43  22.55  21.96  22.48  22.22  21.86  21.78  21.64  21.71  22.85   
20.92  20.92  20.89  21.61  21.10  21.77  22.33  22.11  22.53  22.54  22.31  21.62  21.44  22.27  22.47  22.23   


0
20.87  19.94  20.52  20.39  20.60  21.61  21.18  21.96  21.12  20.46  20.53  21.26  20.27  21.21  21.40  21.45   
19.94  21.08  20.58  20.97  21.07  21.61  21.53  21.09  21.20  21.88  21.93  21.67  21.16  21.52  21.46  21.90   
19.84  20.23  20.90  21.29  20.27  22.08  22.11  22.33  21.84  21.83  22.52  21.30  21.06  21.88  21.97  21.48   
19.86  20.77  21.40  21.72  20.95  22.33  22.21  21.99  22.29  22.30  22.18  22.34  21.95  21.69  21.98  22.04   


0
21.04  20.53  20.80  21.39  20.73  21.39  20.96  21.97  21.36  21.25  21.10  20.81  20.40  20.70  20.99  21.46   
19.96  20.07  21.31  20.98  21.51  21.42  21.14  21.21  20.90  22.10  21.51  21.79  21.29  21.28  20.78  21.76   
20.71  20.50  21.03  21.08  19.96  21.88  22.01  22.14  21.54  22.69  22.01  20.98  22.24  22.01  21.99  21.80   
20.17  20.92  21.67  21.98  20.27  21.65  21.44  21.45  22.30  22.31  21.60  21.99  22.09  21.70  21.67  22.05   


0
21.05  20.26  21.47  20.66  20.62  21.75  20.98  21.31  21.37  20.71  21.00  21.75  20.89  20.97  20.58  21.64   
20.11  20.73  20.49  20.88  21.53  21.43  21.56  21.73  21.44  22.11  21.53  21.58  21.42  21.04  20.79  22.23   
20.86  20.51  20.68  21.65  20.94  22.10  21.82  22.66  21.76  22.49  21.71  21.65  21.32  21.53  22.41  21.51   
20.34  21.21  21.55  21.87  21.66  21.90  21.34  21.79  22.31  22.09  21.74  21.64  21.32  22.43  21.52  22.61   


0
21.19  21.10  20.67  20.77  20.61  21.97  21.19  21.75  21.47  20.92  21.10  20.81  20.76  21.09  20.99  21.62   
20.50  20.20  20.72  21.10  21.83  21.83  21.85  21.21  21.11  22.30  21.73  21.79  21.40  21.53  21.33  22.07   
20.00  21.01  20.67  21.30  20.44  21.99  21.91  22.04  22.16  21.74  22.01  21.64  21.54  21.77  21.57  22.25   
20.62  21.06  21.67  21.74  20.96  22.34  22.00  22.00  22.30  22.42  22.08  22.11  22.09  22.70  22.15  22.77   


0
21.49  20.23  20.52  20.52  20.60  21.26  21.06  21.96  21.79  20.91  21.54  21.38  20.75  20.29  21.12  21.61   
20.36  20.57  20.22  21.77  21.50  21.82  21.84  21.30  21.20  21.98  21.29  21.56  21.51  21.14  21.46  21.60   
21.26  20.48  21.26  21.18  20.43  22.08  22.31  22.13  21.94  21.94  22.31  21.08  22.46  22.13  21.97  21.79   
20.61  20.64  21.27  22.46  21.22  21.99  21.32  22.32  22.63  22.53  21.83  22.34  22.08  22.12  22.14  22.22   


0
21.50  20.67  20.27  20.65  20.37  21.85  21.08  21.52  21.80  20.70  21.33  21.74  20.88  20.83  20.71  21.46   
20.09  20.97  20.48  20.87  21.51  21.62  22.05  21.31  21.53  22.00  21.41  21.46  21.75  21.15  21.20  21.92   
20.85  20.50  20.79  21.53  19.47  22.20  22.12  22.04  21.75  21.85  21.91  20.98  21.89  22.26  21.15  21.65   
19.88  21.06  21.15  21.86  20.41  22.11  21.77  22.11  21.84  22.42  21.60  22.23  21.70  21.70  21.99  22.23   


0
21.39  20.57  21.50  20.94  21.48  21.77  21.12  21.79  21.73  21.62  21.25  21.89  20.68  21.26  20.75  20.70   
20.95  21.14  20.52  21.37  21.77  22.29  20.97  21.35  21.36  21.62  21.44  21.72  21.56  21.44  20.96  21.80   
20.61  20.92  20.59  21.34  19.83  21.92  22.05  22.08  21.79  21.88  21.84  21.68  22.05  22.05  21.19  21.69   
20.21  21.37  21.58  22.02  21.55  21.58  22.04  22.15  22.57  21.66  22.00  21.54  21.74  22.02  22.83  23.17   


0
21.97  20.69  20.81  21.40  20.86  21.40  20.98  21.76  21.15  20.60  21.56  21.41  21.01  20.97  21.00  21.32   
20.52  20.85  20.49  21.00  21.63  21.64  20.94  21.32  21.86  22.01  21.74  21.36  21.53  21.54  21.76  21.78   
20.72  20.64  21.04  21.65  19.81  22.32  21.82  22.05  22.28  22.71  22.03  21.87  21.79  21.53  21.72  22.87   
20.78  21.34  21.68  22.36  20.97  22.01  21.79  21.79  22.08  22.55  22.56  21.76  21.97  22.29  22.81  22.61   


0
21.07  20.84  20.43  20.92  20.76  21.41  21.55  21.44  21.38  21.28  21.58  21.19  21.15  20.46  21.16  21.49   
20.94  20.87  20.62  21.81  21.32  21.65  21.47  21.74  21.66  22.23  21.54  21.49  21.55  21.93  21.22  21.79   
20.45  20.52  21.29  21.33  19.33  22.01  22.67  22.17  21.77  22.40  21.93  21.66  21.21  21.92  21.46  22.13   
21.09  21.36  21.69  21.27  20.99  22.14  22.13  21.70  22.10  22.56  21.75  21.65  21.59  22.30  22.34  22.62   


0
21.53  21.13  20.69  21.29  21.35  21.99  20.76  22.00  21.94  21.17  21.47  21.76  21.15  21.11  21.72  21.33   
20.67  20.61  20.62  21.24  21.75  22.07  21.67  21.44  21.56  21.82  22.18  21.49  21.78  21.55  21.77  22.55   
20.88  20.01  21.29  21.33  19.98  22.33  22.35  22.07  22.08  22.19  21.83  22.10  22.85  21.92  21.32  22.43   
20.20  20.81  22.34  21.88  21.54  22.25  21.58  21.81  22.21  22.68  22.69  21.89  21.20  21.73  22.34  23.51   


0
21.51  20.97  20.81  21.03  21.33  22.09  21.32  21.98  21.82  21.16  21.45  21.75  21.49  20.84  21.00  22.11   
20.52  20.73  20.49  21.23  21.85  21.85  21.66  20.91  21.44  21.60  21.74  22.12  22.34  21.42  21.49  22.08   
21.01  20.51  21.40  21.88  19.97  22.00  21.60  22.76  22.18  21.65  22.44  22.09  22.02  22.40  22.14  22.26   
20.64  21.07  20.38  22.36  21.11  22.13  22.12  22.02  22.43  22.55  22.45  22.24  21.19  22.43  22.33  22.96   


0
21.51  20.69  20.68  21.52  21.57  21.98  21.09  22.32  21.37  21.71  21.45  21.98  21.01  21.10  21.57  22.11   
20.52  20.98  20.73  21.00  21.74  22.26  21.76  21.83  21.75  22.62  21.74  22.12  22.34  21.54  21.35  22.69   
21.01  21.14  20.68  21.32  20.45  22.21  22.76  22.15  22.07  22.71  21.92  22.20  21.79  21.53  22.27  22.26   
20.49  21.61  21.55  22.12  21.52  22.24  21.90  21.79  22.08  22.32  23.03  22.00  22.10  21.71  22.49  22.61   


0
21.07  20.98  21.22  20.68  21.47  22.22  21.89  22.11  21.50  21.39  21.80  21.53  20.42  20.85  21.44  21.81   
20.67  20.87  20.86  21.12  22.18  21.96  22.18  21.85  21.87  22.23  21.75  21.70  21.43  20.93  21.22  23.31   
21.02  20.27  21.53  21.67  21.11  22.01  21.62  22.37  22.39  22.08  22.04  21.88  22.27  21.67  21.60  21.98   
20.20  21.49  21.82  21.88  21.54  21.91  22.02  22.14  22.21  22.56  22.69  22.38  22.38  21.73  22.50  22.62   


0
21.53  20.12  20.83  21.66  21.23  21.41  21.89  22.11  21.16  21.17  21.80  21.65  20.91  20.85  21.30  21.97   
20.39  21.25  20.74  21.12  21.32  21.75  21.47  21.64  21.35  22.23  21.43  21.38  21.55  21.05  21.22  21.33   
20.73  21.03  21.05  21.22  20.14  22.12  22.14  22.67  22.60  22.30  21.62  21.66  21.92  22.04  22.15  22.28   
19.75  21.22  22.21  21.88  21.12  22.25  22.36  21.70  22.21  23.25  21.99  22.26  21.86  22.44  22.34  23.15   


0
21.22  20.98  21.22  21.17  21.23  21.76  21.22  22.00  21.94  20.72  21.58  20.95  20.18  20.85  20.88  21.97   
20.12  20.61  20.38  20.89  21.11  21.75  21.16  21.34  21.45  22.33  22.18  21.70  21.08  21.30  21.91  22.55   
20.73  21.41  20.94  21.33  20.79  21.59  22.14  22.27  22.70  22.08  21.83  21.23  21.57  22.04  22.29  21.52   
20.50  21.49  22.08  21.88  21.12  22.02  22.36  21.70  22.10  22.33  21.39  22.13  22.12  22.16  22.02  22.62   


0
21.95  21.66  21.18  20.76  20.72  21.72  21.40  21.51  21.46  21.35  21.20  20.80  21.35  20.95  20.98  20.97   
20.22  20.96  20.94  21.43  21.82  22.03  21.94  21.50  21.31  22.09  21.61  21.77  21.16  21.14  20.35  21.44   
21.12  20.61  21.02  21.18  20.91  22.61  21.90  21.93  21.74  22.68  22.10  21.73  21.18  21.88  21.42  21.63   
21.35  21.05  22.04  21.97  21.50  21.76  21.87  22.66  22.06  22.53  21.95  21.73  21.56  21.97  21.66  22.76   


0
21.67  21.26  21.60  21.40  21.10  21.28  21.65  21.76  21.71  21.38  21.45  21.64  21.13  20.84  22.27  23.06   
20.52  21.24  20.97  21.00  21.53  22.06  22.27  21.43  21.75  22.11  21.95  21.91  21.07  21.42  21.62  22.84   
21.29  21.02  21.04  21.32  19.97  22.21  21.82  22.05  21.87  22.39  21.82  21.21  22.60  22.15  21.72  23.02   
21.08  21.34  22.07  22.48  21.52  21.78  21.90  21.57  22.89  22.89  21.97  22.24  21.97  22.71  22.81  23.32   


0
22.57  20.10  20.54  21.14  21.32  21.50  20.85  22.42  22.02  21.25  20.65  21.74  20.76  21.22  20.99  21.62   
20.78  20.71  20.83  21.10  21.83  22.35  22.15  21.72  21.95  22.20  21.41  21.79  21.40  21.53  21.47  22.37   
20.00  20.24  20.55  21.19  20.44  21.88  22.12  22.65  22.47  22.06  22.22  21.53  21.89  22.64  21.99  21.80   
21.36  20.65  22.18  22.35  20.82  21.88  21.89  21.89  22.64  22.31  22.08  22.11  22.09  22.56  22.31  22.77   


0
21.19  21.10  21.46  21.02  21.20  21.73  21.19  21.63  21.14  21.03  21.55  21.85  21.24  20.17  21.55  22.10   
20.91  20.84  21.07  20.87  21.62  21.73  21.65  21.62  21.43  22.20  21.94  22.11  21.40  21.90  21.06  21.46   
20.85  20.37  20.55  21.19  19.96  22.20  22.33  22.04  21.96  22.06  21.91  21.86  21.89  22.26  21.43  21.65   
20.62  21.47  21.67  21.49  20.96  23.02  22.22  21.89  22.30  22.54  21.84  21.87  22.09  22.13  22.31  22.59   


0
21.08  20.43  21.37  21.18  21.01  21.42  20.78  22.35  21.84  20.96  21.81  21.20  20.68  20.87  21.87  20.86   
20.41  21.01  21.11  20.79  21.66  22.18  21.48  21.86  21.36  22.03  21.55  21.61  21.44  21.44  21.51  21.65   
21.17  20.66  21.19  21.23  19.83  22.13  21.95  22.48  22.41  21.88  22.16  21.68  21.81  21.93  21.89  22.44   
20.81  20.96  22.35  21.90  20.45  21.92  22.15  21.82  23.02  22.80  22.35  22.03  22.00  23.02  22.35  21.73   


0
20.72  20.95  20.79  21.25  21.07  21.37  21.29  21.85  21.46  21.46  20.87  21.73  21.35  20.55  20.98  22.40   
20.90  20.83  20.58  20.16  21.39  21.82  21.63  21.91  21.83  22.19  22.25  21.88  21.39  21.77  21.60  21.90   
20.13  20.36  21.26  21.52  19.94  21.97  22.52  22.23  22.05  22.26  22.31  21.95  22.23  22.13  22.66  22.39   
20.76  21.99  21.78  21.97  21.36  22.44  22.43  22.21  22.40  22.53  21.95  21.98  21.82  22.55  22.30  22.94   


0
21.49  21.09  21.32  20.89  20.95  22.30  21.06  21.85  21.12  21.24  20.98  21.15  20.87  21.08  20.55  21.77   
20.77  21.21  20.70  21.20  21.72  21.82  21.43  21.09  21.83  21.57  21.82  21.99  21.62  21.52  21.87  22.05   
20.84  20.74  20.90  21.40  20.43  22.29  22.11  22.33  22.15  22.89  22.00  21.63  22.11  22.25  21.97  21.79   
20.76  21.18  21.65  22.33  21.50  22.44  21.76  22.21  22.63  22.53  21.83  21.73  21.42  21.97  21.98  22.76   


0
20.89  20.96  20.80  20.77  20.49  21.50  21.64  22.20  21.69  21.36  22.00  20.93  20.88  21.09  21.83  21.94   
20.37  21.10  20.72  20.98  21.19  22.35  21.03  22.02  21.43  22.10  21.62  22.11  21.17  21.15  21.33  21.92   
21.13  21.26  20.91  20.85  20.60  22.20  22.12  22.55  21.85  22.06  22.01  22.29  22.36  22.14  22.26  21.95   
20.47  21.19  22.18  21.74  20.82  22.34  21.89  21.89  22.19  22.65  22.20  22.11  22.22  22.27  21.51  21.87   
