Start of this file: 15:07:32 02/03/2017 

0
21.57  19.15  20.73  20.35  20.79  21.33  20.46  21.81  20.98  21.09  21.28  21.11  20.70  20.23  20.35  20.89   
19.88  20.78  19.82  20.70  21.36  22.00  21.40  21.27  20.76  21.34  21.68  21.42  21.47  21.34  21.12  21.83   
20.63  19.41  20.85  21.14  20.83  21.94  21.87  21.59  21.40  21.59  21.87  21.48  21.72  21.70  21.36  22.17   
20.54  20.85  21.22  21.55  20.75  22.06  21.95  21.84  22.13  22.37  22.14  21.20  21.50  21.91  21.25  21.40   


0
20.45  20.41  20.69  20.55  20.76  21.64  20.54  21.66  21.38  20.72  20.79  21.30  20.55  20.59  21.58  21.49   
20.12  20.74  20.38  20.55  21.22  21.55  21.47  21.23  21.14  21.71  21.32  21.49  21.08  20.68  21.50  21.33   
20.59  20.14  20.58  21.22  19.82  21.06  21.93  22.07  21.25  22.19  21.51  21.77  22.15  22.16  20.90  21.82   
20.20  20.81  21.31  21.39  20.29  22.02  21.24  21.47  21.98  21.99  22.34  21.89  21.72  21.58  22.66  21.72   


0
21.43  20.75  20.22  20.97  20.33  21.11  20.81  21.60  20.88  20.66  20.96  21.00  20.96  20.64  20.22  21.54   
20.72  20.41  20.43  21.06  21.05  21.70  21.11  21.08  20.87  22.07  21.48  20.45  21.25  20.73  21.13  21.69   
20.93  20.06  21.46  21.15  19.38  21.53  21.77  22.01  21.62  21.92  21.14  21.82  21.73  22.59  21.09  21.88   
20.10  20.59  21.62  21.08  20.90  21.73  21.85  21.63  22.38  22.04  21.56  22.18  21.51  22.06  22.07  21.77   


0
21.39  20.14  20.84  20.57  20.89  22.00  21.57  21.90  21.29  20.73  21.70  21.55  20.68  20.87  22.01  21.34   
20.95  20.37  20.40  20.91  21.44  21.77  21.48  21.25  20.84  22.03  21.98  21.17  21.21  21.57  21.79  22.11   
20.46  19.90  21.07  21.00  19.83  22.45  21.84  22.08  21.58  21.88  21.63  21.24  21.93  22.92  21.75  22.29   
19.92  21.23  21.71  21.65  21.00  21.69  22.04  22.37  22.45  22.69  22.00  22.75  22.00  21.88  21.87  22.63   


0
20.97  20.75  20.22  20.85  20.92  21.58  20.81  21.26  21.66  21.11  21.52  21.47  21.20  20.90  21.07  22.18   
20.31  20.53  20.07  20.36  21.27  22.01  21.21  21.08  21.08  21.66  21.59  21.64  21.36  21.60  21.69  21.53   
20.36  20.19  20.87  21.60  20.36  21.85  21.88  22.01  21.62  21.50  21.67  21.60  21.62  21.97  22.06  22.03   
20.25  20.86  21.87  21.32  20.90  21.96  21.40  21.86  22.03  21.92  22.03  22.06  21.51  21.49  21.43  23.03   


0
21.25  20.58  20.85  20.58  21.14  21.44  20.68  21.23  21.41  21.30  20.82  21.44  20.09  20.88  20.76  21.99   
20.28  20.12  20.53  21.03  21.35  21.68  21.80  20.95  21.58  22.05  21.13  21.62  21.22  21.33  21.25  21.20   
21.19  20.80  20.60  20.90  19.36  21.83  21.96  22.19  21.80  22.21  21.96  21.36  22.41  21.69  21.62  21.40   
20.08  21.79  21.33  21.54  20.87  21.82  21.49  22.05  22.24  22.01  22.01  21.92  21.88  22.04  22.20  23.00   


0
21.25  20.72  20.59  21.07  20.31  21.32  20.34  21.01  21.30  20.41  21.04  20.86  21.29  19.83  21.46  21.20   
20.01  20.38  20.65  20.92  20.92  21.57  20.88  21.16  20.95  21.53  21.56  21.29  21.69  21.95  21.25  21.51   
21.04  19.91  20.84  21.47  20.01  22.14  22.27  21.58  21.90  22.21  21.64  21.91  21.83  21.69  21.48  22.15   
20.82  20.43  21.20  21.42  20.60  21.82  21.71  21.72  21.89  22.01  22.25  21.67  22.14  22.18  22.36  22.46   


0
21.71  20.29  20.85  20.58  20.42  21.67  21.02  21.69  21.19  20.64  20.93  21.56  20.93  20.62  21.61  21.99   
19.87  20.64  20.05  21.26  20.59  21.88  21.29  21.16  21.58  22.15  21.78  21.84  21.80  21.33  21.25  21.81   
19.90  20.29  20.12  21.13  20.01  21.83  22.38  21.89  22.01  22.00  21.75  21.80  21.59  21.44  22.04  22.30   
20.38  20.29  21.07  21.42  21.29  21.82  22.16  21.72  22.24  22.36  22.13  21.80  22.14  21.32  21.88  22.11   


0
20.81  20.18  19.95  20.73  20.57  22.04  20.70  21.82  20.99  20.77  21.29  21.47  21.08  20.77  21.35  21.06   
20.17  20.41  20.79  20.36  21.27  21.81  21.72  21.08  21.19  21.45  21.69  21.32  21.13  21.48  21.83  21.53   
20.64  20.19  20.87  20.81  19.22  22.06  22.30  21.81  21.62  22.03  21.98  21.71  21.26  22.21  21.37  21.57   
20.25  20.73  21.74  22.06  21.04  21.85  21.96  21.63  21.57  22.38  21.68  21.58  21.77  21.92  21.75  21.77   


0
21.43  20.46  20.75  20.48  21.16  21.35  20.93  21.37  21.43  21.22  21.18  21.47  20.96  20.64  20.64  21.86   
19.76  20.66  19.83  20.83  21.27  21.81  20.70  21.18  21.50  21.76  22.02  21.64  21.36  20.10  20.86  21.23   
20.79  19.81  21.23  21.04  19.38  21.74  21.98  21.81  21.72  21.50  21.88  21.60  21.62  21.97  21.23  21.72   
20.25  20.73  21.10  21.44  21.04  21.62  22.29  21.63  22.15  22.73  21.80  21.94  22.56  21.49  22.07  22.13   


0
20.94  20.58  20.98  20.58  20.54  21.20  20.90  21.57  21.30  20.97  21.27  21.09  20.33  21.14  21.46  21.20   
20.15  21.02  20.53  20.80  21.46  21.47  21.29  21.26  20.64  22.45  21.78  21.73  21.80  21.08  20.83  21.05   
20.19  20.17  20.48  21.13  20.01  21.30  21.64  21.89  21.59  21.68  21.64  21.36  21.47  22.44  21.20  21.40   
20.53  20.97  21.85  22.03  21.15  21.47  21.83  21.50  22.69  22.36  21.77  21.43  21.62  22.04  22.20  22.11   


0
20.93  19.27  20.58  20.44  20.77  21.77  21.23  21.34  21.17  20.51  21.14  20.85  20.68  20.73  21.45  21.82   
20.00  20.75  20.04  21.37  21.23  21.56  21.28  20.84  21.36  21.52  21.66  21.93  21.10  22.06  21.79  22.26   
20.46  19.77  20.11  21.00  19.99  21.81  21.95  22.18  21.89  22.31  21.63  21.68  21.58  21.80  22.57  21.99   
20.51  20.96  21.32  21.53  20.45  21.69  21.92  21.60  21.88  22.35  22.12  22.27  21.87  22.02  22.51  22.81   


0
21.08  20.43  21.24  20.94  21.01  21.08  20.89  21.22  21.29  20.96  20.92  21.20  20.68  21.00  21.31  21.66   
20.13  20.62  19.79  20.91  20.80  21.77  20.97  21.66  21.15  21.21  21.12  21.93  21.33  20.94  20.96  21.80   
19.89  20.03  20.71  21.00  19.34  21.71  22.05  22.08  21.48  21.88  21.53  21.89  21.34  21.05  21.75  21.53   
19.77  21.10  21.32  21.16  20.45  21.35  20.92  22.15  22.11  22.46  22.12  21.66  21.61  23.16  22.19  21.91   


0
20.76  19.69  20.56  21.05  20.99  21.18  20.54  21.66  21.16  21.06  20.68  20.72  20.30  20.98  21.58  21.01   
20.26  20.48  20.74  21.01  21.75  21.86  21.16  21.13  21.24  21.40  21.43  21.38  21.66  21.93  20.67  21.48   
21.16  20.27  20.70  20.99  19.33  21.70  21.41  22.67  21.46  22.19  21.72  21.77  21.33  21.67  21.87  22.58   
20.35  21.22  21.44  21.76  20.57  21.79  22.02  21.92  22.10  22.45  21.99  21.53  21.20  21.58  21.21  21.72   


0
21.26  20.31  20.47  20.96  20.79  21.68  20.69  21.70  21.09  20.54  21.50  21.34  20.82  20.50  21.34  21.85   
20.02  20.39  20.06  21.28  21.25  21.27  21.40  21.07  20.65  21.44  21.68  21.42  21.35  20.46  21.26  21.37   
20.49  19.92  20.37  20.80  20.34  22.37  21.55  22.10  21.40  22.23  21.87  21.37  21.37  21.20  21.63  21.71   
20.39  20.58  21.47  21.43  20.75  21.83  21.50  21.62  21.79  22.26  21.79  21.32  21.37  21.76  22.06  21.40   


0
21.23  19.99  20.84  20.69  21.01  21.19  20.66  21.45  21.29  20.85  20.92  21.66  20.44  21.13  21.31  22.30   
19.86  21.26  20.04  20.79  21.01  21.45  21.17  20.94  20.84  21.52  21.23  21.50  20.51  21.32  21.37  21.49   
20.46  20.41  20.35  21.57  19.99  22.55  22.16  21.98  21.37  22.10  21.63  21.13  21.58  21.55  21.47  20.93   
19.77  21.10  21.96  21.41  20.31  21.35  21.59  22.37  21.88  22.46  22.12  22.03  22.00  22.02  22.19  22.63   


0
21.40  20.72  20.46  20.83  20.78  21.32  20.56  21.01  21.52  20.86  20.59  21.33  20.69  19.69  21.04  21.99   
20.15  20.38  20.17  20.80  21.24  21.68  21.29  21.26  20.85  21.94  20.92  21.51  21.46  20.45  20.97  21.51   
20.90  20.68  21.08  21.13  19.36  21.83  22.06  22.39  21.38  22.21  21.64  21.03  21.59  21.82  22.04  21.55   
19.03  21.11  20.42  21.79  21.01  21.71  21.71  21.50  22.35  22.36  22.25  21.31  22.01  21.03  21.72  21.56   


0
20.64  20.02  20.07  21.09  20.32  21.22  21.25  21.81  21.31  20.65  21.50  21.80  20.70  20.50  21.62  20.41   
19.88  20.52  20.42  21.16  21.25  21.90  20.79  20.55  20.86  21.96  21.47  21.42  21.24  21.59  20.70  22.59   
20.49  20.18  20.85  20.92  20.18  21.41  21.66  22.00  21.29  21.59  21.87  21.59  22.07  21.58  21.77  22.32   
20.09  20.58  21.73  21.19  20.47  21.60  21.95  21.73  21.90  22.49  22.02  22.05  21.76  21.91  21.74  22.30   


0
20.93  20.28  20.31  20.20  20.65  21.08  20.78  21.34  22.28  21.07  20.69  20.97  20.20  20.08  21.31  21.18   
20.13  20.50  20.28  20.91  21.23  21.66  20.56  21.25  20.94  21.73  21.87  21.61  21.21  21.07  21.23  21.65   
20.18  20.03  20.71  21.12  19.34  22.02  21.84  21.57  21.58  21.99  21.63  20.91  21.46  21.80  21.61  21.23   
20.81  20.55  21.71  21.41  20.31  22.38  21.48  22.49  21.65  22.00  21.52  21.54  21.08  22.74  22.19  21.73   


0
21.12  20.32  20.75  20.97  20.69  21.58  20.81  21.49  20.77  21.00  21.07  20.77  20.48  20.51  20.36  21.06   
20.03  21.05  20.43  21.06  21.05  21.60  21.31  21.18  20.66  21.87  21.91  21.64  20.79  20.98  21.83  21.69   
20.93  20.19  20.75  20.81  20.03  21.85  21.67  22.22  21.62  22.45  21.98  21.71  21.85  21.84  21.51  21.27   
20.10  20.45  21.36  21.69  21.04  22.53  22.07  21.52  22.03  21.92  21.92  21.58  22.17  21.92  21.91  21.59   


0
20.32  20.72  20.85  20.21  20.90  21.44  20.68  21.35  21.63  21.53  21.27  20.98  21.17  20.35  21.61  21.36   
20.56  19.99  20.53  21.15  21.24  21.57  21.49  20.75  21.79  21.64  21.03  21.40  21.34  21.20  21.11  21.97   
20.62  19.78  21.20  20.90  20.33  22.04  22.17  22.19  22.11  22.00  21.75  21.36  21.47  21.94  21.90  21.85   
20.67  20.70  21.07  21.91  21.29  21.82  21.71  21.72  22.35  22.01  22.72  21.43  22.01  21.89  21.56  22.82   


0
20.49  20.16  20.87  20.47  20.79  21.33  20.80  21.70  21.20  20.42  21.39  21.11  19.98  20.10  21.62  21.37   
20.30  20.52  20.42  20.70  21.68  21.27  21.40  21.37  21.28  21.44  20.93  21.96  21.35  20.71  21.26  21.83   
20.35  20.43  20.73  21.14  19.53  22.05  22.29  22.20  22.23  22.02  21.87  21.26  21.60  21.83  21.91  21.56   
20.98  20.44  21.34  21.31  20.61  22.18  21.61  21.40  22.25  22.14  21.31  21.69  21.76  21.48  21.58  21.58   


0
20.95  20.88  21.00  20.59  20.79  20.87  20.46  21.47  21.31  20.87  20.72  20.99  21.18  20.76  20.63  21.69   
20.71  20.91  20.30  21.05  21.79  21.79  21.10  21.17  21.28  21.85  21.04  21.63  20.89  21.09  20.29  21.06   
20.77  19.80  20.49  21.48  20.18  21.63  21.66  21.70  21.40  22.23  22.28  21.04  21.25  21.83  22.05  22.01   
20.39  21.12  21.86  21.55  20.47  21.72  21.05  22.29  22.59  22.14  22.38  22.17  21.37  22.05  22.06  22.48   


0
20.77  21.14  20.04  21.18  21.01  21.42  21.34  21.67  21.62  20.73  21.37  20.97  19.95  20.21  20.32  21.66   
20.27  19.98  20.52  20.79  21.55  21.87  21.38  21.25  20.94  21.31  21.44  21.72  21.44  21.07  20.82  21.49   
20.61  20.54  20.59  21.12  19.83  21.92  22.16  21.77  21.68  21.57  21.74  21.13  21.81  22.43  21.33  21.08   
20.51  20.14  21.58  21.28  21.14  21.69  21.37  21.93  21.42  22.12  21.52  22.03  21.87  21.59  21.23  21.37   


0
21.40  19.57  21.38  21.07  20.90  21.20  21.24  21.57  21.63  20.97  21.94  21.44  20.81  20.35  21.04  22.15   
20.01  21.02  20.65  20.80  21.46  21.78  20.88  21.26  21.27  21.64  21.88  21.84  21.46  21.20  21.66  21.97   
20.48  20.42  20.72  20.68  20.49  22.35  21.85  22.29  21.59  22.00  21.96  22.02  21.94  22.56  22.04  22.00   
20.38  21.11  21.20  21.66  20.87  22.05  22.60  22.05  22.24  22.59  22.01  21.92  22.01  22.04  23.16  22.64   


0
21.43  20.61  20.61  21.10  20.81  21.58  21.04  21.71  21.66  20.66  20.96  21.47  20.96  20.51  21.35  20.74   
20.58  20.92  20.79  21.40  21.70  21.60  20.80  21.08  21.40  22.07  21.91  20.77  21.60  21.10  21.13  22.30   
20.36  20.96  21.23  20.70  19.87  22.59  21.98  22.01  21.82  22.03  21.77  21.06  22.43  21.97  20.95  21.88   
20.85  21.14  21.23  21.57  21.04  22.07  22.41  21.52  22.03  21.92  22.03  21.82  21.64  22.35  21.27  22.31   


0
21.27  20.18  20.35  21.10  20.57  21.23  21.04  21.82  21.21  21.00  21.29  21.12  20.48  20.77  20.93  21.86   
20.58  20.79  20.91  21.17  21.05  21.39  21.31  21.49  21.08  22.38  21.27  22.08  21.25  21.23  21.69  21.99   
20.64  20.83  20.99  20.93  20.36  21.96  22.40  22.01  22.13  22.03  22.30  21.38  21.38  21.84  22.06  21.88   
20.55  21.14  21.36  21.81  20.90  21.38  21.85  21.97  22.60  22.84  22.03  21.82  22.17  21.34  21.91  22.49   


0
21.57  20.45  20.47  21.33  21.15  21.68  20.69  22.37  21.20  20.42  20.94  20.41  21.06  20.63  20.91  21.69   
20.16  20.65  20.54  21.74  21.15  21.69  21.51  21.07  21.18  21.85  21.15  21.52  21.35  21.59  21.12  21.37   
21.62  19.92  20.85  21.25  20.34  21.63  21.76  22.10  21.92  21.91  22.60  22.35  21.37  21.70  22.05  21.71   
20.54  20.99  21.60  21.80  21.57  21.83  22.28  22.07  22.02  22.14  22.02  22.17  22.02  22.05  22.06  22.30   


0
22.31  21.15  21.38  23.98  21.25  21.55  21.02  21.80  22.30  21.08  21.04  22.25  21.53  21.40  21.32  21.83   
20.56  20.51  21.48  24.88  24.00  21.68  21.59  21.26  21.16  21.53  21.88  21.62  20.88  21.58  21.52  22.42   
21.19  20.68  20.72  23.91  22.73  22.14  21.96  22.70  22.21  22.32  21.54  22.34  21.94  22.07  21.90  22.30   
20.67  21.25  21.59  23.84  22.79  21.93  21.71  21.94  23.04  22.36  22.48  22.28  22.01  22.61  22.36  22.46   


0
21.25  21.30  21.51  24.81  23.36  21.44  20.90  21.57  21.30  21.30  20.93  20.98  21.17  20.75  20.62  21.67   
20.97  20.89  20.77  22.64  23.06  22.09  21.29  21.26  21.48  22.05  21.88  22.05  21.34  21.08  22.07  21.35   
20.33  19.65  20.48  23.69  21.94  22.56  21.96  22.80  22.83  22.00  21.85  21.69  21.71  22.07  22.17  21.55   
20.67  20.84  21.85  24.80  22.92  22.51  22.49  22.50  23.61  22.70  22.48  21.80  21.62  22.32  21.40  22.46   


0
22.14  20.84  21.49  24.67  23.10  21.76  20.88  21.77  21.83  22.93  21.58  21.30  21.51  20.59  20.88  22.13   
20.67  20.22  20.86  22.50  22.18  22.28  21.37  21.54  21.97  23.54  23.03  21.38  22.12  21.18  21.36  21.79   
19.88  20.52  21.05  23.66  20.79  22.54  22.14  22.47  22.39  23.45  24.41  22.21  21.80  22.41  22.42  22.43   
20.65  20.54  22.34  24.66  22.63  22.48  22.91  24.12  24.37  23.59  25.02  22.50  21.99  22.01  21.70  22.26   


0
21.72  21.31  21.52  24.47  22.56  21.10  21.37  21.70  23.51  23.84  23.06  21.46  20.34  21.02  21.06  21.05   
20.57  21.29  21.73  23.67  22.01  22.00  22.82  22.80  23.25  24.08  24.53  22.17  21.70  21.22  21.40  22.28   
21.06  21.07  20.97  24.58  21.95  23.31  24.66  25.00  26.07  25.04  25.76  23.43  22.07  22.08  22.32  22.62   
20.69  21.67  22.37  24.57  24.41  24.77  26.09  25.45  26.63  26.64  26.65  24.92  22.67  22.76  22.22  22.48   


0
20.66  21.32  21.67  24.24  21.63  23.19  24.81  26.43  26.85  26.52  26.63  24.21  20.96  19.98  21.35  21.54   
20.58  21.05  22.10  24.35  23.50  24.79  26.10  25.49  24.88  27.16  26.70  23.90  21.60  21.10  21.00  22.14   
20.64  21.33  21.94  24.26  26.32  25.38  27.10  25.40  25.78  25.88  24.36  22.58  22.32  22.46  22.61  22.03   
20.85  21.27  22.51  25.06  26.80  26.77  26.53  24.17  24.87  23.98  22.15  22.31  22.43  22.20  22.71  22.67   


0
21.86  20.87  23.46  25.87  25.76  26.09  24.67  25.55  26.72  26.08  24.57  21.33  20.69  20.88  21.46  21.20   
20.01  21.15  20.65  23.20  25.05  26.17  25.00  24.68  24.76  23.87  22.42  21.62  21.22  21.95  21.66  22.27   
20.62  20.29  21.20  20.90  21.30  22.35  23.52  23.40  25.26  22.21  21.85  21.47  22.41  22.31  21.76  22.15   
20.08  20.97  21.85  21.66  21.70  22.28  22.27  22.17  23.72  22.13  22.01  22.76  22.01  22.47  21.56  22.64   


0
21.25  20.72  21.12  22.78  23.47  25.09  24.24  24.79  24.48  21.97  21.71  21.56  20.81  20.35  21.32  21.36   
20.69  21.02  20.29  20.80  21.46  22.20  22.30  22.38  23.44  22.05  21.46  21.94  21.57  20.58  21.39  21.97   
20.90  20.04  20.84  21.13  20.17  21.93  21.85  22.19  22.42  22.43  22.06  21.69  21.83  22.31  21.20  20.94   
20.08  20.97  21.59  21.17  21.42  22.16  22.49  22.50  22.24  22.36  22.01  22.16  22.14  21.75  22.20  21.56   


0
20.79  20.44  20.98  20.95  20.90  23.05  23.25  23.58  22.08  21.19  20.93  21.21  20.93  20.75  21.04  20.88   
20.01  21.15  20.53  21.03  21.46  21.88  21.59  21.05  21.68  21.74  21.67  21.62  21.11  21.33  21.25  21.66   
20.62  20.80  20.48  20.90  20.49  22.04  22.17  22.90  22.32  22.11  21.85  22.12  21.83  21.82  21.76  22.15   
19.63  21.11  21.72  21.91  20.46  21.71  22.16  24.14  22.35  21.78  21.65  22.64  22.53  22.04  22.52  21.93   


0
20.63  20.72  20.72  20.95  20.31  21.79  23.14  22.25  21.41  20.52  20.93  21.33  21.05  20.35  20.90  21.67   
20.42  20.51  20.41  20.69  21.67  21.99  21.70  21.46  21.27  21.33  21.67  21.62  21.34  20.95  20.97  21.81   
20.62  20.04  20.48  20.68  20.65  21.93  22.06  23.60  22.21  22.00  21.75  21.58  22.18  22.07  21.07  21.70   
19.78  20.97  21.20  21.54  21.15  21.82  22.60  23.93  22.92  23.05  22.72  23.72  24.46  22.04  21.88  22.11   


0
20.32  19.72  20.59  21.32  21.14  20.50  21.13  21.80  21.96  21.64  21.38  21.44  19.97  20.88  21.18  21.52   
19.32  20.25  20.65  21.38  24.21  21.78  21.39  22.38  23.54  24.17  22.31  21.18  21.92  21.08  21.11  22.12   
20.19  21.06  20.60  22.69  24.45  22.46  23.62  24.29  24.76  24.72  23.92  24.49  22.53  22.56  21.62  21.40   
20.53  20.70  21.46  23.12  24.53  23.30  23.81  24.03  25.63  25.97  24.35  24.67  25.09  22.18  22.68  22.46   


0
21.08  20.57  20.84  21.31  24.49  21.89  21.90  22.90  24.03  23.49  21.92  21.89  21.28  20.73  21.17  20.38   
20.54  19.98  21.11  22.74  23.99  23.83  23.20  23.07  24.14  25.06  23.67  23.22  23.27  21.32  21.23  21.03   
20.75  20.28  21.31  23.24  24.29  24.11  23.92  24.58  25.25  26.15  24.53  24.05  24.70  22.43  22.02  21.08   
19.77  20.28  21.45  22.51  25.32  24.08  23.36  24.02  25.06  26.07  24.22  23.95  24.57  22.31  21.39  22.27   


0
20.15  20.57  21.10  22.28  24.04  23.61  23.02  24.23  24.36  25.00  24.78  22.58  25.15  21.26  21.45  20.70   
20.54  20.50  20.40  22.28  24.93  25.05  22.39  22.77  23.63  23.66  23.35  23.11  24.63  21.19  21.23  21.80   
20.46  20.15  20.83  21.12  23.97  25.14  23.82  22.88  22.92  21.99  21.84  22.98  22.51  22.18  21.33  21.53   
20.36  20.42  21.71  21.77  21.69  23.74  23.36  22.60  22.11  22.58  21.76  21.30  21.61  21.16  21.07  22.45   


0
21.73  21.04  20.75  22.08  24.99  24.89  22.83  22.27  22.21  21.66  21.29  21.93  22.03  20.64  19.79  21.22   
20.72  20.79  20.07  21.17  24.13  24.58  24.43  23.01  21.40  21.56  21.91  21.32  21.25  20.98  21.13  21.38   
20.93  19.94  20.75  20.93  20.52  22.17  22.61  22.72  21.62  22.45  21.88  20.95  21.97  21.59  21.92  21.27   
19.95  20.18  21.74  21.32  21.59  22.42  21.96  21.97  22.03  21.58  22.27  22.06  21.64  21.63  21.75  21.59   


0
21.11  20.74  20.73  20.96  21.39  21.57  20.92  21.70  22.31  20.76  21.28  21.46  20.82  21.28  21.34  22.01   
19.75  20.65  20.54  20.93  21.36  21.58  21.40  21.48  21.91  21.85  21.68  21.42  21.12  21.09  21.26  21.52   
19.92  20.31  20.73  21.37  19.20  21.73  21.55  22.00  21.71  21.59  21.87  21.26  21.95  22.20  21.91  22.32   
19.79  20.99  21.47  21.06  20.05  21.95  21.61  21.73  22.36  22.37  21.90  21.69  21.76  21.62  22.86  22.12   


0
21.72  20.31  20.73  20.72  20.68  21.68  21.14  21.36  21.31  20.65  20.83  20.87  20.34  20.89  21.20  21.21   
19.75  20.65  20.30  21.39  21.25  21.58  21.81  21.58  20.86  21.65  21.25  21.63  21.24  20.71  21.12  21.21   
20.20  20.43  20.13  21.37  20.34  21.52  22.18  22.20  21.81  22.12  22.18  21.92  21.84  21.45  21.22  22.17   
21.28  20.72  21.09  21.43  21.16  22.18  21.95  21.17  22.25  22.26  21.67  21.81  21.76  21.04  21.41  23.37   


0
20.94  20.72  20.85  20.70  21.02  21.20  20.79  21.57  20.85  20.64  20.82  20.28  19.84  19.96  21.18  21.52   
20.15  20.64  19.93  20.69  21.03  21.47  21.19  21.05  21.16  21.94  21.56  20.97  21.22  21.20  20.83  21.97   
20.33  20.29  21.32  21.24  19.52  21.83  21.64  21.89  21.80  21.58  21.75  21.80  21.71  21.69  21.90  21.70   
19.78  20.70  21.33  21.66  20.60  22.28  21.60  21.83  22.24  22.24  21.89  21.67  21.75  21.89  21.72  22.28   


0
21.07  20.27  20.96  20.31  20.76  21.41  20.99  21.21  20.94  20.83  21.13  21.07  20.55  20.46  21.02  21.17   
19.43  20.35  19.90  21.12  21.54  21.65  21.26  21.34  21.14  22.02  20.89  21.16  21.20  21.18  21.22  21.33   
20.45  20.78  20.58  21.33  19.82  21.91  21.83  22.27  21.77  21.55  22.25  21.33  21.21  21.04  21.73  21.82   
19.90  21.22  21.82  20.90  21.26  21.56  21.69  21.47  21.98  21.87  21.87  21.41  22.12  21.87  21.70  22.26   


0
20.46  20.43  21.10  20.81  20.41  21.31  20.44  21.56  20.95  20.85  21.03  21.55  19.83  20.21  20.75  20.86   
19.58  20.24  20.16  20.56  21.44  21.87  21.38  21.66  21.15  22.14  21.55  21.61  21.10  21.19  21.37  21.34   
20.46  20.15  21.31  20.89  19.34  21.71  22.26  22.28  21.48  22.20  21.74  21.46  21.81  21.43  21.75  21.23   
20.07  21.10  20.93  21.16  20.72  21.92  21.81  21.71  22.57  22.35  22.35  21.66  21.48  22.02  21.39  22.45   


0
21.53  20.12  21.09  20.43  21.35  21.18  20.54  21.66  21.27  20.50  20.79  21.30  20.67  20.20  20.59  22.60   
20.39  20.61  20.02  20.66  21.43  21.75  21.06  21.13  21.14  21.40  21.75  21.70  21.43  21.30  21.36  21.79   
20.16  19.76  19.97  21.22  20.14  21.80  22.04  21.86  21.46  21.77  21.93  21.33  21.57  22.04  21.73  21.98   
20.95  20.81  21.05  21.15  20.29  21.68  21.80  21.47  21.40  21.76  21.51  21.41  21.59  22.58  22.50  22.80   


0
20.48  20.72  20.19  20.46  20.66  21.79  20.90  21.46  21.08  20.97  20.93  20.98  20.45  20.35  20.48  21.67   
19.87  20.51  20.05  20.80  21.67  21.26  21.29  21.16  21.68  22.05  21.13  21.29  21.34  20.83  20.83  20.89   
21.04  20.04  20.60  21.02  20.17  21.72  21.64  21.58  21.70  22.21  21.43  21.36  21.59  21.82  21.76  21.55   
20.53  20.29  21.20  21.79  21.42  21.59  21.60  22.17  21.66  21.90  21.89  21.55  21.36  22.04  22.20  21.93   


0
20.18  19.88  20.34  20.72  20.79  21.33  20.80  21.25  21.53  21.21  20.60  21.11  20.70  20.37  20.91  21.05   
20.30  20.26  19.94  21.39  20.61  22.00  20.58  21.48  20.65  21.13  21.15  21.52  21.47  21.09  20.70  21.37   
20.49  20.43  20.97  20.69  20.34  22.05  22.08  22.10  21.40  22.44  21.76  20.93  22.07  21.83  21.22  21.56   
20.24  20.44  21.73  21.80  20.61  22.18  21.39  21.62  22.36  21.91  22.14  21.93  21.11  21.91  22.22  21.58   


0
21.09  19.72  20.85  20.46  20.66  21.20  20.45  21.35  20.85  21.08  21.38  20.98  20.45  20.09  20.76  21.20   
19.87  20.25  20.53  20.80  20.92  21.26  20.98  21.05  20.85  22.05  21.56  21.40  20.64  21.08  21.11  21.20   
19.90  20.55  20.96  21.02  19.19  21.61  21.54  21.99  21.70  21.79  21.54  21.25  21.00  21.69  20.79  22.15   
20.97  20.15  21.72  21.54  20.46  21.47  22.05  21.72  21.89  22.01  21.53  21.43  21.75  22.04  21.56  21.56   


0
21.23  21.00  20.97  21.06  20.77  21.66  20.66  21.45  21.06  20.73  20.92  21.55  20.80  20.47  20.89  21.66   
20.13  20.24  20.16  21.02  21.66  21.45  21.07  21.25  20.94  21.93  21.66  21.17  21.33  21.57  21.51  22.11   
21.03  20.15  20.83  21.00  20.32  21.92  22.05  22.38  21.48  22.31  21.74  21.46  21.81  22.92  21.75  22.29   
20.07  21.23  21.06  21.53  20.72  22.04  21.48  21.37  22.45  22.35  22.00  21.54  21.61  22.88  22.19  21.91   


0
21.11  20.59  20.20  20.96  20.91  21.10  21.25  21.47  21.31  21.09  21.39  21.57  20.70  21.15  20.91  21.53   
20.57  20.13  19.94  20.93  21.36  21.69  21.51  21.17  21.28  21.55  21.36  21.31  21.12  21.47  21.12  22.13   
19.92  19.80  20.73  21.25  19.53  21.84  21.76  22.00  21.29  22.02  21.55  21.59  21.72  21.83  21.49  21.86   
19.94  20.72  21.22  21.31  21.02  21.83  21.61  21.84  22.25  22.26  21.90  21.44  21.63  21.76  21.25  21.58   


0
21.08  20.86  20.31  20.57  20.77  20.72  20.78  21.90  20.84  20.62  20.58  21.66  20.44  19.95  20.46  21.50   
20.00  21.14  20.16  20.56  21.34  21.56  20.97  21.14  21.36  22.03  21.12  21.61  20.86  20.94  21.51  21.80   
19.89  20.28  20.71  21.12  19.18  21.92  21.42  21.67  21.89  21.99  21.74  22.00  21.58  22.30  21.47  21.38   
20.07  20.83  21.06  21.41  21.27  22.27  21.81  21.93  21.53  22.35  21.52  21.66  21.74  21.31  21.39  21.19   


0
21.57  20.45  20.60  20.10  21.39  21.57  21.03  21.70  21.42  21.09  21.28  20.87  20.46  20.37  20.63  21.53   
19.75  20.52  20.30  21.28  21.47  21.69  21.61  21.58  21.38  21.44  21.58  21.20  20.89  21.09  21.40  21.06   
19.49  20.05  20.73  21.03  20.18  22.15  21.55  22.51  21.50  21.48  21.45  20.71  21.60  22.08  21.63  21.86   
20.69  20.44  21.86  21.19  20.75  21.83  21.95  21.84  21.79  22.14  21.67  22.05  21.63  21.33  21.25  22.12   


0
21.73  20.61  20.75  20.85  20.69  21.58  21.15  21.15  21.66  20.44  21.18  21.24  20.60  20.51  21.63  21.70   
20.03  20.15  20.43  20.71  21.05  21.70  21.42  21.18  20.98  22.38  21.91  21.32  21.36  21.10  20.58  22.75   
20.50  20.32  20.39  21.38  20.36  22.06  21.46  22.62  22.34  22.24  21.67  21.60  21.62  22.09  21.37  22.18   
20.85  20.45  21.49  21.57  20.48  21.73  21.52  21.52  21.80  22.84  21.80  22.18  22.17  22.49  22.07  21.05   


0
21.37  21.27  20.69  20.55  20.28  21.53  20.88  22.00  21.61  21.61  21.02  21.07  20.06  20.85  21.02  21.33   
20.12  20.35  20.02  21.01  21.75  21.86  21.26  21.23  20.82  21.82  21.32  21.05  21.31  21.18  20.67  21.63   
21.02  20.01  20.45  20.88  19.98  21.70  21.72  21.96  21.77  21.66  21.09  21.44  21.57  22.04  21.46  21.82   
20.20  20.13  21.56  21.64  20.85  21.91  21.91  21.47  21.63  21.87  21.99  22.01  22.25  21.44  22.02  21.36   


0
21.07  20.41  20.69  20.92  20.99  21.41  20.31  21.66  21.05  20.50  21.13  21.42  20.91  20.20  20.73  21.65   
19.29  21.25  20.98  20.43  21.22  21.23  20.96  21.13  20.93  22.33  21.64  21.49  21.55  21.55  20.94  21.48   
20.45  20.65  20.94  21.22  20.14  21.59  21.30  22.97  21.36  21.87  21.62  21.23  22.03  22.29  22.29  20.91   
19.45  20.95  21.05  21.64  21.12  21.91  21.69  21.70  22.78  22.33  21.75  21.77  21.72  22.01  21.70  22.62   


0
21.39  20.43  20.58  21.06  20.41  21.19  20.78  21.34  21.29  20.51  21.37  21.20  20.68  20.34  21.03  21.66   
20.27  21.01  20.28  21.02  21.98  21.56  21.38  21.04  21.36  21.62  21.66  21.72  21.21  21.19  20.82  21.80   
20.61  19.64  20.71  20.89  19.99  21.39  21.95  21.67  21.79  22.10  21.42  21.89  21.58  22.43  21.61  21.53   
19.92  20.83  21.71  21.53  20.58  21.46  21.81  21.48  21.88  22.12  22.23  21.17  22.00  21.74  21.71  22.27   


0
20.77  19.99  20.71  20.69  20.53  21.77  20.78  22.12  21.29  21.18  21.37  20.97  20.44  21.13  20.89  21.98   
20.68  20.37  20.28  21.25  21.55  21.87  21.79  21.25  21.78  22.03  21.55  21.06  20.98  21.32  20.68  22.11   
20.75  20.03  20.47  21.34  19.99  21.81  21.95  22.28  22.20  21.99  21.53  21.02  22.16  22.05  21.89  22.29   
20.81  20.83  21.32  21.28  20.72  21.46  21.25  22.49  21.65  22.35  21.64  21.42  21.48  22.31  21.71  22.63   


0
21.09  20.01  20.72  20.70  20.66  21.55  21.13  22.02  20.63  21.53  21.04  21.21  21.77  20.75  21.18  21.83   
20.56  20.89  21.24  20.69  21.56  21.47  21.70  21.57  20.95  21.84  21.78  21.73  21.57  21.58  21.11  21.66   
20.33  20.42  21.08  21.35  20.49  21.40  21.75  21.99  21.90  21.90  21.96  21.25  22.06  21.19  21.76  22.75   
20.38  21.11  21.72  21.91  20.46  22.16  21.83  22.28  21.77  21.90  22.01  21.92  21.49  22.32  21.72  22.82   


0
20.93  21.14  20.97  21.55  20.77  21.89  22.01  21.79  21.73  21.40  21.48  21.66  20.92  20.47  20.89  21.50   
20.54  21.01  20.52  21.14  21.23  21.24  21.89  21.25  21.36  21.52  21.76  21.39  20.98  21.07  21.37  21.19   
21.31  20.66  20.47  21.00  19.51  21.60  21.95  22.58  22.10  21.99  21.95  21.46  22.05  21.55  21.89  21.84   
20.51  20.96  21.45  21.16  20.72  21.23  21.70  21.60  22.45  22.80  21.04  21.90  21.87  21.74  21.39  22.63   


0
20.93  20.28  21.10  22.28  21.71  21.54  22.24  22.12  21.62  21.18  21.03  21.78  19.95  21.26  21.59  21.34   
20.13  20.62  20.28  21.02  21.12  21.87  21.07  21.04  21.26  22.03  21.34  21.82  21.90  21.19  21.79  21.19   
20.32  19.90  21.19  20.55  19.34  22.13  21.84  21.77  21.79  21.35  22.05  21.57  21.81  21.93  21.19  21.38   
19.77  20.69  21.19  21.77  21.00  21.69  21.81  21.82  21.88  22.58  21.40  21.42  21.61  21.16  21.39  21.73   


0
20.62  21.00  21.89  24.44  24.38  23.84  23.35  23.01  22.28  20.40  20.92  21.31  20.68  20.87  21.31  21.50   
20.41  20.50  20.63  23.08  23.36  22.08  21.58  22.06  21.36  22.24  20.80  22.04  20.86  21.19  22.06  21.80   
20.18  20.03  20.71  21.79  21.92  22.24  21.84  22.48  21.99  21.99  21.95  21.13  21.70  21.93  21.33  21.69   
20.51  20.28  20.67  21.53  21.00  22.15  21.92  21.82  22.22  21.77  21.76  22.03  21.34  22.17  21.23  22.45   


0
22.47  20.58  21.25  21.44  23.36  24.75  24.02  25.33  25.23  25.55  24.79  21.79  21.29  20.35  21.04  21.83   
20.97  21.02  20.89  22.98  25.25  26.37  25.49  24.98  25.46  25.76  24.10  22.38  21.69  21.45  20.97  22.27   
20.90  20.17  21.08  23.36  27.36  26.57  25.87  26.55  25.46  26.06  23.20  21.80  22.06  22.44  21.62  22.15   
20.53  21.25  21.59  23.72  26.25  25.98  25.86  26.62  26.18  25.19  22.25  22.52  21.62  22.32  22.52  22.82   


0
21.88  21.18  21.14  20.97  20.69  22.50  23.82  22.61  22.32  22.21  22.52  21.47  21.20  20.25  21.21  21.70   
20.45  21.43  20.79  21.52  21.70  23.05  24.33  23.61  24.07  24.20  24.44  23.26  21.36  21.85  21.00  22.30   
20.22  20.96  20.87  21.38  21.00  24.15  25.19  25.11  25.59  26.28  25.98  24.83  22.08  21.72  21.78  20.51   
20.10  20.04  22.26  21.93  23.22  25.12  25.57  25.89  26.09  26.65  25.64  25.05  21.91  22.20  22.23  21.95   


0
21.09  20.72  21.25  21.81  21.02  21.09  20.79  21.69  21.08  20.86  20.93  21.33  20.57  21.40  21.04  21.67   
19.87  20.64  20.41  21.49  21.89  22.09  22.91  21.97  21.27  22.15  21.24  21.84  21.69  21.33  21.66  22.12   
21.19  20.93  20.84  20.90  20.98  21.93  23.11  24.19  22.52  22.74  22.27  22.67  21.24  21.82  21.90  21.85   
20.08  20.57  21.46  21.42  20.87  22.16  23.15  25.33  24.28  24.52  23.77  23.84  22.40  22.75  22.68  21.75   


0
21.08  20.14  20.84  21.67  21.24  21.54  21.34  21.45  21.17  21.18  20.92  21.08  20.68  21.13  21.31  21.66   
20.68  20.11  20.16  20.79  20.91  22.50  21.17  21.25  21.78  21.62  21.23  21.82  21.10  21.94  21.37  21.49   
20.89  20.54  21.19  20.66  19.34  22.13  22.05  22.48  22.20  21.88  21.74  21.35  22.05  21.30  21.33  21.99   
20.51  20.69  21.45  21.65  21.14  21.81  22.15  22.82  23.02  22.80  21.88  22.87  21.87  21.88  21.87  22.63   


0
22.15  20.43  21.50  22.40  22.65  25.41  25.10  23.01  22.39  21.29  21.25  21.55  20.32  20.87  20.89  22.61   
20.27  20.75  20.52  21.48  21.01  22.29  22.09  21.45  22.29  22.14  21.87  22.04  21.67  21.82  20.96  22.71   
21.17  20.15  20.35  21.45  20.64  22.13  22.47  22.28  22.10  21.88  22.47  21.78  22.40  21.93  22.16  21.08   
21.11  21.23  21.84  21.04  20.58  22.04  22.04  21.93  22.45  22.80  21.88  21.90  22.00  21.88  22.83  22.27   


0
21.25  21.15  22.94  24.10  24.05  23.39  23.58  23.47  22.52  21.19  21.83  21.91  20.09  20.35  21.04  21.52   
20.42  21.15  20.65  22.75  23.27  24.86  21.80  22.07  22.31  22.05  21.56  21.62  21.80  21.33  21.39  22.12   
20.90  20.04  21.32  21.13  20.33  22.25  21.75  22.29  21.80  21.90  22.17  21.69  22.18  22.19  22.31  22.00   
20.82  20.97  21.85  21.66  21.01  22.28  21.83  22.17  22.35  22.24  21.65  22.16  21.36  22.47  22.04  23.00   


0
21.55  21.30  24.10  24.69  24.05  24.53  24.35  24.46  22.96  22.41  24.35  22.14  20.33  20.48  20.62  21.83   
20.15  21.91  22.66  24.21  23.48  24.86  24.50  23.29  22.62  22.35  23.58  22.27  21.34  22.08  21.39  21.66   
20.62  20.42  21.08  21.58  20.49  22.77  23.73  23.70  22.42  22.11  22.58  22.56  21.94  22.07  21.48  21.55   
19.93  20.84  21.72  21.66  21.42  22.05  22.60  21.83  22.58  22.70  22.25  22.52  22.40  22.18  21.88  22.28   


0
21.25  21.15  23.84  24.93  22.89  23.28  24.56  26.30  24.48  23.61  23.04  24.97  20.81  20.35  20.76  21.99   
20.42  21.78  23.36  25.55  24.00  23.33  24.90  25.86  24.76  23.77  23.68  23.87  21.69  21.33  21.66  21.97   
20.76  21.06  21.91  24.13  23.36  23.71  23.73  25.38  24.36  23.37  23.10  23.85  22.53  22.07  22.04  21.70   
20.23  21.25  21.98  21.91  21.84  22.05  23.37  23.82  23.38  22.82  22.60  24.67  21.75  21.61  21.72  21.56   


0
22.00  20.86  21.89  20.81  21.48  21.54  21.12  24.66  22.28  21.07  21.25  21.20  20.07  20.21  22.01  22.45   
20.41  21.64  22.18  24.42  21.23  21.98  21.38  22.57  24.04  22.34  21.87  21.61  21.10  21.57  21.37  21.34   
20.61  21.55  22.49  22.57  22.56  22.97  23.09  23.29  23.33  23.67  23.09  22.87  22.28  22.05  22.16  21.69   
20.96  20.96  22.22  24.90  25.19  22.72  22.48  22.26  22.57  23.37  25.03  24.78  22.65  21.88  21.87  22.99   


0
20.79  21.01  20.98  21.56  20.90  20.85  21.47  22.13  21.52  21.19  21.04  21.44  20.93  20.75  21.61  22.62   
20.28  21.40  20.53  20.92  21.89  21.68  21.39  22.68  22.51  21.22  21.24  21.08  21.46  21.45  21.80  22.42   
21.61  20.68  20.96  21.80  20.17  21.72  21.96  22.49  24.56  22.53  22.06  21.80  22.06  22.19  21.90  22.45   
21.27  20.70  21.72  21.66  21.70  22.51  23.04  23.05  23.95  24.97  23.07  22.88  21.49  21.75  22.20  22.28   


0
20.95  20.59  20.60  21.33  20.91  21.22  20.46  21.47  21.76  21.32  21.39  21.92  21.30  20.76  21.20  21.37   
20.43  20.91  19.94  21.28  21.58  22.11  20.99  21.17  21.38  22.16  21.58  21.74  20.89  20.84  20.57  21.52   
20.92  20.69  21.21  21.59  20.34  22.15  22.08  22.30  22.23  22.12  21.34  21.81  22.07  22.33  21.63  21.56   
20.24  21.26  21.60  21.92  20.33  22.06  22.06  22.62  23.50  23.06  22.02  22.05  22.41  21.76  21.58  21.76   


0
21.59  20.19  21.16  21.11  20.58  21.82  21.17  21.72  21.11  20.90  21.42  21.60  20.00  20.79  21.22  21.08   
21.01  20.93  20.21  21.19  22.03  21.61  21.94  21.30  21.51  22.29  21.49  21.66  21.61  21.62  21.56  22.00   
21.08  20.71  21.00  21.50  20.05  21.86  22.42  22.53  22.25  21.51  22.20  22.05  22.45  22.10  22.21  21.74   
20.27  20.88  20.98  22.07  20.64  22.20  22.31  22.65  22.27  22.40  22.17  22.68  22.05  21.64  21.44  22.50   


0
21.73  21.04  20.88  21.22  20.81  21.69  21.49  21.94  21.77  20.88  21.18  21.24  20.96  20.64  21.77  21.06   
20.03  21.68  20.67  21.17  21.27  21.70  21.52  20.87  20.77  21.66  21.59  21.86  21.48  21.23  21.55  21.99   
20.64  20.45  20.63  21.04  20.84  21.96  22.19  21.71  21.82  22.56  22.19  21.28  21.97  22.09  22.20  22.03   
20.85  21.14  21.74  21.44  21.31  21.85  22.29  22.41  22.83  22.38  21.44  21.58  22.04  21.78  21.59  21.41   


0
21.54  20.43  20.97  21.06  21.71  21.77  21.12  22.01  21.17  20.96  21.81  21.31  21.88  20.87  21.45  22.30   
20.82  21.01  20.63  21.02  21.77  21.66  21.68  21.14  21.26  21.93  21.87  22.04  22.36  21.82  21.79  22.71   
20.46  20.54  20.71  20.66  19.83  22.24  22.05  21.98  21.99  22.31  22.26  22.11  22.16  21.68  21.75  22.44   
20.81  20.42  21.84  21.28  21.41  21.58  21.59  21.93  22.57  22.58  22.12  22.03  21.34  22.45  22.51  23.34   


0
21.43  21.46  21.14  21.10  21.16  21.23  21.27  21.60  21.66  21.66  21.29  21.70  21.08  21.29  21.07  22.02   
20.58  20.66  20.31  21.40  21.27  21.91  21.11  22.10  21.71  21.87  21.05  21.97  21.36  21.48  21.69  22.14   
20.50  20.45  21.34  21.38  19.54  21.96  22.19  22.32  22.13  22.45  22.09  21.60  22.20  22.46  22.06  22.18   
20.85  21.14  21.10  21.69  21.31  22.07  21.29  21.41  22.49  22.38  22.39  21.70  21.91  22.35  21.43  21.95   


0
20.97  20.75  21.54  20.48  21.04  21.69  21.27  22.27  21.43  21.77  20.73  21.47  20.23  20.51  21.21  21.86   
20.99  20.79  20.07  21.52  21.59  22.22  21.31  21.49  21.29  21.87  21.91  21.97  21.48  21.35  21.27  21.84   
20.79  20.70  20.51  21.27  20.03  22.17  21.98  22.72  21.93  22.03  21.77  21.82  22.08  22.46  21.78  22.18   
21.15  21.14  21.62  21.93  20.48  22.19  21.96  21.86  22.49  22.61  22.39  21.70  22.43  22.92  21.59  23.03   


0
20.95  21.59  21.13  20.84  21.39  21.45  21.03  21.70  21.20  21.54  21.28  21.22  20.58  20.63  21.20  21.85   
20.84  20.65  21.02  21.05  21.68  22.00  21.20  21.27  21.28  22.16  21.58  21.52  21.47  20.97  20.57  21.83   
19.92  20.82  20.73  21.70  20.18  22.47  22.18  22.00  21.81  21.91  22.18  21.81  21.60  22.20  21.77  22.32   
20.69  20.58  21.34  21.68  21.30  22.29  21.84  22.07  22.13  22.37  21.67  22.29  21.37  21.91  21.90  22.48   


0
21.72  21.02  21.13  20.84  21.03  20.98  20.69  21.59  21.53  21.43  21.05  21.22  20.70  20.89  20.91  22.48   
20.43  20.78  20.90  21.85  21.90  22.21  21.20  21.37  21.49  22.36  20.93  21.74  22.16  20.97  21.26  22.59   
20.63  20.31  20.61  21.48  20.51  22.37  21.97  22.00  21.81  22.12  21.55  21.81  21.95  22.20  22.73  22.77   
20.54  21.40  21.60  21.55  21.16  22.63  21.84  22.40  21.79  22.37  22.38  22.29  22.15  21.91  23.49  22.30   


0
21.11  20.88  20.34  20.72  21.27  21.68  21.03  21.47  22.20  21.21  21.28  21.80  20.46  21.02  20.77  21.53   
20.71  20.78  20.90  21.51  21.47  22.21  21.61  21.37  21.18  21.65  21.79  21.42  21.01  20.97  21.26  22.13   
20.92  20.56  21.09  21.48  20.51  22.26  21.76  22.00  21.71  22.33  22.18  22.03  21.95  22.20  21.36  21.71   
19.79  21.12  21.99  21.80  21.02  22.06  22.17  22.29  22.59  22.37  21.67  21.81  21.63  22.48  21.74  22.48   


0
20.94  20.29  20.72  20.95  20.90  22.02  21.13  21.46  21.41  21.42  21.04  21.67  20.81  20.48  21.61  22.31   
20.28  20.89  20.53  20.92  21.67  21.78  21.39  21.26  21.06  22.05  21.67  21.94  20.99  21.45  20.69  20.74   
21.19  20.04  21.08  21.13  20.01  22.35  21.85  22.19  22.11  22.21  21.54  21.69  21.83  21.82  22.31  21.24   
20.82  20.70  21.59  21.17  21.29  22.28  21.60  22.17  22.12  22.47  22.13  21.67  22.01  22.04  21.72  21.75   


0
21.11  20.74  20.87  20.72  20.68  21.80  20.46  20.79  21.64  21.32  21.39  21.11  20.10  20.63  21.34  21.69   
20.43  21.03  20.78  20.58  21.04  21.58  21.61  21.07  21.59  21.55  21.58  21.52  21.70  21.47  21.26  21.06   
21.34  20.56  20.61  21.14  20.18  21.94  21.87  22.30  21.60  22.44  21.55  21.59  21.60  21.70  21.49  21.86   
19.64  20.58  21.86  21.68  20.89  21.49  21.50  22.18  22.13  22.49  21.90  21.81  22.02  22.05  22.22  21.22   


0
21.41  20.45  21.39  21.45  21.50  21.91  21.03  21.81  21.87  22.20  21.17  21.80  20.94  21.02  21.76  22.16   
20.30  20.91  19.94  20.93  21.58  21.37  21.51  21.48  21.59  22.06  21.79  21.85  21.81  21.97  21.67  22.44   
20.77  20.18  20.97  21.25  20.02  22.15  22.29  22.41  22.33  22.33  21.97  22.03  22.30  21.70  22.46  22.17   
21.13  20.99  21.47  22.29  21.02  22.40  22.06  21.73  22.36  22.60  22.26  22.78  21.89  22.76  22.22  22.66   


0
22.05  20.62  21.68  21.23  21.29  22.17  21.39  21.95  21.89  21.23  21.08  22.17  20.97  21.31  21.50  21.71   
21.28  21.31  21.04  21.42  21.92  22.13  21.73  21.81  21.93  22.39  21.81  22.31  21.61  21.49  22.11  22.16   
21.51  21.35  21.36  21.62  20.05  22.07  22.73  22.73  22.35  22.36  22.31  21.94  22.33  22.10  23.03  22.79   
21.01  22.50  22.27  22.19  21.33  22.43  22.20  22.65  23.07  23.20  22.52  22.20  22.18  22.93  22.56  22.86   


0
21.57  21.31  21.65  22.06  20.79  21.80  21.25  22.37  21.76  21.32  21.73  21.80  20.94  21.02  21.62  22.01   
20.71  21.67  21.02  21.05  21.47  22.11  21.91  21.68  21.80  22.06  21.79  22.50  21.81  22.21  21.67  22.74   
22.04  20.82  21.09  21.48  21.15  22.47  22.70  22.30  22.23  22.75  22.60  21.48  21.84  22.70  22.32  22.01   
21.43  21.53  21.86  22.04  21.98  23.20  22.39  22.40  22.36  23.17  22.50  22.53  22.54  22.62  21.90  22.66   


0
21.39  20.57  21.50  21.92  21.12  22.35  21.34  22.01  22.28  21.62  21.70  22.01  22.00  20.21  22.01  22.30   
21.23  21.39  20.99  21.02  22.19  22.18  22.29  21.76  21.67  22.24  22.08  22.90  21.44  21.19  21.23  22.41   
21.60  20.92  21.07  21.45  21.12  22.13  22.26  22.58  22.10  23.15  21.84  21.78  22.98  22.55  22.30  22.74   
21.11  21.23  21.84  22.02  21.41  22.49  22.59  22.71  22.80  23.03  22.35  22.39  22.13  22.31  22.35  23.70   


0
21.71  21.44  21.25  21.20  21.14  21.90  21.47  21.80  22.08  21.30  21.49  22.14  21.89  20.35  21.46  21.67   
20.28  21.40  21.01  21.26  21.46  22.40  21.19  21.97  21.68  22.45  22.10  22.05  21.11  21.70  22.21  21.81   
21.33  20.55  20.84  21.80  21.62  22.04  22.38  22.29  22.62  22.53  21.85  21.58  22.29  22.44  22.17  22.30   
21.27  21.79  22.23  22.03  21.15  22.28  22.49  21.72  22.69  23.05  22.48  22.40  21.75  22.04  22.04  21.93   


0
21.09  20.72  21.51  21.44  21.49  21.90  21.69  21.46  22.08  21.19  21.49  21.44  21.77  21.53  21.32  21.67   
20.56  21.40  20.65  21.26  21.67  22.51  21.70  21.57  21.48  22.15  22.20  22.16  21.80  21.33  21.66  22.27   
21.04  20.80  21.20  21.47  20.01  22.04  22.17  22.39  22.01  22.11  22.69  21.80  22.29  22.07  22.59  22.60   
20.82  21.38  21.59  21.30  21.84  22.16  22.49  22.39  22.58  22.70  22.25  22.04  22.27  22.61  22.36  23.89   


0
22.02  20.74  21.79  21.09  21.39  21.68  21.48  21.70  21.87  21.43  21.50  21.57  20.70  20.23  21.48  21.85   
20.84  21.42  20.18  21.51  21.47  21.58  21.30  21.48  21.38  22.16  21.79  21.74  20.89  21.47  21.12  23.19   
20.49  21.45  20.85  21.37  19.53  21.73  22.81  22.81  22.43  22.23  21.55  22.14  21.84  21.33  22.19  22.01   
20.98  20.85  22.25  22.29  22.12  22.18  22.95  22.07  22.48  22.94  22.61  21.81  22.54  22.76  22.70  23.72   


0
21.87  21.02  20.87  21.58  21.03  22.14  21.59  21.81  21.53  21.43  21.39  21.69  20.82  21.41  21.48  21.85   
20.98  20.52  20.78  21.62  21.68  21.69  21.30  21.37  21.28  22.06  21.90  22.17  21.93  21.22  21.67  22.74   
20.77  20.31  20.37  21.37  19.69  22.15  22.08  22.30  22.02  21.80  22.49  21.81  22.54  21.95  22.19  22.32   
20.39  20.72  21.60  21.92  20.75  22.97  22.28  21.96  22.59  22.03  21.79  21.69  21.89  22.90  22.06  23.01   


0
21.55  20.58  20.06  22.17  20.19  21.90  21.47  22.02  21.74  21.64  21.38  21.79  20.93  21.14  21.18  21.67   
21.10  21.28  20.65  21.49  21.13  21.26  21.29  21.36  21.48  21.74  21.88  21.40  21.69  21.33  21.66  21.66   
20.90  20.55  20.60  21.35  21.30  21.51  22.06  22.09  22.42  22.11  22.06  21.47  21.94  21.57  22.04  21.70   
20.53  21.52  21.72  22.03  21.15  21.71  21.94  21.72  21.89  22.47  22.36  21.80  22.14  22.04  22.68  23.18   


0
21.86  21.01  20.98  21.32  21.25  21.67  21.13  21.80  21.30  21.08  22.05  21.44  21.65  20.48  21.18  21.99   
20.69  21.02  20.53  21.38  21.24  22.30  20.98  21.36  21.48  22.25  21.46  21.40  21.69  21.58  22.07  22.58   
20.90  20.17  20.84  21.24  20.49  22.88  22.38  21.79  22.21  22.85  22.17  22.12  22.18  22.19  22.86  22.30   
21.27  21.38  21.33  22.27  20.87  22.28  22.38  21.94  22.24  22.93  21.65  21.80  21.62  22.47  22.04  22.82   


0
21.55  20.72  20.72  21.68  20.78  21.90  21.24  21.69  21.41  21.08  21.49  20.75  20.81  21.01  20.62  21.99   
19.87  21.02  20.77  21.61  21.99  21.57  21.08  21.36  21.16  21.84  21.56  21.84  21.80  21.58  22.35  21.66   
20.90  20.55  20.48  21.35  20.33  22.04  22.17  22.29  22.21  21.90  22.06  21.69  22.18  22.07  22.17  21.85   
21.12  20.97  20.94  22.40  20.60  21.82  21.60  21.94  22.81  22.70  22.36  21.31  22.27  21.89  22.36  22.28   


0
22.20  20.48  20.76  20.62  21.29  21.59  21.05  21.50  21.78  21.23  21.42  21.25  20.25  20.65  21.08  21.55   
20.46  20.80  20.81  21.07  20.96  21.61  21.43  21.60  21.62  21.88  21.71  21.33  21.38  21.24  21.01  22.61   
20.80  20.21  20.76  21.05  19.23  22.07  22.21  22.53  22.04  22.15  21.26  21.29  21.98  21.73  22.07  21.59   
20.86  21.29  21.76  22.31  20.91  21.63  22.20  22.42  22.16  22.63  21.81  21.95  22.18  22.36  21.60  22.68   


0
22.00  20.71  20.58  21.18  20.89  21.42  20.78  21.67  21.62  21.29  21.37  21.43  20.92  20.08  20.32  21.98   
20.54  20.75  20.75  21.14  21.12  21.66  21.58  21.14  21.36  22.14  21.55  22.26  20.98  21.69  21.10  22.11   
19.89  19.90  21.19  21.34  19.51  22.45  21.74  21.98  22.20  21.99  21.74  21.35  22.05  21.68  21.05  21.84   
20.36  20.96  21.32  21.65  21.14  22.15  21.59  21.71  22.45  22.46  22.59  22.15  22.52  21.31  22.19  22.27     
