Start of this file: 15:06:59 02/03/2017

0
21.08  20.86  21.24  21.06  20.41  21.42  20.44  21.45  20.95  20.96  21.81  20.97  20.80  20.47  20.89  21.18   
20.13  19.98  19.92  21.14  21.34  21.56  21.17  21.14  20.84  21.93  21.23  21.06  21.21  21.19  21.10  21.03   
20.32  20.41  20.71  20.89  19.01  22.13  22.26  22.08  21.99  21.99  21.63  21.68  21.58  22.18  22.16  21.53   
20.36  20.28  20.80  20.67  21.14  22.04  21.70  21.82  21.88  22.35  22.23  21.30  21.34  21.88  22.51  22.99   


0
21.68  20.41  20.30  20.92  20.64  21.53  20.42  21.10  21.50  20.39  21.80  20.95  20.91  20.33  21.30  21.33   
20.53  20.61  20.38  21.12  21.43  21.65  21.37  21.44  20.93  22.12  22.07  22.46  21.66  21.80  22.05  22.25   
21.16  19.63  20.33  21.44  19.98  21.91  22.25  21.86  21.88  22.30  21.62  21.99  21.68  22.16  22.01  21.82   
20.35  21.09  21.56  21.52  20.71  22.48  21.69  21.47  21.75  21.99  22.10  22.01  21.72  21.87  22.50  22.26   


0
21.21  20.69  20.68  21.03  20.27  21.05  20.86  21.20  21.59  20.82  21.56  21.06  20.53  20.71  20.72  21.64   
20.38  20.08  20.25  21.11  21.63  21.43  21.96  21.22  21.23  21.80  22.06  20.93  20.95  20.66  20.93  22.54   
20.86  20.76  20.68  21.09  20.13  21.68  21.82  21.85  22.18  22.18  21.82  21.76  21.91  22.15  21.44  21.51   
20.19  21.07  21.81  21.63  20.84  22.24  22.12  21.68  22.54  21.86  21.38  21.76  21.58  22.14  22.01  21.89   


0
20.59  20.26  20.95  20.79  20.50  22.09  20.41  21.65  21.37  21.27  20.78  21.52  20.77  20.84  21.15  21.00   
19.69  20.60  20.37  20.65  21.42  21.85  21.25  21.12  21.02  21.70  21.20  21.26  21.76  21.04  21.07  21.93   
20.44  20.00  21.04  21.43  20.13  21.58  21.39  21.34  21.87  22.07  21.61  21.76  21.55  21.65  21.72  21.20   
20.04  20.80  21.03  21.50  21.11  21.78  21.12  21.35  22.08  21.98  21.74  22.00  21.58  21.86  22.01  21.89   


0
20.76  20.41  20.96  21.17  20.64  21.99  20.54  22.22  21.27  21.06  21.47  20.95  20.55  20.46  20.88  21.17   
20.53  20.48  20.74  21.12  21.11  21.34  21.26  21.34  21.87  21.51  21.86  20.94  21.43  20.93  20.67  21.02   
21.30  20.52  21.05  20.65  20.31  22.12  21.93  22.07  21.46  21.45  21.41  21.23  22.03  22.04  21.18  21.67   
20.80  20.95  21.56  21.52  20.29  21.91  22.02  22.03  22.21  21.87  22.10  21.77  22.12  21.58  21.70  22.08   


0
21.08  21.00  20.44  21.06  20.89  21.31  20.55  21.34  20.84  21.07  21.37  20.73  21.28  20.60  21.59  21.50   
19.86  20.75  20.16  21.14  20.69  21.24  21.17  21.14  20.84  22.03  21.23  21.72  21.79  21.57  20.96  21.03   
20.32  20.41  20.47  20.66  20.32  21.71  21.63  22.08  21.48  21.78  21.95  21.78  21.58  22.43  21.61  22.14   
20.36  20.96  20.67  21.28  20.45  22.04  21.59  21.60  21.99  22.58  22.00  21.54  22.00  22.02  21.39  21.01   


0
21.23  20.71  20.97  20.44  20.89  20.84  20.66  21.56  21.29  20.51  20.69  20.97  20.32  20.60  21.17  21.02   
19.72  20.50  20.52  21.71  21.34  22.18  20.46  21.25  20.94  22.03  21.55  21.72  21.56  21.19  20.40  21.65   
20.61  20.15  20.59  21.00  20.32  22.24  22.05  22.58  21.68  21.88  21.95  21.02  21.34  21.93  21.75  22.14   
20.21  20.14  21.32  21.28  20.31  21.92  21.70  21.71  21.88  22.46  22.00  22.27  21.34  21.88  22.51  22.81   

0
20.62  19.42  20.71  20.69  20.05  21.08  21.45  21.45  21.51  20.73  20.92  20.85  21.16  20.47  21.03  21.02   
19.44  20.88  20.28  20.67  21.77  21.56  21.28  21.04  21.36  21.93  21.23  21.06  21.67  20.94  20.54  21.65   
20.18  19.77  20.59  21.23  19.67  21.60  22.16  22.08  21.68  21.78  21.74  21.24  21.23  22.05  21.75  21.84   
20.07  20.83  21.06  21.41  20.58  22.38  21.59  21.48  21.76  22.00  21.76  22.15  21.21  21.74  21.87  21.01   


0
21.36  20.40  21.60  20.79  20.86  21.40  21.09  21.54  21.37  20.49  20.89  21.52  20.89  20.32  20.86  22.11   
19.83  20.60  20.61  20.53  21.20  21.22  21.25  21.22  21.13  21.70  21.53  21.47  21.07  21.67  21.07  22.84   
20.86  19.87  20.68  21.43  20.13  22.32  22.24  22.36  21.35  22.07  22.13  21.32  22.26  22.28  21.58  21.96   
19.59  21.34  21.29  21.01  20.84  22.24  21.90  21.91  21.97  22.21  21.97  22.36  22.10  22.71  21.36  22.96   


0
20.94  20.01  20.98  21.20  20.31  20.97  21.02  21.80  20.96  20.75  21.15  20.98  20.93  19.96  21.75  21.20   
20.15  20.89  20.41  21.49  21.24  21.99  21.80  21.05  20.95  21.53  21.56  21.73  21.80  20.83  21.39  21.05   
20.05  20.55  20.36  21.47  19.03  21.93  21.64  22.09  21.70  22.11  21.85  22.02  21.71  22.19  22.17  22.00   
20.67  20.43  20.94  21.42  20.87  21.82  21.83  21.83  21.77  22.24  21.89  21.92  22.53  21.89  21.88  22.11   


0
21.51  20.54  20.55  20.54  20.86  20.58  20.64  21.54  20.81  21.04  21.00  21.41  20.05  20.45  21.29  21.95   
19.56  20.98  20.01  21.00  20.77  21.22  21.45  21.63  20.92  21.60  21.42  21.26  20.84  21.17  20.65  21.32   
21.01  19.62  20.92  21.09  19.48  21.58  22.55  22.15  21.24  21.86  22.13  21.43  21.79  21.65  21.72  20.59   
20.04  20.80  21.42  21.63  20.97  21.90  21.45  21.24  21.74  21.98  21.14  21.51  21.19  21.71  21.69  22.07   


0
21.23  20.57  20.71  20.94  21.12  21.08  20.66  21.45  21.84  20.51  21.25  20.85  20.44  20.73  21.31  21.66   
20.54  20.24  20.04  20.56  21.44  20.93  21.38  21.14  20.52  21.52  21.01  21.50  20.86  20.94  20.82  21.80   
20.04  20.15  20.95  20.78  19.51  22.13  21.10  22.28  21.58  21.88  22.05  21.13  21.46  22.30  21.33  21.53   
20.07  20.55  21.45  21.65  20.86  21.92  21.92  21.93  22.45  22.23  21.88  21.90  21.34  21.74  21.87  22.27   


0
20.75  20.26  21.21  20.05  20.27  21.17  20.75  21.08  21.48  21.16  21.00  20.71  19.56  20.18  21.99  21.95   
20.66  20.98  20.01  21.23  20.77  21.95  21.76  20.81  20.60  22.01  21.42  21.15  20.95  21.04  20.79  21.47   
20.86  20.13  20.92  21.32  19.64  21.68  21.60  22.15  21.45  21.86  21.82  21.65  21.32  22.03  21.17  21.81   
20.19  20.66  21.81  21.38  20.42  21.44  21.79  21.57  22.31  22.32  21.50  22.00  21.71  21.86  22.01  22.43   


0
21.26  20.31  20.60  21.21  20.44  20.63  20.92  21.70  21.42  20.87  21.05  20.29  20.34  21.02  21.34  21.69   
20.43  20.65  20.54  20.93  21.15  21.48  21.40  21.37  21.28  21.96  20.82  20.98  21.70  21.22  21.40  22.44   
20.49  20.18  20.73  20.92  19.86  21.52  21.76  22.00  21.50  22.02  21.76  22.03  21.95  22.08  21.49  22.47   
19.94  20.85  21.60  21.31  20.33  21.83  21.73  21.84  21.90  22.83  21.79  20.95  21.11  22.05  21.74  22.48   


0
21.39  20.43  19.91  20.94  20.65  20.84  20.55  21.56  21.29  20.73  20.80  20.85  20.20  20.34  20.75  21.18   
20.27  20.62  20.75  20.44  21.01  21.56  21.58  20.84  20.94  21.93  21.87  21.93  20.75  21.32  20.68  21.95   
20.46  20.03  20.83  21.34  19.83  21.39  21.63  22.58  21.79  22.20  22.05  21.78  22.05  22.43  20.91  21.23   
20.66  20.83  20.80  21.41  21.00  22.04  21.59  21.04  22.22  21.89  22.00  21.78  21.34  21.74  21.55  22.09   


0
20.90  20.69  20.95  20.54  20.27  20.82  20.64  21.31  21.15  20.71  20.89  20.71  19.56  20.97  20.30  20.35   
19.69  20.34  20.49  21.11  20.66  22.06  20.74  21.32  21.13  22.31  21.95  21.15  21.30  20.79  20.37  21.78   
20.44  19.87  20.92  21.65  19.48  21.79  21.71  22.36  22.18  22.39  22.03  21.32  21.91  21.90  20.61  22.11   
20.04  20.53  21.42  21.38  21.25  21.78  21.68  21.57  22.08  22.21  21.62  21.51  21.32  21.71  21.04  21.35   


0
20.14  19.69  20.16  20.80  20.76  21.18  19.97  20.98  20.38  20.72  21.13  21.07  20.67  20.33  21.16  21.01   
20.26  20.87  19.42  21.01  20.68  21.13  21.06  21.13  21.24  21.40  21.32  21.16  20.97  21.05  20.81  21.48   
19.59  20.14  20.82  20.76  19.66  21.48  21.72  22.07  21.46  21.77  21.93  21.99  21.45  21.79  21.18  21.82   
20.35  20.81  21.05  21.76  20.71  22.14  21.35  21.92  22.10  21.87  22.22  22.01  22.12  21.87  22.18  21.54   


0
21.53  20.27  20.30  20.06  20.28  21.06  22.00  21.89  21.16  21.72  21.24  21.30  20.91  20.98  20.45  22.44   
19.98  20.48  20.62  20.78  21.32  21.96  21.16  21.23  21.35  21.51  21.43  21.38  21.31  21.30  21.22  22.09   
20.31  19.88  20.33  21.10  19.49  21.38  21.83  21.76  21.98  22.19  21.72  21.77  21.80  21.79  21.60  22.13   
20.50  21.09  21.44  21.64  20.85  22.25  22.13  21.81  21.63  22.56  21.99  21.77  21.86  22.01  22.02  22.98   


0
21.67  20.54  20.95  20.42  20.86  21.52  20.64  21.20  21.04  20.71  21.23  21.52  19.93  20.18  20.72  21.48   
20.24  20.60  20.13  20.65  21.31  21.22  21.25  21.53  21.23  21.70  21.10  21.26  20.72  20.79  20.79  21.32   
20.72  19.87  20.68  21.54  19.97  21.68  21.92  21.95  21.66  22.07  21.61  21.43  21.44  21.28  21.72  22.57   
20.34  20.12  20.90  21.50  20.70  22.24  21.90  21.57  21.97  22.21  21.97  22.24  21.71  22.14  21.36  21.53   


0
21.22  20.70  20.43  20.80  20.76  21.41  20.76  21.66  20.38  20.95  21.13  21.19  20.30  20.20  21.02  21.17   
19.57  20.35  20.14  20.31  21.00  21.75  21.37  20.82  20.93  21.40  21.75  21.27  20.97  20.42  20.81  21.79   
20.16  20.01  20.09  21.22  19.33  21.91  21.83  21.76  21.88  22.30  20.88  21.33  21.57  21.92  21.32  21.82   
20.05  20.27  20.92  21.39  21.12  21.45  21.58  21.70  21.75  21.76  21.63  21.77  21.33  21.44  22.02  22.62   


0
21.53  20.70  20.96  20.92  20.76  21.30  20.20  21.32  20.83  20.50  21.02  21.19  20.79  20.59  20.88  21.33   
19.71  21.12  19.90  20.66  21.11  21.34  21.57  21.44  21.14  22.12  21.43  21.27  21.31  20.93  20.81  21.79   
20.88  20.40  20.21  21.33  19.82  21.48  21.83  21.66  21.15  21.77  21.51  21.33  21.80  22.16  21.32  21.82   
20.50  20.81  21.31  22.01  20.43  21.45  21.58  21.25  21.87  22.22  22.10  21.89  21.86  21.58  20.89  22.08   


0
20.93  20.71  20.71  20.94  20.65  21.89  21.00  21.45  21.62  20.85  21.25  20.85  20.56  20.34  20.61  21.34   
20.41  20.37  20.16  20.91  21.34  21.77  21.38  20.84  21.36  22.14  21.87  21.72  20.98  21.69  21.10  22.26   
20.46  20.54  20.23  21.23  19.67  22.34  21.84  22.28  21.27  22.10  21.95  21.24  21.93  22.05  21.05  21.99   
20.66  20.28  20.93  21.65  20.58  21.69  21.48  21.37  22.45  21.89  21.52  22.15  21.74  22.17  22.03  22.63   


0
20.90  20.69  20.42  20.66  20.39  21.63  20.41  21.31  21.04  21.04  21.23  21.17  20.53  20.84  21.00  21.16   
20.24  20.60  20.13  21.00  21.63  21.95  21.25  20.81  21.23  21.91  21.31  21.47  21.19  21.17  20.37  22.39   
20.15  19.87  20.32  20.98  20.45  22.00  22.03  22.36  21.55  22.07  21.71  21.76  21.32  21.65  21.58  21.81   
20.49  20.53  21.16  21.01  20.56  21.90  21.45  21.79  21.39  22.78  21.62  21.39  21.19  21.71  21.52  22.25   


0
21.36  20.11  20.81  20.91  20.39  21.52  20.75  21.65  21.04  21.04  20.89  21.06  20.41  20.18  21.29  20.68   
20.79  20.85  20.97  20.65  21.10  22.26  21.66  21.53  21.33  21.91  21.42  21.47  21.30  21.17  20.93  21.01   
20.44  20.13  21.04  20.64  19.48  22.10  21.92  22.36  22.28  21.97  21.61  21.76  21.44  22.15  21.58  21.66   
21.08  19.98  20.64  21.75  20.28  22.01  21.68  21.68  21.85  21.86  22.09  22.12  21.19  21.14  21.85  21.53   


0
20.77  20.43  21.24  21.18  21.01  21.42  21.00  22.23  21.06  20.73  20.80  20.97  20.80  20.73  20.18  22.14   
20.41  20.88  20.87  21.25  21.01  21.45  21.28  20.84  21.05  22.03  22.08  20.74  21.67  20.56  20.82  21.80   
21.17  20.41  20.23  21.57  19.99  22.02  22.05  21.88  22.10  21.88  21.53  21.57  21.46  22.18  21.75  22.14   
19.62  21.10  21.19  21.53  21.14  22.04  21.48  21.60  22.11  22.35  21.40  21.54  22.13  21.88  21.87  21.55   


0
21.23  19.85  20.18  20.69  20.65  21.31  20.78  21.22  21.17  20.96  21.25  21.08  20.68  20.60  20.75  21.82   
19.44  20.88  20.28  21.02  21.34  21.66  20.76  21.14  21.46  21.83  21.44  21.39  20.86  21.32  20.68  22.26   
20.18  20.41  20.23  21.12  20.32  21.60  21.42  22.58  21.79  21.99  22.36  22.00  21.70  21.55  20.77  21.38   
20.36  20.83  20.80  21.41  20.45  22.15  21.70  21.48  21.42  22.58  21.64  21.66  21.87  21.45  22.19  21.91   


0
20.46  20.28  20.71  20.81  21.01  21.31  21.12  21.00  21.51  20.96  21.14  21.20  20.68  19.95  20.75  21.82   
20.13  21.26  20.40  22.51  21.44  21.98  21.28  21.35  20.94  21.93  21.76  21.61  21.67  21.19  20.54  21.34   
20.18  20.79  20.59  23.02  22.72  21.92  21.84  21.88  22.51  21.99  22.16  21.68  21.81  21.68  21.47  21.84   
20.21  20.83  20.80  23.35  24.12  22.04  21.81  21.93  22.68  22.12  21.88  22.15  22.13  22.17  22.67  22.09   


0
21.37  20.12  21.75  25.02  21.11  21.53  20.88  22.11  20.71  20.95  20.90  21.53  20.06  20.46  20.88  21.97   
19.98  20.74  21.22  25.41  23.14  21.55  20.75  21.13  21.24  21.82  21.22  21.49  21.20  20.93  21.36  20.56   
21.02  20.27  20.70  23.11  20.95  22.01  22.04  22.27  22.70  22.30  21.83  21.66  21.57  21.79  21.73  21.98   
20.65  20.27  21.82  23.58  21.40  21.91  21.24  21.81  22.90  22.22  21.63  21.53  21.46  21.29  22.02  22.62   


0
21.85  20.71  21.76  26.09  21.95  21.66  20.66  22.01  21.40  21.40  21.48  20.97  19.71  20.60  21.59  21.66   
20.82  20.88  20.99  22.96  21.87  21.56  21.28  21.35  21.67  21.62  21.87  21.50  21.67  20.94  20.96  20.88   
20.61  20.41  21.07  23.57  20.16  22.34  22.68  22.18  22.61  22.52  23.60  21.57  21.46  21.93  21.47  22.59   
20.36  20.83  22.35  24.31  22.10  21.69  22.15  22.26  23.25  22.58  24.57  23.11  22.39  22.74  22.03  21.91   


0
21.71  20.58  21.51  26.22  21.96  20.97  20.90  21.46  22.96  24.47  22.38  21.44  20.57  20.22  21.18  20.39   
20.69  21.02  21.01  23.09  22.21  21.88  21.80  21.26  21.68  24.77  23.79  21.29  20.88  20.95  21.39  21.81   
20.76  20.04  21.08  23.69  20.65  22.04  23.00  22.60  23.34  23.06  24.13  22.34  21.83  21.69  21.34  21.70   
21.12  20.97  21.85  24.20  21.56  23.19  23.81  24.36  24.17  23.95  24.12  23.48  22.79  22.61  22.36  21.38   


0
22.33  20.59  21.26  23.15  21.27  23.75  24.69  25.56  25.35  24.81  25.12  22.61  20.82  20.76  22.18  22.48   
20.43  21.03  21.37  24.23  24.12  25.38  25.89  25.77  25.77  26.46  26.48  24.31  22.16  21.97  21.12  22.74   
21.62  20.82  22.16  25.12  26.92  25.57  26.99  26.56  26.37  26.68  26.86  24.07  21.49  22.08  22.46  22.47   
20.69  20.85  22.37  24.93  26.52  25.88  26.20  25.88  26.30  26.09  24.83  22.78  22.28  22.62  22.38  22.83   


0
21.39  21.00  22.80  25.39  24.84  26.08  25.64  26.29  26.07  26.38  25.21  23.61  20.68  20.47  20.89  21.02   
20.95  21.14  21.94  25.09  26.17  25.56  26.26  25.16  25.85  26.83  25.54  23.65  21.44  21.69  21.37  21.34   
20.75  20.66  21.90  23.57  25.68  25.75  25.35  25.07  24.85  24.30  22.68  21.46  21.93  22.18  22.44  21.99   
20.96  20.28  21.58  21.90  22.50  23.74  23.69  22.15  23.37  22.80  21.64  21.78  21.74  21.88  22.03  21.73   


0
21.85  21.42  23.32  26.09  26.08  25.97  24.99  26.18  25.54  24.46  24.23  22.01  20.44  20.34  21.73  21.50   
20.41  20.75  20.63  22.85  24.10  24.75  24.29  23.27  23.73  23.05  21.98  22.04  21.44  21.19  21.37  22.11   
21.03  20.54  20.83  21.34  19.99  22.76  22.68  22.88  24.04  22.41  21.53  21.24  21.93  21.30  21.61  22.14   
20.36  21.51  21.58  21.65  20.72  22.15  21.81  21.71  22.57  22.00  22.35  22.27  22.00  21.88  22.19  22.27   


0
21.39  21.14  20.71  21.43  22.18  24.18  23.35  23.68  23.27  22.62  22.37  21.55  20.56  21.00  21.03  21.18   
19.58  20.37  20.28  20.56  21.23  21.66  21.68  21.96  22.71  22.03  21.98  21.61  20.98  21.44  21.10  21.65   
20.61  20.79  20.71  20.89  19.34  22.13  22.05  22.28  22.20  21.88  22.47  21.68  21.70  22.05  21.89  21.23   
21.40  21.51  21.58  21.41  20.72  22.38  21.81  21.71  21.65  22.58  22.71  22.03  21.87  21.88  22.03  21.37   


0
21.51  20.83  20.81  20.66  21.33  22.44  22.10  22.66  20.81  21.38  21.12  21.17  21.01  20.71  21.99  21.79   
19.83  20.73  20.25  21.34  21.53  21.85  21.15  21.43  21.02  21.19  22.17  21.69  21.53  21.42  21.62  21.78   
21.01  20.13  20.80  20.64  19.48  21.79  21.50  22.26  21.24  21.97  21.71  21.54  21.91  21.78  22.00  22.26   
20.78  20.66  20.90  21.99  20.84  21.78  22.23  23.45  21.85  22.67  22.21  22.24  21.84  22.14  22.33  22.78   


0
21.07  20.41  21.22  20.92  20.28  21.76  22.11  21.77  21.05  20.83  21.13  21.76  21.03  20.46  20.59  21.17   
20.53  21.25  20.14  20.43  21.22  21.96  21.57  21.44  21.14  22.23  21.75  21.27  20.73  20.93  21.22  21.33   
19.74  20.52  21.05  21.10  19.33  22.12  21.51  22.37  22.91  23.45  21.51  21.33  21.57  21.79  21.60  21.82   
20.05  21.09  21.56  21.64  20.99  21.45  22.91  23.46  23.24  23.82  22.93  21.77  21.86  22.87  22.18  22.98   


0
20.93  20.43  20.18  20.57  21.01  21.19  21.57  22.23  22.72  21.29  20.69  20.73  20.07  21.26  22.15  21.18   
20.27  20.62  20.40  21.37  22.73  21.45  21.38  21.66  23.53  23.36  21.23  21.50  21.21  21.57  21.65  21.65   
21.03  20.54  20.23  22.24  22.88  22.34  22.05  23.19  23.64  24.40  22.36  21.35  22.16  22.55  21.61  21.99   
19.46  21.37  21.58  22.87  24.26  22.72  23.69  25.43  24.94  24.73  24.80  22.27  22.00  22.02  22.19  22.09   


0
21.37  20.84  20.83  22.27  22.87  21.88  22.00  23.55  24.13  21.17  20.45  21.07  19.82  20.72  20.73  21.65   
20.12  21.12  20.98  22.95  22.61  22.48  23.39  23.86  24.13  24.25  22.39  22.35  21.78  21.18  20.81  21.79   
20.59  21.16  21.29  23.88  22.86  23.06  25.24  25.55  25.64  24.08  23.90  23.93  21.80  22.54  21.87  21.82   
20.20  21.22  22.21  24.30  24.11  24.18  24.98  25.20  25.71  24.72  24.79  24.88  23.67  21.29  22.18  22.08   


0
21.71  20.87  21.25  23.98  23.36  23.85  22.58  23.03  23.50  21.97  22.38  22.14  21.17  21.14  21.61  21.67   
20.28  20.89  20.77  23.99  24.32  23.74  22.61  22.28  21.58  22.25  22.31  21.84  22.38  21.45  21.39  22.27   
20.76  20.42  20.96  24.46  24.76  22.98  22.90  22.49  22.01  22.32  21.75  21.69  21.83  22.19  22.72  22.45   
20.53  20.70  21.33  22.88  24.00  22.16  21.83  22.28  22.81  22.70  22.01  22.28  21.49  21.75  22.20  21.93   


0
21.85  20.71  21.50  24.20  22.77  23.72  22.35  22.35  22.17  20.85  21.37  20.85  20.68  20.73  21.17  22.30   
20.54  20.50  20.16  21.25  21.55  22.18  21.68  21.14  21.46  21.93  21.44  21.17  21.33  21.07  20.96  21.95   
20.75  20.41  20.83  21.79  20.32  21.71  22.16  22.18  21.79  22.20  21.95  21.35  21.93  22.43  22.16  22.89   
20.36  20.69  21.45  21.53  21.00  21.81  21.92  21.71  22.45  22.35  22.12  22.03  21.87  21.88  22.03  23.34   


0
21.68  21.13  21.35  21.17  21.23  21.41  21.44  21.77  21.94  21.06  21.24  22.00  20.67  20.46  20.73  21.81   
20.39  20.74  20.26  21.35  21.22  21.96  21.26  21.34  21.24  21.82  21.22  20.94  21.43  21.30  21.50  21.63   
20.31  20.40  20.94  20.76  20.31  21.59  22.14  22.37  21.57  21.77  21.83  21.44  20.98  22.41  21.46  21.37   
20.05  20.81  21.69  21.64  21.12  21.79  21.69  21.92  22.33  22.10  21.99  22.13  21.99  22.58  22.50  21.90   


0
21.40  20.72  20.46  20.58  20.90  21.79  20.90  21.91  21.52  21.42  21.15  20.98  20.33  20.35  21.04  21.52   
19.87  20.12  20.53  21.15  21.13  21.36  20.98  21.26  20.85  22.15  21.46  21.29  21.46  21.58  21.52  22.12   
20.90  20.80  20.24  20.79  19.52  22.14  22.17  22.09  21.80  22.32  21.85  21.36  22.29  22.19  22.04  22.45   
20.38  20.97  20.81  22.15  20.74  21.82  22.16  21.94  21.77  22.24  22.01  21.80  22.01  22.32  21.72  21.75   


0
21.26  20.74  21.13  20.59  20.68  21.22  20.80  21.70  20.98  20.76  21.28  21.92  20.22  20.76  21.06  21.53   
20.30  20.52  20.30  21.05  22.11  21.69  21.30  21.17  21.18  21.34  21.90  21.42  21.24  21.47  21.12  21.98   
20.92  20.43  21.81  21.48  19.37  21.84  21.66  21.80  21.92  22.33  21.87  22.14  21.49  21.45  21.91  21.56   
19.19  21.12  21.09  21.68  20.19  21.72  21.61  22.07  22.25  22.83  21.79  21.32  22.02  21.76  22.06  21.40   


0
20.94  20.44  20.72  20.46  20.54  21.32  20.56  21.69  21.41  20.97  20.93  21.56  20.45  20.75  20.62  22.15   
20.28  20.76  20.65  21.15  21.78  21.47  21.19  21.05  20.95  21.84  21.56  21.29  21.57  21.83  21.39  21.66   
20.33  20.42  20.36  21.35  19.52  21.83  21.75  22.09  21.70  21.68  21.96  21.58  22.18  21.94  22.59  22.30   
19.78  21.25  21.72  21.79  20.60  21.93  21.60  21.94  22.24  22.70  21.65  21.55  22.27  22.04  21.88  23.36   


0
21.21  20.69  20.95  20.29  21.10  21.63  20.86  21.65  21.93  21.04  20.55  21.41  21.01  20.32  21.57  21.32   
20.38  20.21  20.25  21.00  21.63  21.43  21.56  21.32  21.13  21.70  21.10  21.36  21.07  21.29  21.35  21.78   
20.58  20.38  20.68  21.20  19.15  21.89  21.60  21.75  21.97  21.75  21.29  22.09  21.44  21.78  21.44  21.20   
19.89  20.94  21.16  21.38  20.97  22.13  21.68  21.91  22.43  21.86  21.74  21.76  21.32  21.57  21.36  22.25   


0
20.30  20.41  20.56  21.41  20.64  21.53  21.22  21.77  20.94  21.06  21.13  20.95  20.67  20.72  21.02  22.13   
20.53  20.48  20.86  21.24  21.22  21.75  21.67  21.34  21.03  21.30  20.79  21.92  21.20  20.55  20.94  21.79   
20.02  20.52  20.21  21.10  19.49  21.48  21.83  21.96  21.67  21.66  21.51  21.44  22.38  22.41  21.60  21.52   
20.20  20.81  21.31  21.64  20.71  21.22  21.80  21.92  22.10  22.10  21.87  21.77  21.99  21.58  21.70  22.08   


0
21.54  21.14  20.84  21.31  20.05  21.42  21.12  21.79  21.73  20.85  21.25  21.66  20.68  20.34  21.03  21.18   
20.41  19.98  20.52  20.79  20.80  21.45  21.48  21.14  21.15  21.73  21.66  21.61  21.90  20.94  20.68  21.80   
20.46  19.77  20.95  20.78  20.32  21.92  21.63  22.48  21.99  21.88  22.05  22.00  22.05  21.68  21.47  21.69   
19.92  20.14  21.06  21.04  20.45  21.81  21.59  21.71  22.11  22.23  22.00  21.78  21.61  21.31  21.71  22.45   


0
21.53  20.70  20.43  21.05  20.52  21.18  21.33  21.77  21.94  21.17  21.02  20.95  20.18  20.20  21.02  21.33   
19.85  20.61  20.74  21.01  21.43  21.65  20.96  21.34  21.66  21.71  21.43  22.14  21.66  21.55  21.22  21.94   
20.88  20.40  20.33  20.88  19.82  21.91  21.83  22.27  21.77  21.77  22.14  21.23  22.15  21.79  22.01  22.28   
20.35  20.95  21.56  21.27  20.71  21.79  22.13  22.14  22.10  21.87  21.75  21.65  21.86  21.87  21.38  22.26   


0
20.76  20.27  21.22  21.17  20.40  21.30  20.65  21.10  21.50  21.06  21.13  21.42  20.55  20.98  20.88  21.01   
20.26  20.35  20.98  21.24  21.32  22.38  21.57  21.34  21.14  21.61  21.43  21.70  21.08  21.55  21.36  22.09   
20.45  20.78  20.45  20.99  19.49  21.70  22.04  22.07  21.67  21.98  21.62  21.01  21.45  21.29  21.60  22.28   
20.65  20.54  21.31  21.64  20.99  21.45  21.02  21.58  21.63  22.33  21.75  21.53  21.72  20.86  21.38  21.36   


0
20.77  21.00  21.37  21.06  20.53  21.08  20.78  21.56  21.51  20.62  21.25  21.55  20.32  20.60  20.61  21.02   
19.58  20.37  20.63  20.33  21.34  21.77  21.99  21.14  21.57  21.83  21.34  20.52  21.44  21.82  21.37  21.03   
21.03  20.54  20.59  21.12  19.83  21.81  21.42  22.28  21.79  21.88  21.63  21.35  21.46  21.93  21.47  21.53   
20.51  20.96  20.67  21.04  20.72  21.81  21.59  22.04  22.11  22.46  22.12  21.66  21.61  22.02  22.19  22.09   


0
20.62  20.57  20.58  20.94  21.01  20.96  20.89  21.67  21.06  21.07  20.35  21.08  20.32  21.00  21.03  21.34   
20.13  20.88  20.04  21.48  20.91  21.45  21.28  21.25  21.26  21.42  21.55  21.82  21.10  21.07  21.51  21.34   
20.32  20.28  20.95  21.57  19.51  21.60  22.05  21.98  21.37  21.67  21.95  21.24  21.58  21.18  21.89  21.53   
20.51  20.83  21.58  21.53  20.72  22.27  21.37  21.71  22.11  22.23  22.47  22.03  21.61  22.02  21.39  21.91   


0
21.08  20.14  20.84  21.06  21.24  21.42  20.55  21.45  20.50  21.51  21.37  21.55  20.44  20.87  20.75  21.98   
20.00  20.11  20.28  20.79  20.80  21.66  21.17  21.76  20.84  21.93  21.23  21.61  21.10  21.44  21.79  21.65   
20.75  20.28  20.95  21.12  19.34  21.81  22.26  22.08  22.20  21.78  21.32  21.35  21.93  22.05  21.61  21.84   
20.81  21.23  21.32  21.41  20.45  22.04  21.92  21.60  22.34  22.12  22.12  21.66  22.00  22.31  21.71  22.27   


0
20.31  20.14  20.04  20.81  21.12  21.54  20.44  21.67  21.06  20.73  20.92  21.43  20.80  19.81  20.61  21.18   
20.13  20.24  19.92  21.14  21.01  22.18  21.99  21.55  21.05  22.24  21.55  21.28  21.44  20.69  21.23  21.19   
20.18  20.28  20.71  21.45  19.99  21.71  22.05  22.08  21.48  22.10  21.63  21.78  21.81  21.68  22.02  21.99   
21.26  19.87  21.58  21.90  20.86  21.69  21.92  21.26  22.11  22.35  22.47  21.54  22.00  21.59  21.39  22.63   


0
20.77  20.28  20.44  20.81  19.93  21.42  20.89  21.56  21.84  21.18  21.03  21.08  20.32  20.87  21.31  21.82   
20.41  21.14  20.40  21.02  21.23  21.45  21.07  21.55  21.05  21.83  21.44  21.50  21.67  20.94  20.54  21.03   
21.03  19.90  20.71  20.78  19.34  21.50  22.05  22.08  21.99  22.10  21.32  20.80  22.05  22.18  21.89  21.99   
20.66  21.10  21.71  22.02  21.82  21.81  21.59  21.82  21.65  22.23  22.00  22.15  21.21  22.45  21.07  22.45   


0
21.09  20.15  20.46  21.20  20.78  20.85  21.13  21.12  21.19  21.42  20.48  20.63  20.09  20.48  21.18  21.20   
19.87  20.76  20.41  21.15  21.13  22.09  21.39  20.44  21.06  21.94  21.35  21.62  21.34  20.83  20.55  21.51   
20.19  20.17  20.36  20.90  20.33  21.72  21.54  21.38  21.59  21.79  22.17  21.80  21.59  21.82  21.76  22.30   
20.38  20.02  21.20  21.17  20.46  21.71  21.38  22.28  22.24  22.13  21.42  21.55  22.14  22.04  20.92  21.20   


0
20.93  20.28  20.44  20.94  20.65  21.77  20.78  21.67  21.29  21.07  20.69  21.20  20.07  20.73  20.46  21.34   
20.54  19.85  19.92  21.25  21.12  21.98  21.07  21.35  21.05  21.42  21.01  21.50  20.86  20.69  20.82  21.03   
20.75  20.66  20.71  21.23  19.99  21.50  21.74  22.28  22.10  21.78  21.42  21.68  21.46  21.80  21.75  21.84   
20.51  20.83  21.45  21.16  20.72  21.81  21.92  21.71  22.22  22.23  21.52  21.54  21.48  21.74  21.07  21.55   


0
21.09  20.58  21.12  20.83  21.02  21.32  21.58  21.35  21.19  21.30  20.70  21.79  21.05  20.62  22.30  21.83   
20.56  20.51  20.05  20.92  21.46  22.20  21.29  20.75  21.27  21.84  21.03  20.97  22.03  20.83  21.39  21.51   
19.90  20.93  20.48  21.13  19.52  21.83  21.96  22.19  21.80  22.11  22.06  21.58  21.36  22.07  22.31  22.00   
21.12  20.84  21.46  21.79  21.29  21.82  21.60  21.61  22.12  22.59  22.48  22.16  22.01  21.75  22.36  21.75   


0
21.39  20.57  20.71  20.94  20.29  21.42  21.23  21.56  21.40  20.73  20.47  21.08  20.32  20.34  20.75  20.54   
20.27  20.75  20.28  21.25  20.91  21.56  21.48  21.04  21.46  21.73  21.23  21.93  20.63  21.32  20.82  22.11   
20.46  19.64  20.95  21.34  19.01  22.13  21.63  22.28  21.99  21.78  21.42  21.68  21.81  21.68  21.75  21.23   
20.36  20.28  21.32  21.90  20.72  22.38  21.92  21.93  22.11  22.69  21.64  21.78  22.13  22.31  21.87  21.91   


0
21.09  20.29  20.72  20.46  20.78  21.32  20.45  21.91  20.96  20.64  21.49  21.21  19.97  20.62  21.18  21.83   
19.60  20.89  20.41  20.92  21.24  21.88  21.49  21.26  20.95  22.05  21.78  21.40  21.57  21.20  20.97  21.97   
20.62  20.42  20.72  21.24  19.84  22.04  22.27  21.38  21.59  21.15  21.43  21.80  21.94  21.82  21.90  21.70   
20.23  20.97  21.72  21.17  21.84  22.05  22.16  21.39  21.89  22.01  22.13  21.80  21.22  21.32  21.24  21.75   


0
20.30  20.41  20.30  20.55  20.40  20.83  20.54  21.21  21.94  21.17  20.34  21.30  21.03  20.20  21.86  21.81   
20.53  20.87  20.50  20.43  21.65  21.75  21.06  21.13  21.76  21.92  21.32  21.59  21.31  21.05  20.81  21.33   
20.31  20.14  21.05  21.44  19.33  21.80  21.51  21.76  21.36  21.98  21.83  21.44  21.21  21.54  22.01  22.13   
20.50  20.40  21.95  21.88  20.71  22.60  22.02  21.92  21.98  22.45  21.15  21.53  21.59  22.16  21.54  21.72   


0
21.85  21.28  21.37  20.94  20.17  21.54  20.66  21.56  21.06  20.40  21.59  21.08  20.32  20.87  21.03  21.50   
20.27  20.37  20.87  20.91  21.12  21.98  21.79  20.84  20.73  21.73  21.34  21.61  21.56  21.57  21.37  21.65   
20.32  19.90  20.35  20.89  19.83  21.60  22.05  22.28  21.27  22.31  21.74  21.46  21.93  22.80  22.30  21.84   
20.21  21.23  21.32  21.28  20.58  21.92  22.04  22.04  21.88  22.00  21.64  22.39  21.87  21.59  22.19  22.63   


0
20.94  21.01  20.59  20.70  21.49  20.97  20.45  21.69  21.08  20.97  21.49  21.56  20.57  20.22  20.48  21.52   
20.28  20.64  20.05  20.69  21.35  21.88  21.39  21.36  20.64  21.84  21.56  21.51  20.64  20.83  21.11  21.81   
20.76  20.68  20.48  20.45  20.01  21.93  21.43  21.79  22.11  21.90  21.12  21.47  21.83  21.57  22.04  22.15   
20.23  20.57  21.07  21.54  20.04  21.93  21.83  21.39  22.01  22.47  22.36  21.80  22.27  22.18  21.40  22.28   


0
21.08  21.00  20.71  21.67  22.77  21.54  20.89  22.12  22.61  20.62  21.25  22.01  20.80  20.47  21.31  21.50   
19.72  20.37  20.40  21.14  22.19  21.66  21.28  21.66  21.57  22.03  21.23  21.82  21.21  20.82  20.82  20.88   
20.32  20.15  20.23  20.66  19.51  22.13  21.84  22.28  22.10  22.10  21.84  21.68  21.93  22.05  21.19  21.69   
21.11  20.28  21.84  21.77  20.72  21.81  21.81  21.82  22.11  22.12  22.12  21.78  21.61  21.74  22.35  21.55   


0
21.85  20.43  21.10  23.97  23.92  23.15  23.35  24.01  23.82  20.85  21.25  20.97  19.71  21.13  20.89  20.38   
20.54  20.24  20.16  21.71  23.36  22.91  20.97  22.27  22.81  21.52  21.34  21.82  21.79  21.44  21.51  21.65   
21.17  20.28  20.71  21.23  20.48  22.55  22.26  21.98  22.51  22.41  21.63  21.24  21.58  22.18  21.75  21.53   
20.21  20.96  21.06  22.02  20.72  22.04  22.04  21.48  21.99  22.46  21.88  21.90  21.48  22.17  21.87  21.55   


0
20.94  21.58  21.90  23.50  21.84  23.73  24.35  24.68  25.23  25.33  26.50  24.86  21.29  20.62  21.61  21.83   
20.01  20.51  20.77  23.77  24.63  25.77  25.59  25.27  24.96  25.76  25.96  24.72  22.03  21.83  21.80  22.42   
20.62  20.42  20.84  22.03  25.99  26.77  26.07  26.64  25.66  26.26  24.33  23.96  22.41  22.31  21.90  22.15   
20.82  20.70  21.72  21.66  23.60  26.31  25.00  25.76  25.63  25.74  24.81  23.12  22.14  21.61  22.04  22.28   


0
21.55  20.01  19.92  20.95  20.78  21.67  21.24  21.80  22.08  20.86  21.27  21.44  20.21  20.75  21.75  22.31   
20.01  20.76  20.29  21.15  21.89  21.88  21.90  23.08  23.64  24.67  24.62  23.13  22.03  21.45  21.39  21.35   
20.62  20.29  20.48  21.58  22.10  24.54  25.57  25.57  25.26  26.06  26.15  25.33  23.68  22.56  21.90  22.15   
20.08  20.70  21.98  22.27  23.60  26.20  26.72  25.98  25.51  26.30  25.50  26.19  24.20  22.47  21.88  22.64   


0
21.09  20.44  20.72  20.83  20.90  21.79  21.02  21.01  22.08  20.75  21.38  20.98  20.33  20.09  21.04  21.83   
20.28  20.51  19.81  20.92  21.35  21.26  21.39  21.87  22.20  21.74  21.78  21.73  21.22  21.20  21.25  21.05   
19.90  20.04  20.24  21.35  20.65  21.72  21.54  22.49  23.55  23.69  22.17  22.02  22.29  22.31  21.90  21.85   
20.08  20.43  21.59  21.79  21.70  22.73  23.04  23.49  24.06  24.97  24.81  23.36  22.40  22.47  21.72  21.75   


0
21.08  20.71  20.71  20.32  20.89  22.00  21.12  22.01  21.40  20.85  21.37  21.31  19.83  20.87  20.89  21.98   
19.86  20.62  20.28  21.02  20.69  21.45  21.58  21.76  21.67  22.03  21.55  21.61  21.10  21.19  21.37  21.65   
21.03  20.41  21.31  21.57  19.99  22.02  21.52  22.48  23.53  22.52  21.21  21.46  22.05  21.93  21.61  21.53   
20.36  20.83  21.58  22.14  20.45  21.92  21.48  22.15  23.93  23.49  22.00  22.27  21.74  22.17  22.35  21.91   


0
21.23  20.71  20.84  20.81  23.23  24.18  21.00  21.11  22.17  20.96  21.59  21.20  20.20  20.34  21.73  20.54   
19.86  20.88  20.87  21.02  21.23  22.39  20.87  21.55  21.36  21.73  20.69  21.50  21.21  20.44  20.96  21.19   
20.46  20.79  20.83  20.44  19.67  21.60  21.84  22.58  22.41  22.62  21.74  21.78  22.05  21.55  20.91  21.99   
19.77  20.55  21.06  21.77  21.00  21.58  21.92  22.04  23.59  22.92  22.23  21.17  21.87  21.31  21.23  21.19   


0
21.40  21.15  21.25  23.74  23.70  23.62  23.91  24.57  23.61  22.63  22.05  21.44  20.45  20.75  21.18  21.83   
20.42  20.38  20.41  22.41  23.16  22.30  22.41  22.38  23.54  23.77  22.31  21.51  21.57  21.58  21.66  22.73   
20.48  20.68  20.36  21.80  23.05  24.95  22.27  22.29  23.65  23.06  21.64  21.91  21.47  21.82  21.62  22.00   
20.53  20.29  21.72  21.91  20.74  22.85  21.83  21.50  22.58  22.59  21.53  21.80  21.88  22.32  23.00  22.28   


0
22.00  20.71  21.37  23.85  24.72  24.29  23.68  26.18  24.79  25.32  25.10  24.06  23.06  21.00  20.89  21.34   
20.95  20.62  21.23  23.19  24.62  24.24  23.50  25.56  23.53  25.06  24.19  23.43  22.48  21.57  21.37  21.34   
20.89  19.90  21.66  21.90  21.45  24.01  23.51  24.58  25.35  23.57  23.19  22.44  22.63  21.93  22.02  21.99   
20.21  20.42  21.32  22.14  21.27  21.92  22.48  22.71  23.93  23.15  22.71  22.15  21.48  21.74  22.19  20.64   


0
21.86  21.58  20.98  20.70  21.84  23.28  22.03  21.91  22.30  21.42  22.16  22.02  23.07  21.40  20.76  20.39   
20.15  20.64  20.53  24.21  24.63  24.25  23.61  23.39  23.33  24.07  23.79  23.13  23.85  22.45  20.83  22.12   
20.19  20.29  20.84  22.81  24.76  25.56  24.24  24.49  25.36  25.85  25.85  24.38  23.57  23.18  22.45  22.15   
19.93  21.11  21.46  22.27  22.38  24.98  24.57  24.14  26.51  25.63  26.30  24.79  23.56  22.47  22.68  22.11   


0
20.93  21.28  20.97  20.32  21.01  22.23  21.68  21.79  22.28  21.29  21.37  21.78  20.68  20.47  21.03  21.98   
20.13  20.75  20.16  21.83  21.55  22.39  21.89  21.86  23.53  23.05  21.87  22.15  21.44  21.57  21.10  21.95   
20.89  21.04  20.59  22.24  23.97  23.80  23.51  23.79  22.72  23.05  22.57  22.00  23.32  22.67  21.61  21.23   
20.07  21.51  21.96  22.51  23.85  24.75  25.10  23.70  23.14  23.26  23.06  22.03  23.94  24.15  22.19  22.27   


0
21.09  20.29  21.12  21.44  20.66  21.79  21.13  21.80  22.08  20.75  21.15  21.79  20.93  20.88  22.30  21.99   
20.69  21.66  20.41  20.69  21.89  21.78  21.29  21.77  22.00  21.43  21.56  21.62  22.03  21.70  21.66  22.27   
19.90  20.29  20.84  21.24  20.01  21.72  21.85  22.29  23.14  23.48  21.85  22.02  22.18  22.31  21.76  22.15   
20.38  21.25  22.36  21.66  20.74  22.05  22.16  21.61  22.81  25.41  22.48  22.40  20.83  21.61  22.84  22.82   


0
20.91  20.12  20.56  21.05  20.87  21.30  20.76  22.11  21.50  21.50  20.90  21.53  21.03  20.20  21.30  21.81   
19.98  20.61  20.62  21.70  21.43  21.75  21.16  21.54  21.24  21.40  22.07  21.38  21.43  21.30  21.08  21.48   
20.88  20.14  20.45  21.55  20.14  22.22  22.46  22.37  21.77  21.98  22.04  21.66  22.03  22.16  21.46  21.52   
20.20  20.68  21.31  21.64  20.43  22.25  21.91  22.14  22.56  22.33  22.58  21.77  21.86  21.29  21.86  21.90   


0
21.58  20.03  20.61  21.34  20.09  21.81  21.27  22.05  21.32  20.44  20.84  21.35  20.35  21.16  21.21  21.54   
20.72  21.68  20.91  20.60  21.80  22.01  21.52  21.18  20.87  21.66  21.37  21.54  22.29  20.73  21.41  21.23   
21.21  20.57  20.75  21.15  19.71  21.85  22.30  22.01  21.93  22.24  21.88  21.49  21.62  22.46  21.51  21.42   
20.85  20.59  21.36  21.57  21.17  22.42  22.07  21.75  22.49  22.50  21.80  21.94  22.30  21.78  21.75  22.31   


0
21.40  21.30  20.98  20.83  20.90  21.44  20.68  22.13  21.52  21.08  20.93  21.79  20.69  21.14  21.32  21.67   
19.87  20.12  20.41  21.61  21.46  21.88  21.08  21.16  20.95  21.43  21.56  21.84  21.46  21.95  20.97  21.05   
20.05  20.42  20.12  21.13  20.17  21.83  22.06  22.39  21.38  22.32  21.43  21.36  21.94  22.44  21.34  21.70   
21.12  20.97  21.85  22.03  20.74  22.28  22.38  22.28  22.12  22.70  21.89  21.67  21.75  22.04  21.72  20.66   


0
21.86  20.72  20.98  21.32  20.66  21.32  21.02  21.69  20.85  20.97  21.15  21.67  20.69  21.01  21.75  21.36   
20.83  21.02  20.65  21.49  21.35  22.30  21.29  21.05  21.48  22.15  21.46  21.73  20.99  21.45  21.66  21.97   
20.62  20.04  20.84  21.35  19.52  21.93  21.85  22.29  22.01  22.43  22.06  21.91  21.94  21.94  21.62  22.00   
19.93  21.38  21.59  21.54  20.60  22.39  21.83  21.94  22.35  22.70  22.13  21.92  22.01  22.32  22.04  21.93   


0
21.26  21.02  20.87  21.33  21.15  21.57  21.25  21.47  21.76  21.21  21.17  21.34  20.94  20.37  21.62  20.89   
20.57  20.78  20.30  21.05  21.25  21.69  21.30  21.48  21.28  21.24  21.47  21.20  21.47  20.97  21.40  22.28   
20.92  19.67  20.37  21.14  20.02  22.37  21.97  21.90  21.92  22.23  21.97  21.70  21.25  21.70  21.77  22.47   
20.69  20.99  21.60  21.43  21.30  22.06  21.84  21.73  22.02  22.49  22.14  22.29  21.76  22.19  22.22  21.94   


0
20.63  21.15  20.59  20.58  20.90  21.67  21.13  21.69  21.41  20.97  21.27  21.44  20.93  20.88  20.76  20.55   
20.42  20.38  20.29  20.80  21.46  22.40  21.90  21.36  21.48  21.94  22.10  21.40  21.34  21.33  20.97  21.35   
21.04  20.93  20.48  20.90  20.01  22.25  21.96  22.29  21.70  22.00  21.43  21.47  21.83  22.07  21.62  21.09   
20.38  20.84  21.20  21.79  20.87  21.71  22.05  21.94  22.12  22.24  21.53  21.80  21.62  22.04  22.20  21.56   


0
21.25  21.30  21.38  20.95  20.66  21.90  20.90  21.91  21.08  20.97  21.15  21.33  20.45  20.75  20.76  21.52   
20.56  21.40  20.29  20.92  21.89  21.78  21.19  21.46  21.37  21.33  21.56  20.97  20.64  21.20  21.39  21.66   
21.04  20.55  20.72  21.24  19.68  21.61  22.17  22.39  22.52  22.32  21.96  21.80  21.59  21.44  22.17  22.00   
20.38  20.84  20.81  22.27  20.74  21.93  22.16  21.72  21.66  22.36  21.89  21.80  21.75  22.18  22.20  21.93   


0
21.55  19.72  21.38  19.96  20.31  20.97  20.90  21.69  21.41  20.52  20.93  22.02  20.21  21.01  20.90  21.99   
19.87  20.89  21.48  21.15  21.24  21.68  21.49  21.05  21.27  22.15  21.78  21.84  21.57  20.95  21.11  21.51   
20.19  20.04  20.84  21.35  19.84  21.93  21.54  21.89  22.32  21.90  22.27  21.80  22.06  21.44  21.76  22.15   
20.53  20.70  21.46  21.79  20.46  21.59  21.38  22.05  22.24  22.36  21.89  21.92  22.01  22.32  20.92  22.11   


0
21.71  21.01  20.72  22.05  20.90  21.20  20.68  21.46  21.74  20.64  21.15  21.09  20.69  20.62  21.61  22.15   
20.42  21.15  20.65  21.49  21.78  21.99  21.70  21.36  21.58  21.64  21.56  22.05  21.11  21.20  21.52  22.42   
20.33  20.68  20.48  20.90  20.65  22.04  21.54  22.19  21.70  22.43  21.96  21.80  22.18  22.07  21.76  22.60   
20.97  21.11  21.20  21.91  20.46  22.28  22.05  21.83  22.01  22.47  22.13  22.04  21.62  22.75  22.20  23.00   


0
20.64  20.02  21.39  21.09  20.91  22.26  21.48  21.47  21.31  21.32  21.50  21.34  20.58  20.76  21.62  20.73   
20.30  20.91  20.78  21.51  20.93  21.90  21.10  20.86  21.18  21.96  21.36  20.98  21.24  21.22  20.98  21.83   
20.77  20.05  20.73  21.70  19.86  22.26  21.66  22.81  22.02  21.91  22.18  21.70  22.30  21.70  21.63  21.86   
20.84  20.72  22.37  21.68  20.75  22.52  22.17  21.73  21.79  21.80  22.38  21.81  21.63  22.05  22.38  21.76   


0
20.94  21.30  20.72  21.68  21.49  22.36  21.35  21.57  21.08  20.97  20.82  20.98  20.57  20.62  22.03  21.83   
19.60  20.38  21.12  21.38  21.67  21.99  22.00  20.85  21.37  21.64  21.46  21.62  21.57  21.83  20.83  22.27   
20.76  20.55  20.48  21.35  19.84  21.93  22.17  22.19  21.49  22.00  21.75  21.36  22.18  22.19  22.17  21.85   
20.38  20.97  21.07  22.15  20.60  22.05  21.38  21.61  22.24  22.70  22.01  21.67  22.14  22.04  21.88  22.64   


0
22.01  20.58  20.98  20.95  21.37  21.55  20.34  21.46  21.41  20.97  20.82  20.86  20.45  20.48  20.90  21.20   
20.69  20.51  20.77  21.95  21.03  21.68  21.59  21.67  21.58  22.15  21.78  21.29  21.92  21.70  20.69  22.12   
21.04  20.17  21.44  21.24  19.68  21.72  21.43  21.89  21.80  22.53  22.06  21.91  21.94  22.19  21.76  20.48   
20.08  21.38  21.33  21.66  21.15  21.93  21.83  22.05  22.35  22.47  21.77  21.55  21.62  22.04  21.40  21.56   


0
21.73  20.75  20.48  20.97  21.04  21.35  21.04  21.49  21.88  20.55  21.29  21.12  21.20  20.90  21.77  22.33   
20.45  20.53  20.91  21.06  21.16  21.81  21.82  21.59  21.29  21.66  21.91  22.40  21.94  22.23  21.27  22.14   
21.49  20.19  20.99  21.49  19.38  22.48  22.30  22.52  21.93  22.13  22.30  21.38  22.20  22.46  22.20  22.63   
20.85  20.86  21.62  21.81  21.17  21.96  22.29  21.52  22.49  22.27  21.44  22.18  21.38  22.49  22.55  22.31   


0
20.95  20.16  20.60  21.09  20.91  21.80  21.14  21.59  21.64  21.21  21.17  20.99  20.94  20.63  21.48  21.69   
20.43  20.91  19.70  21.28  20.82  21.90  21.71  21.37  21.91  22.36  21.90  21.42  20.66  21.34  21.12  22.44   
20.77  20.82  21.09  21.14  19.69  21.73  21.76  22.41  21.81  22.23  21.87  21.26  22.65  21.70  21.63  22.62   
20.84  20.85  21.34  21.31  20.75  21.95  21.28  21.51  22.36  22.49  22.14  21.56  22.54  22.34  21.90  22.66   


0
21.55  20.44  20.98  21.07  20.66  21.20  21.02  22.25  21.63  21.19  21.27  21.79  20.21  20.62  21.75  21.67   
19.73  20.89  20.77  20.45  21.99  21.88  21.70  21.36  21.06  22.05  21.56  21.62  21.92  20.95  21.94  22.58   
20.76  19.91  20.60  21.24  20.49  22.35  21.85  22.19  22.01  22.21  22.17  22.12  22.06  21.32  22.17  22.00   
20.53  21.65  21.98  21.30  20.87  22.28  21.71  22.28  22.24  22.13  22.48  21.43  22.14  21.75  22.36  22.11   


0
21.71  20.15  21.12  20.95  21.02  21.20  20.90  21.69  21.85  21.42  21.27  21.79  20.93  21.27  22.17  21.99   
20.97  21.02  20.29  21.26  21.56  22.20  21.39  21.46  22.10  21.94  21.46  22.16  21.69  21.20  21.66  21.51   
20.90  20.29  21.20  21.24  19.68  22.14  22.06  22.29  22.01  22.74  21.64  22.02  21.59  22.19  20.93  22.30   
20.97  20.43  21.20  21.91  21.29  22.16  22.49  22.28  22.46  22.70  22.13  22.28  22.27  22.32  22.84  23.36   


0
21.87  20.16  20.87  21.58  20.68  21.91  20.69  21.81  21.31  21.09  21.84  21.57  21.18  21.15  21.90  22.95   
21.39  21.16  20.30  21.16  22.01  21.90  21.81  21.68  21.49  22.16  22.00  22.06  21.81  21.59  21.81  22.44   
20.63  21.20  21.21  21.48  20.34  21.84  22.49  21.90  22.64  22.02  21.87  22.03  22.65  22.20  21.63  22.77   
20.84  21.80  21.73  21.43  21.30  22.18  22.95  21.51  22.48  23.29  22.85  22.90  22.28  23.19  22.54  23.01   


0
22.01  20.87  21.90  20.83  21.14  22.25  21.02  21.80  21.41  21.42  21.38  21.56  20.93  20.62  21.61  22.62   
20.83  21.40  20.41  21.95  21.78  21.88  21.08  21.36  22.10  21.64  21.67  21.94  22.15  21.45  20.83  22.12   
21.19  20.55  20.72  20.79  20.33  22.14  22.27  22.39  22.21  22.21  21.85  21.58  22.18  22.56  21.76  22.60   
20.97  20.84  21.59  21.42  20.60  22.39  21.49  22.50  22.35  22.59  21.77  22.76  22.53  22.75  22.84  22.64   


0
21.12  20.89  21.27  21.34  20.69  21.93  20.93  21.82  21.77  21.77  21.63  21.35  20.60  20.90  21.35  21.38   
20.72  20.92  20.67  21.17  22.44  21.81  21.52  21.49  21.19  22.48  21.37  21.54  21.36  22.35  21.41  21.99   
21.21  20.06  20.99  21.83  19.71  21.96  21.88  22.32  22.44  22.56  21.88  21.38  21.85  22.71  21.78  22.18   
20.85  21.27  22.13  21.57  21.45  21.96  21.96  21.97  22.15  22.38  22.03  22.55  22.30  22.49  22.55  23.03   


0
21.37  20.98  21.09  21.17  20.76  21.41  21.44  22.44  21.27  20.61  21.24  21.19  20.67  20.85  20.73  21.33   
20.80  20.99  19.90  20.78  21.97  21.55  20.96  21.64  21.45  22.43  21.86  22.14  21.66  22.18  21.22  22.40   
20.88  20.78  20.94  21.55  20.47  22.33  22.25  22.57  22.29  21.87  22.45  21.77  22.15  21.79  21.73  21.67   
20.80  20.68  21.18  21.76  20.99  22.37  21.69  22.80  23.24  22.56  22.58  22.01  22.64  22.44  22.66  22.80   


0
22.00  20.86  20.84  21.06  21.12  21.42  21.34  22.23  21.51  21.29  21.37  20.97  21.16  21.39  21.73  21.98   
20.68  21.14  20.75  21.37  21.98  22.91  21.99  22.37  21.26  22.14  21.76  22.26  21.79  21.94  21.10  22.11   
20.32  20.03  21.07  22.13  22.08  23.07  24.54  23.88  22.51  22.41  21.84  22.11  21.70  22.18  22.30  21.69   
20.66  21.37  21.45  22.14  23.32  22.95  23.91  24.67  25.84  24.73  23.29  21.66  22.26  22.31  22.99  22.27   


0
21.71  21.15  20.98  22.29  21.84  25.53  24.56  22.25  21.08  21.53  21.49  21.56  21.53  20.88  22.17  22.15   
20.56  20.51  21.01  22.07  24.42  21.99  24.21  24.88  21.68  22.25  21.78  22.27  21.57  20.95  21.25  22.73   
21.04  20.68  20.60  22.03  26.45  22.46  23.00  25.48  23.75  22.43  21.96  22.02  22.06  22.44  21.48  22.60   
20.08  21.11  21.85  21.91  25.06  23.07  22.49  24.14  25.40  24.18  22.13  22.16  22.01  22.04  22.52  23.18   


0
21.55  21.01  20.98  23.14  21.84  24.07  24.46  22.36  21.52  21.08  20.70  21.67  20.93  20.88  21.61  21.67   
20.42  21.15  20.77  21.49  23.16  21.78  23.71  25.27  21.79  22.15  21.78  21.51  21.57  21.58  21.66  21.97   
20.62  21.31  21.91  24.13  23.99  22.25  22.90  24.59  24.05  22.53  21.85  22.34  22.29  21.57  21.48  22.30   
20.23  20.84  23.89  26.45  26.77  24.65  22.38  23.93  24.62  23.16  22.48  22.40  22.01  22.18  22.52  22.46   
