Start of this file: 15:06:25 02/03/2017

0
21.00  20.20  21.16  20.49  21.17  21.23  20.59  21.93  21.65  20.77  20.95  21.59  21.08  21.44  20.53  22.22   
20.47  20.67  20.20  21.29  21.58  21.48  21.51  21.48  20.66  22.16  21.58  21.53  21.71  20.99  21.57  21.88   
20.67  20.08  20.63  21.27  18.77  21.84  22.08  22.31  21.71  22.13  21.77  22.15  21.50  21.73  22.64  22.36   
20.58  21.70  21.37  21.82  21.06  22.08  22.07  21.74  21.92  22.50  21.80  21.71  21.92  22.09  22.12  23.27   


0
21.17  20.93  20.78  20.38  20.82  21.36  20.60  21.50  21.00  20.67  21.53  20.90  20.49  19.48  21.25  21.91   
20.20  20.69  20.33  20.49  20.95  21.70  21.42  21.59  21.19  21.66  21.70  21.22  21.49  20.88  21.31  20.97   
20.54  20.09  20.76  21.16  20.25  21.86  21.57  21.91  21.62  22.14  21.67  21.50  21.52  21.87  22.10  21.77   
20.45  20.90  21.90  21.71  21.07  21.63  21.75  21.64  22.73  22.86  21.82  21.96  22.20  21.96  21.97  22.21   


0
21.14  20.48  20.35  20.11  20.92  20.75  20.80  21.25  21.31  20.98  20.60  21.34  20.35  20.78  20.52  20.61   
20.18  19.76  20.31  21.05  21.36  22.10  21.49  21.26  20.85  21.54  21.36  21.30  20.66  21.23  21.01  21.40   
20.37  20.06  20.50  20.35  19.58  22.04  21.86  21.79  21.60  21.69  21.86  21.48  21.96  21.47  22.07  21.60   
19.67  20.60  21.87  21.44  20.49  21.95  22.06  21.73  21.91  22.03  21.91  21.82  21.65  22.65  20.98  22.00   


0
20.71  20.36  20.38  20.63  20.82  21.36  21.39  21.95  21.33  20.78  20.63  21.02  20.98  20.67  21.25  21.91   
19.65  20.81  20.45  20.73  21.06  21.39  20.60  20.88  21.09  21.66  21.49  21.54  20.80  20.37  20.61  21.12   
20.54  20.85  20.64  21.16  19.93  21.54  21.78  21.51  21.93  21.61  21.36  21.28  21.75  21.11  21.82  21.77   
20.30  20.35  21.90  21.34  20.80  21.51  21.41  21.64  21.81  21.82  22.29  21.60  21.28  21.96  22.29  22.75   


0
21.65  20.39  20.54  20.90  20.49  21.50  20.96  21.30  20.91  21.70  21.10  21.39  21.00  20.70  21.55  21.62   
20.09  20.84  20.24  21.44  21.08  21.83  21.44  21.00  21.11  22.00  20.97  21.79  21.52  21.40  21.06  21.15   
19.85  20.11  20.91  21.19  20.12  21.56  22.12  21.84  21.75  22.48  22.22  21.75  22.24  21.64  21.85  21.80   
20.47  20.38  21.41  21.25  21.37  21.42  21.55  21.78  22.30  22.19  22.08  21.74  20.91  21.99  21.83  22.95   


0
21.49  20.37  19.86  20.39  20.72  21.26  20.84  21.62  21.68  20.46  20.87  20.80  20.63  20.55  20.13  21.61   
20.63  20.96  20.22  21.20  21.39  21.93  20.92  21.20  21.10  21.78  20.85  21.12  21.04  20.39  20.63  21.13   
20.41  19.97  20.54  21.40  19.94  21.76  21.68  21.93  21.32  22.15  22.10  21.73  21.29  21.50  21.97  21.48   
20.46  20.36  21.65  21.48  21.22  21.99  21.54  21.99  22.06  21.95  21.95  21.85  21.82  21.26  21.34  22.40   


0
21.49  19.80  20.52  20.39  20.95  21.26  21.52  20.94  21.01  20.80  20.75  21.26  20.63  20.29  21.12  22.72   
20.22  19.93  20.10  20.85  21.18  21.30  21.02  21.30  21.00  21.88  20.75  21.56  21.16  20.89  21.60  22.05   
20.27  20.61  21.02  21.06  20.10  21.87  21.37  21.72  21.32  21.62  21.90  21.95  21.65  22.25  21.42  22.24   
19.86  21.05  21.65  21.72  20.81  21.64  21.43  21.77  21.94  21.72  21.47  22.34  22.47  21.83  21.82  22.04   


0
20.54  20.78  21.03  20.98  20.45  21.70  20.02  22.16  20.87  20.88  20.95  21.82  20.72  20.40  21.23  21.42   
20.47  21.31  19.84  20.60  20.50  21.69  21.30  21.48  20.66  21.55  21.69  21.53  21.25  21.12  20.60  21.42   
20.39  20.71  20.63  20.70  20.08  21.42  21.66  22.10  22.02  22.23  21.87  21.71  21.86  21.98  21.53  21.15   
20.29  21.16  21.37  22.07  21.20  22.19  22.29  21.63  22.26  21.93  21.80  21.34  21.66  21.37  21.47  22.38   


0
19.95  20.23  20.39  20.14  20.36  21.26  20.61  21.28  21.23  20.91  20.87  20.80  20.14  21.08  20.84  21.29   
20.22  20.70  20.46  20.85  21.29  21.82  21.53  21.09  21.41  21.88  21.29  21.56  21.62  21.02  21.46  22.21   
20.70  19.97  20.66  20.95  19.78  21.76  21.68  21.93  21.63  22.36  21.37  21.73  21.88  21.63  21.28  22.09   
20.61  21.18  21.53  22.21  20.81  21.99  22.21  22.21  21.48  22.53  21.59  21.85  21.56  21.11  21.98  22.04   


0
21.01  20.36  20.38  20.38  20.35  21.82  21.16  21.05  21.56  21.23  20.97  21.60  20.37  20.41  20.97  21.44   
20.75  20.30  19.97  20.73  21.38  21.39  21.01  21.39  21.09  21.04  21.81  21.11  21.03  21.13  20.89  21.89   
20.11  19.32  21.00  20.83  19.44  21.54  21.25  21.81  21.41  22.03  21.46  21.50  22.22  21.87  21.96  22.38   
20.00  21.17  21.12  21.47  20.80  21.40  21.97  21.98  21.70  22.28  21.93  20.99  22.33  21.53  22.45  21.31   


0
20.54  20.63  20.23  20.61  19.86  21.23  20.59  21.71  21.21  20.99  20.62  20.89  20.36  20.66  20.67  21.11   
20.05  20.67  20.32  20.94  20.94  21.59  21.30  21.07  21.39  21.96  21.58  21.75  21.37  20.61  21.30  21.42   
19.96  19.95  20.39  20.47  20.08  21.53  21.98  21.70  21.71  22.13  21.24  21.60  21.50  22.10  21.39  21.46   
20.14  20.88  21.89  21.33  21.20  21.50  21.18  21.63  21.46  22.50  21.09  21.10  22.18  22.24  21.96  21.48   


0
20.86  19.78  21.04  20.50  21.06  21.36  20.71  21.61  22.11  21.12  21.30  21.37  20.98  20.14  19.97  21.44   
20.48  20.43  20.09  20.73  21.17  21.60  21.01  21.08  20.77  21.04  20.73  21.87  21.26  20.50  21.03  21.43   
20.40  20.22  20.88  20.94  20.09  21.33  21.57  22.42  21.52  21.82  21.57  21.06  21.52  22.24  22.10  22.23   
20.15  20.62  20.99  20.85  21.48  21.74  21.41  21.64  22.28  22.28  21.82  21.48  21.28  21.39  21.16  21.49   


0
21.03  20.09  20.66  20.89  20.84  21.37  21.18  20.94  21.23  21.13  20.75  20.91  20.75  19.89  20.55  21.29   
20.49  20.31  20.34  20.97  21.18  21.93  21.33  20.89  21.31  21.98  21.29  20.90  21.04  20.76  20.63  21.44   
20.27  19.97  20.42  21.29  20.10  21.55  21.47  22.13  22.25  21.83  21.37  21.19  21.53  22.00  21.42  21.33   
20.31  21.32  21.65  21.60  21.22  21.64  21.65  21.55  21.48  21.72  21.23  21.73  21.29  21.83  21.66  22.22   


0
20.89  20.24  20.40  20.53  19.78  21.39  21.30  21.75  20.91  21.36  21.55  21.39  20.76  20.96  20.42  21.94   
20.23  20.20  20.36  20.75  20.65  21.10  21.03  21.21  21.01  22.10  21.41  21.46  21.06  21.03  20.92  22.07   
20.85  19.99  21.39  21.19  19.47  22.09  22.33  21.43  21.96  22.27  21.49  21.53  22.59  21.77  21.57  21.34   
20.47  20.24  21.67  21.25  20.55  22.00  21.89  21.22  21.96  22.54  21.72  21.62  21.96  21.56  21.83  22.77   


0
20.71  20.50  20.25  21.00  20.59  20.78  20.37  21.38  21.11  19.89  21.30  20.90  20.13  20.14  20.40  21.60   
19.79  20.30  19.61  20.26  20.62  21.49  21.11  21.08  20.98  21.35  21.17  22.08  21.03  21.00  20.48  22.04   
20.26  20.34  20.52  21.39  19.44  22.17  21.88  21.91  21.41  21.82  21.67  21.17  22.10  21.87  21.13  21.47   
20.00  20.62  22.16  20.97  20.93  21.74  21.97  21.53  22.51  21.36  22.17  22.21  21.93  21.82  21.65  21.49   


0
20.27  19.09  20.67  21.14  20.25  20.45  20.40  21.63  21.69  21.14  21.22  21.51  20.88  20.43  21.13  22.10   
19.96  20.71  20.36  20.75  21.41  21.62  20.93  21.41  21.01  21.89  21.08  21.35  21.40  21.15  19.80  21.46   
20.71  20.37  20.55  21.19  19.63  21.35  22.22  22.44  21.75  21.85  21.38  21.31  22.01  22.14  22.12  21.65   
20.62  21.06  21.41  21.86  21.92  21.54  21.44  21.78  22.07  22.54  21.25  20.89  21.31  21.41  21.51  22.23   


0
21.35  20.39  20.80  20.03  21.09  21.62  20.51  21.63  21.47  21.14  21.10  20.93  20.52  21.09  21.13  21.14   
19.68  20.84  20.12  21.33  21.30  20.89  21.14  21.52  20.90  21.38  21.41  21.46  20.71  21.28  20.92  21.61   
20.14  20.62  20.67  20.85  19.96  21.99  21.49  21.23  21.44  22.16  21.91  21.31  22.01  21.64  21.01  21.65   
21.36  21.47  21.15  21.61  20.68  20.96  21.55  21.45  21.72  22.31  21.84  21.50  20.91  21.70  21.03  21.87   


0
21.16  20.35  21.03  21.47  20.57  21.70  20.93  21.37  21.54  20.43  21.18  21.01  20.36  20.53  21.66  22.22   
19.09  21.06  20.08  20.94  21.48  21.38  21.51  21.17  20.66  21.65  21.58  21.31  21.37  20.74  21.02  22.18   
20.67  20.08  20.39  21.38  20.24  21.95  21.66  22.51  21.71  22.02  21.56  21.27  21.86  21.85  21.81  20.85   
19.99  20.88  20.85  21.45  21.20  22.19  21.63  21.63  21.80  22.50  22.40  22.07  21.92  21.66  21.31  22.56   


0
20.87  20.09  20.39  20.27  20.84  21.26  20.95  21.28  21.46  20.91  21.43  20.91  20.39  19.89  20.70  22.09   
20.22  20.31  20.34  20.85  21.72  21.30  21.63  20.27  21.10  22.09  21.50  21.34  21.74  21.39  20.49  20.52   
20.13  20.23  20.54  21.18  19.62  21.66  22.11  21.93  22.46  22.58  22.00  21.52  21.76  21.50  21.56  21.03   
19.26  20.64  20.88  21.36  20.53  22.22  21.87  21.32  22.40  22.53  22.18  21.61  21.69  21.83  21.66  21.50   


0
21.03  20.66  20.92  20.64  20.60  21.02  20.61  21.51  21.12  21.13  20.87  20.91  21.11  20.81  20.55  21.29   
19.94  19.93  20.34  21.32  21.18  21.19  20.92  20.68  21.52  21.78  21.29  21.99  21.04  21.52  20.77  20.83   
20.70  20.61  20.30  21.06  19.94  21.45  21.90  21.82  22.05  22.26  22.00  21.52  22.00  21.50  22.11  20.87   
20.46  20.64  21.40  21.36  20.95  21.64  21.20  22.32  22.06  21.72  21.59  21.61  21.95  21.97  21.82  22.76   


0
21.01  20.36  20.78  20.87  20.47  21.48  20.49  21.16  21.11  20.56  21.19  21.02  21.10  20.01  20.54  21.60   
20.07  20.69  20.09  20.73  21.06  21.91  21.42  21.49  21.09  21.87  21.38  21.11  21.15  20.63  21.72  21.89   
20.11  20.73  21.12  21.39  20.42  21.86  22.30  22.01  22.03  21.82  21.25  21.72  21.63  22.36  21.82  21.62   
20.15  20.21  21.51  22.20  20.93  21.74  21.41  21.64  22.05  22.40  22.17  21.72  21.28  22.10  21.49  22.39   


0
20.11  20.82  19.87  21.02  20.73  21.39  20.85  21.86  21.14  21.14  21.33  21.16  20.64  21.09  20.99  21.78   
20.09  21.22  20.48  21.33  21.19  21.62  21.14  21.00  21.43  21.69  20.87  21.35  21.29  21.65  20.92  21.92   
20.71  20.11  20.79  21.19  19.79  21.99  22.01  22.04  21.85  22.16  21.80  21.31  22.13  21.77  21.01  21.65   
20.92  20.92  21.41  21.49  19.71  22.11  21.89  21.45  22.19  22.42  22.31  21.74  21.96  21.84  22.15  21.69   


0
20.89  20.82  20.14  20.53  20.49  21.15  20.74  21.41  21.58  20.70  21.55  21.51  20.88  21.09  21.41  21.46   
19.68  20.71  20.24  20.87  21.62  21.94  21.24  20.49  21.32  21.69  21.83  21.57  21.17  20.65  21.06  20.84   
20.14  19.73  20.79  21.08  20.60  21.99  21.70  21.84  21.96  21.63  22.01  21.75  22.01  22.14  21.99  22.40   
20.17  20.92  21.41  21.61  20.68  21.77  21.10  21.22  21.84  21.73  21.36  21.26  21.96  22.27  21.99  22.59   


0
21.17  20.36  20.91  20.38  20.70  21.13  21.05  21.83  21.33  21.45  21.19  21.02  20.74  20.28  21.25  21.44   
20.20  20.30  20.21  20.84  21.60  21.60  21.42  20.98  21.09  21.77  21.27  21.54  20.80  20.75  21.17  21.12   
19.68  19.96  20.40  20.83  19.93  22.49  21.57  22.72  21.93  21.82  21.46  21.61  21.40  21.87  21.96  21.47   
21.04  20.49  20.73  20.60  20.93  21.86  21.41  21.42  22.62  22.17  21.93  21.35  20.88  21.53  21.49  22.39   


0
21.19  21.39  20.67  21.02  20.97  21.27  20.74  21.52  21.47  21.14  20.77  21.39  21.24  20.17  21.27  20.98   
20.64  20.33  20.72  22.36  22.58  21.94  21.24  20.90  20.80  22.20  21.41  21.24  21.40  21.03  20.64  20.99   
20.57  20.75  21.03  22.20  23.78  22.20  21.91  21.94  21.75  22.27  21.59  21.64  22.13  21.77  21.85  21.19   
19.73  20.79  21.28  21.98  25.02  22.11  22.11  21.33  22.53  22.42  21.72  21.62  21.17  21.56  21.51  21.51   


0
21.50  20.67  21.72  25.58  22.26  21.39  20.85  21.97  21.69  21.25  21.33  20.93  20.28  20.17  21.13  21.78   
21.32  20.71  20.36  24.39  23.32  21.94  21.14  21.31  21.01  21.38  21.51  21.46  21.52  20.78  21.33  21.92   
21.70  20.50  21.15  23.09  21.89  21.88  21.91  22.14  22.06  21.63  22.01  21.75  21.42  21.52  21.57  21.50   
20.32  20.38  21.15  23.79  22.60  21.65  22.22  21.78  23.44  22.77  21.72  21.74  21.04  21.27  21.35  21.51   


0
21.47  21.22  21.70  25.32  20.94  21.48  20.71  22.06  22.66  24.40  22.19  21.13  20.49  20.67  20.68  22.23   
20.34  20.81  21.17  23.35  21.38  21.81  21.72  21.69  21.61  24.30  24.13  21.98  21.15  21.00  21.59  22.80   
20.82  20.60  21.36  23.72  19.93  21.75  23.14  22.92  22.34  23.51  24.57  22.59  22.22  21.87  21.82  22.68   
20.74  21.03  22.41  23.89  21.62  23.11  24.28  24.40  25.22  23.77  23.58  23.53  21.80  22.53  22.93  22.21   


0
21.81  20.96  21.59  23.21  21.32  21.97  22.20  22.75  23.12  23.67  22.66  21.16  20.52  20.70  21.55  21.62   
19.96  20.97  21.31  23.15  21.30  22.25  23.16  23.44  23.08  24.12  24.16  22.65  21.52  21.15  20.64  21.15   
21.13  20.37  21.86  23.97  20.28  24.18  24.50  25.13  25.91  25.09  24.28  23.58  21.42  21.52  21.57  22.40   
20.32  21.06  22.31  24.39  23.95  25.38  25.92  25.50  25.91  26.25  25.91  24.74  21.96  22.42  21.99  22.23   


0
21.19  20.96  21.59  23.09  22.38  24.48  23.86  25.71  24.64  24.32  23.32  21.97  20.88  20.96  20.99  20.82   
20.78  21.22  21.31  24.28  23.85  26.12  25.34  25.52  25.41  26.11  25.09  22.97  21.75  21.40  20.92  21.46   
21.42  19.73  20.91  24.62  25.94  26.22  26.93  26.89  25.61  27.32  26.11  23.05  21.54  22.88  21.71  21.80   
20.77  22.01  21.92  24.87  26.72  25.49  25.71  25.61  25.91  27.02  25.11  22.59  21.83  21.84  22.15  22.05   


0
20.90  21.68  23.16  25.01  25.61  26.05  26.36  26.48  26.68  26.04  24.86  21.52  21.49  20.84  20.72  22.27   
20.38  21.24  22.15  26.06  25.11  25.23  25.35  25.33  25.92  26.02  24.06  22.45  21.42  21.67  21.90  22.69   
20.29  20.64  21.28  24.75  26.11  25.63  24.51  24.65  25.33  24.58  22.75  21.65  22.14  21.53  21.86  22.26   
20.19  20.80  21.68  21.87  23.69  23.83  23.23  23.23  23.23  22.55  21.97  22.12  21.97  22.14  22.01  21.53   


0
21.04  20.96  20.54  22.12  22.73  24.02  23.53  23.86  22.14  22.14  21.55  21.51  21.12  20.56  21.83  21.62   
20.37  20.71  20.12  20.87  21.41  22.04  22.05  21.92  21.95  22.20  21.62  21.89  21.40  21.03  21.47  21.76   
21.13  20.24  20.79  21.53  20.93  21.67  22.43  22.04  22.16  22.48  21.91  21.75  21.66  21.77  21.57  21.95   
20.47  20.65  20.89  21.86  20.96  22.34  22.00  21.78  22.19  21.96  22.20  21.74  22.22  22.27  21.99  22.23   


0
20.55  20.93  21.04  20.87  20.82  22.40  23.28  22.06  21.33  21.56  21.30  21.02  20.49  20.54  21.81  21.44   
20.48  20.43  19.97  21.19  21.70  21.18  21.42  21.39  21.82  21.66  20.95  21.87  21.49  21.25  21.59  22.19   
20.26  20.34  20.28  21.61  20.58  21.75  22.30  22.22  21.62  22.03  21.78  22.16  22.22  20.99  21.41  22.08   
20.00  20.49  21.12  21.96  20.38  22.09  21.86  21.76  22.62  22.17  22.29  21.60  21.54  21.67  21.49  21.85   


0
21.07  20.41  21.09  21.17  20.04  21.76  23.00  22.11  21.27  21.28  20.68  21.65  20.91  20.33  21.44  21.49   
20.67  20.61  20.26  20.78  21.00  22.07  21.47  21.34  21.03  21.61  21.32  21.92  20.97  21.43  21.64  21.17   
20.59  20.14  20.21  21.33  18.67  22.33  22.25  22.47  21.88  22.30  21.72  21.66  21.80  22.41  21.04  22.28   
20.20  20.54  20.79  21.39  20.57  22.25  21.58  21.58  23.13  22.33  21.87  21.77  21.99  21.87  22.02  22.26   


0
21.51  20.40  20.68  20.79  20.74  21.52  21.54  21.76  21.37  20.93  21.00  21.06  20.29  20.84  21.29  21.32   
20.79  20.60  20.49  21.11  20.99  21.53  21.56  22.04  22.58  22.01  21.74  21.80  21.30  20.92  21.07  20.85   
20.44  20.13  20.80  21.76  20.13  21.79  22.03  22.26  23.51  21.86  21.50  21.32  21.55  21.65  21.03  21.51   
19.44  20.66  21.94  21.99  21.25  22.35  22.01  22.79  24.58  22.55  22.21  21.51  21.97  21.28  22.01  22.07   


0
21.64  21.09  20.79  20.64  20.48  21.37  21.06  21.62  21.57  21.35  21.87  21.15  20.51  20.68  21.26  21.45   
20.49  20.31  20.22  20.97  20.85  21.72  21.53  22.32  23.68  22.19  22.78  22.42  21.51  21.27  20.91  21.13   
20.13  20.10  20.90  20.84  20.27  22.19  21.68  22.84  24.70  23.31  23.66  23.25  22.81  22.13  22.11  22.84   
19.71  20.64  21.53  21.60  21.50  22.22  22.32  25.70  26.45  25.35  24.52  24.25  22.34  22.12  22.14  22.22   


0
21.51  20.69  21.21  20.79  21.57  23.58  23.21  24.53  23.36  22.70  23.77  24.26  20.89  20.45  21.00  21.64   
21.20  20.85  20.73  21.23  21.85  24.22  24.37  24.35  25.22  24.64  24.58  24.36  22.11  21.29  21.76  22.23   
20.86  20.51  21.28  22.88  23.01  23.78  24.62  25.05  24.92  25.30  25.01  25.09  22.72  22.40  22.41  22.42   
20.93  21.07  21.42  24.05  23.56  24.17  24.10  25.73  24.58  24.37  24.20  24.28  22.62  22.57  22.17  22.07   


0
21.21  21.11  21.87  22.74  24.24  25.83  25.40  24.31  24.33  24.01  24.53  23.01  21.01  20.84  21.29  21.48   
20.11  21.62  21.32  22.94  24.07  24.52  26.33  24.05  23.50  23.63  23.75  22.77  21.53  21.92  21.07  21.78   
21.01  20.00  22.59  24.85  22.85  24.40  24.72  24.36  23.20  23.13  23.17  21.87  22.14  21.53  22.14  22.11   
20.19  20.80  21.81  24.88  23.29  23.04  23.66  23.12  22.31  22.44  22.68  22.12  21.71  21.57  22.01  21.89   


0
21.17  21.64  24.53  22.94  22.82  23.32  22.84  24.17  23.54  21.67  21.53  21.25  20.49  20.28  20.40  21.44   
20.48  20.81  22.46  22.90  21.81  22.12  22.33  23.91  23.77  22.18  21.38  21.33  21.73  21.50  21.72  21.43   
20.68  20.47  20.88  22.62  20.09  22.07  22.09  22.72  23.37  21.82  21.46  21.72  21.75  21.62  21.13  21.62   
20.89  21.17  21.38  21.83  21.07  21.86  22.19  21.64  21.58  22.28  21.70  21.84  21.28  22.25  22.13  22.21   


0
21.49  20.66  21.71  21.62  20.84  21.61  20.95  24.51  22.01  21.57  21.20  20.80  20.63  20.95  20.84  21.45   
20.22  20.83  20.70  20.74  21.39  21.40  20.51  21.71  22.35  21.88  21.50  21.01  21.04  21.02  21.18  21.75   
19.84  20.61  20.90  20.95  21.23  21.87  22.11  22.73  21.32  22.26  21.48  21.63  21.88  21.63  21.97  21.48   
20.01  21.18  21.78  21.85  20.53  22.44  22.21  21.99  22.52  22.41  22.18  21.49  21.56  22.40  21.98  22.22   


0
21.04  20.24  21.06  20.90  20.61  21.39  21.19  21.75  21.14  20.81  21.66  21.16  21.00  21.09  21.55  21.14   
19.96  20.84  20.36  20.98  21.94  22.04  21.65  21.21  21.32  22.00  21.51  21.57  21.75  21.40  21.06  22.52   
20.57  20.37  20.79  21.08  20.12  21.99  22.33  22.24  21.75  22.06  22.74  21.96  22.01  22.39  22.40  21.80   
20.47  20.92  21.41  21.49  20.27  22.11  21.55  21.67  22.07  23.11  21.84  21.62  22.09  22.56  22.95  22.23   


0
21.23  21.00  21.24  20.69  20.41  20.72  20.78  21.79  20.73  21.18  21.37  21.08  20.32  20.73  21.03  20.86   
20.13  21.01  20.16  20.67  21.34  22.08  21.38  21.04  21.15  21.73  21.66  21.61  21.44  21.07  20.54  21.95   
20.75  20.54  20.71  21.57  19.67  22.02  21.74  22.08  21.58  21.78  21.53  21.46  22.16  21.68  22.85  21.84   
20.07  20.96  21.19  21.65  21.00  21.69  21.70  22.04  22.68  21.77  21.40  21.90  21.34  22.02  22.51  22.27   


0
21.03  20.80  20.26  21.62  20.48  21.37  20.39  21.17  21.01  21.02  21.43  21.38  20.51  20.29  20.55  21.29   
20.08  20.83  20.70  20.62  22.04  21.40  20.92  21.30  21.10  21.78  22.14  21.88  21.39  21.02  20.35  21.75   
20.98  20.74  21.02  21.29  20.75  21.66  21.90  22.13  21.94  21.83  21.58  21.84  21.53  20.75  21.56  22.54   
20.01  20.64  21.27  21.11  20.67  21.99  21.54  21.99  22.52  22.53  21.47  21.73  21.16  22.26  21.34  20.59   


0
20.42  20.67  20.14  20.53  20.37  21.97  20.74  21.18  21.36  21.14  21.33  21.16  20.40  20.43  20.57  21.62   
19.82  20.33  20.00  20.75  20.97  22.04  21.24  21.62  21.01  21.69  21.30  21.03  21.75  20.78  20.64  21.15   
20.42  19.99  20.67  21.19  19.96  21.67  21.70  21.84  21.33  21.95  21.80  21.64  21.78  21.39  21.15  21.50   
20.62  21.47  21.41  21.49  19.85  22.11  21.10  21.56  21.61  22.31  21.48  21.62  20.91  21.99  21.67  21.69   


0
21.18  20.80  20.39  20.76  20.72  21.37  21.29  21.06  21.01  20.68  20.87  21.73  20.14  20.29  21.12  21.93   
20.22  20.83  20.34  21.20  20.85  21.82  22.04  21.71  20.79  21.57  21.71  21.12  21.74  21.64  21.32  22.51   
19.98  21.12  20.78  20.95  20.27  21.76  21.90  21.93  21.84  22.36  21.90  21.63  22.00  22.00  21.97  22.09   
20.61  21.32  20.75  22.46  20.81  22.33  21.76  21.43  22.40  22.53  22.07  21.49  21.56  22.69  22.62  22.22   


0
21.19  20.10  20.40  20.53  20.37  21.39  20.51  21.41  21.14  20.47  20.88  20.69  20.76  20.30  20.71  20.98   
20.09  19.94  20.48  20.64  21.19  21.21  20.93  21.11  21.01  21.59  21.51  21.79  20.94  20.78  21.20  20.99   
20.57  20.50  20.55  21.42  19.63  22.20  21.70  22.04  21.85  22.16  21.91  21.20  21.54  22.26  21.71  21.95   
19.58  21.19  21.28  22.10  21.10  21.65  21.66  22.45  22.42  22.54  22.08  21.38  21.44  22.27  21.35  22.59   


0
21.04  20.67  20.14  20.53  20.49  21.62  20.96  21.97  21.02  21.25  21.22  21.16  19.91  20.30  20.99  21.30   
20.50  20.33  19.88  21.21  21.30  21.62  21.24  21.41  21.22  21.17  21.30  21.46  20.48  20.90  21.33  21.61   
20.85  20.11  20.79  21.19  20.44  21.88  21.59  22.04  21.33  21.95  22.01  22.07  21.89  20.76  21.99  22.10   
20.32  20.65  21.54  21.37  20.55  21.88  21.33  21.78  21.96  21.96  21.72  21.74  21.31  21.56  22.47  21.87   


0
21.17  20.50  19.85  21.00  20.82  21.71  21.16  21.50  21.11  20.89  21.08  21.25  19.89  20.28  20.40  20.80   
19.65  20.81  20.33  21.19  21.27  21.60  21.52  20.98  21.30  21.15  21.38  21.11  21.38  21.25  21.31  20.97   
21.25  19.70  20.40  20.83  19.93  21.96  21.78  22.52  21.62  21.93  21.67  21.06  21.87  22.11  21.27  21.77   
20.00  21.17  21.25  21.47  21.21  22.20  21.86  21.98  22.05  21.94  21.82  21.84  21.41  21.82  21.65  22.39   


0
21.18  19.80  20.79  20.64  20.36  21.37  20.04  21.17  21.90  20.68  21.09  21.15  20.63  21.08  20.84  20.97   
20.22  20.31  20.58  20.62  21.07  21.61  20.82  21.20  21.41  21.16  21.82  21.34  21.62  21.39  21.05  21.75   
20.70  19.72  20.30  21.63  19.78  21.66  21.68  21.93  21.74  22.36  21.79  22.06  22.11  21.75  21.28  21.94   
20.46  21.05  21.27  21.97  20.81  22.22  21.43  21.32  22.29  21.95  21.95  21.85  22.08  21.83  21.66  21.68   


0
21.18  20.95  20.39  20.76  20.48  20.79  21.06  21.85  21.57  21.13  21.65  21.26  20.51  20.42  20.55  21.45   
19.81  20.44  20.46  20.39  20.85  21.40  21.43  21.20  20.89  21.57  21.39  21.01  20.93  21.14  21.46  21.44   
20.13  20.23  20.66  21.29  19.45  21.66  21.90  22.03  22.36  21.62  21.48  21.52  21.76  21.63  22.11  21.94   
19.71  21.05  21.01  21.11  20.81  21.87  21.98  21.77  21.83  22.53  21.83  21.61  22.21  21.97  21.50  21.68   


0
21.16  20.49  20.63  20.49  20.69  21.12  21.60  21.37  20.99  21.10  21.07  20.89  20.60  20.40  21.09  21.42   
19.92  19.64  20.56  20.60  21.48  21.69  21.30  20.66  20.87  21.96  22.01  21.10  21.48  20.49  20.88  21.88   
20.39  20.71  20.27  20.93  20.08  22.05  21.77  22.31  21.40  21.81  21.35  21.27  21.62  21.85  21.12  21.61   
19.99  20.88  21.24  21.70  20.92  21.62  21.74  21.52  22.15  22.39  21.57  21.83  21.92  21.37  21.96  21.84   


0
20.73  20.39  20.80  20.40  21.09  21.15  21.42  21.86  21.69  21.36  21.33  20.34  20.64  20.30  21.13  22.73   
20.50  20.46  20.00  21.21  21.62  21.73  20.93  21.31  20.80  21.28  21.73  21.24  21.29  21.40  21.06  22.07   
20.85  20.37  21.03  20.96  20.28  21.67  21.91  22.04  22.06  21.95  21.80  21.42  21.78  20.89  21.15  21.50   
19.88  21.19  21.54  21.74  21.10  21.65  21.77  21.78  21.84  21.96  22.79  21.99  21.17  21.99  22.31  22.77   


0
21.03  20.66  20.92  20.27  20.60  21.72  21.18  21.51  20.90  20.80  21.87  21.73  20.63  19.50  21.40  21.45   
20.22  20.96  20.70  20.97  21.50  21.93  21.63  21.09  20.79  21.98  21.18  21.56  21.39  20.89  21.05  20.98   
20.27  20.61  20.90  21.18  19.94  21.45  21.90  22.03  21.42  21.94  21.37  21.52  21.65  21.63  21.42  21.18   
20.31  20.09  21.27  21.60  20.67  22.44  21.65  21.55  21.71  22.07  22.07  21.73  21.69  21.54  21.66  22.40   


0
21.65  20.24  21.06  20.28  20.73  21.50  21.30  21.52  21.25  20.81  20.88  21.16  20.16  20.83  20.99  20.98   
20.09  21.10  20.72  21.21  21.19  21.83  21.34  21.41  21.11  22.10  21.41  21.57  21.40  21.28  21.47  22.22   
20.85  20.50  20.79  20.96  18.48  21.35  22.01  22.04  21.75  22.16  22.12  21.75  21.66  21.89  21.85  21.95   
19.58  21.06  22.18  21.25  20.96  21.77  21.22  21.45  21.96  22.42  21.72  22.11  22.09  22.56  22.15  23.48   


0
21.36  20.11  20.81  20.54  20.74  21.28  21.32  22.10  21.37  20.93  21.12  21.41  20.65  20.58  21.85  22.11   
20.24  21.36  20.49  21.23  21.53  21.53  21.56  21.63  21.23  21.91  21.20  21.69  20.84  21.67  20.79  21.93   
20.86  20.13  20.68  20.98  20.45  21.68  21.60  22.56  21.55  22.60  21.71  21.87  21.79  22.65  22.14  22.26   
20.49  20.66  21.42  21.26  20.97  21.67  22.23  21.68  22.54  22.89  21.97  22.36  21.97  21.57  22.01  21.71   


0
20.73  20.24  19.74  20.40  20.97  21.15  20.62  21.75  21.14  20.92  21.33  20.93  20.88  20.17  20.99  21.46   
20.23  20.58  20.12  20.98  21.62  21.31  21.65  21.31  21.74  21.69  21.62  21.57  22.10  21.40  20.64  21.15   
20.57  20.88  20.43  21.08  19.79  22.09  21.70  22.24  21.65  21.85  21.91  21.64  21.31  22.39  21.85  21.65   
19.88  20.65  21.67  21.74  20.96  22.00  21.77  21.89  21.61  22.42  21.96  21.50  21.70  22.27  21.51  21.69   


0
20.27  20.67  20.67  20.77  21.09  21.15  20.74  21.97  21.25  21.25  21.33  21.51  20.40  20.04  21.27  21.14   
19.82  20.71  20.36  21.21  21.19  21.83  21.03  21.31  21.32  22.00  21.19  21.13  21.29  21.65  21.06  21.30   
20.00  20.37  21.03  21.42  20.60  21.78  21.91  21.94  21.96  22.27  21.38  21.96  21.78  21.77  21.29  22.10   
19.88  21.06  21.80  21.61  20.96  21.88  21.77  20.89  21.26  21.96  21.84  21.74  22.09  21.27  21.83  22.23   


0
20.41  20.23  20.79  20.52  20.24  21.95  21.06  21.85  21.12  20.80  20.75  21.50  21.23  20.68  21.96  21.61   
20.49  20.44  20.70  20.85  21.29  20.98  21.43  21.50  21.52  22.49  21.71  21.45  21.74  20.64  21.46  22.36   
20.41  20.74  20.66  20.95  19.78  21.97  22.00  22.03  21.63  22.47  22.10  21.73  22.58  22.38  21.83  21.33   
19.86  20.77  21.14  21.60  21.36  21.64  21.09  21.99  22.63  21.72  21.71  22.22  21.69  22.40  21.98  22.58   


0
21.05  20.97  20.42  21.03  20.86  21.63  20.98  21.42  21.48  21.27  21.00  20.71  21.25  20.45  20.72  21.00   
19.56  21.24  20.13  20.88  21.31  21.64  21.25  21.63  21.13  22.01  20.99  21.47  21.07  20.79  21.62  21.62   
19.87  20.26  20.08  21.09  19.81  21.68  21.60  21.85  21.87  22.07  21.92  21.65  21.79  22.40  21.31  21.96   
21.08  20.66  21.68  21.50  20.84  21.21  21.23  21.68  21.85  22.32  21.50  22.24  21.45  21.57  21.85  21.71   


0
20.87  20.52  21.05  20.76  20.95  20.91  21.29  21.85  21.35  21.57  20.87  21.26  20.14  20.81  21.12  21.29   
19.67  20.44  19.98  21.20  21.07  22.13  21.33  21.09  21.62  21.37  21.82  21.67  21.16  20.89  21.46  22.66   
20.13  20.48  20.30  20.95  19.45  22.29  22.00  21.82  21.94  22.26  21.58  21.63  21.53  22.50  21.83  21.18   
19.86  20.64  21.01  21.72  20.81  21.99  22.10  21.32  22.17  22.53  21.47  21.49  21.42  21.54  21.66  22.04   


0
20.87  20.80  20.66  20.89  21.07  21.72  20.27  21.62  21.57  20.91  20.98  21.73  20.75  20.42  20.70  21.29   
20.63  20.83  19.86  20.74  20.96  21.72  21.22  21.09  21.52  21.78  20.96  21.23  21.39  20.89  20.91  20.98   
20.98  20.10  21.14  20.95  20.10  21.87  21.79  21.72  21.84  22.58  21.90  21.41  21.88  21.75  22.11  22.09   
20.61  20.77  21.14  22.33  20.67  21.87  21.20  22.10  22.17  22.07  21.83  21.73  21.56  21.69  21.82  21.68   


0
21.65  20.82  20.67  22.61  22.96  21.62  20.74  24.19  23.78  22.47  21.66  21.85  21.36  21.22  21.27  21.62   
20.64  20.71  20.24  21.21  22.48  21.83  22.05  22.33  22.57  22.81  21.51  21.57  21.64  21.65  21.61  22.07   
20.71  20.11  20.67  21.42  20.12  22.09  22.01  22.34  21.85  22.59  21.80  21.86  21.42  21.89  20.88  21.50   
20.62  20.65  21.80  21.98  20.82  21.77  21.44  22.11  22.19  23.00  21.96  21.74  21.83  21.84  21.35  22.05   


0
21.67  21.40  21.08  21.89  23.90  26.17  25.83  25.73  26.05  26.04  24.86  22.67  20.65  20.45  21.29  22.43   
20.93  20.73  20.49  22.83  24.49  26.34  25.65  24.74  25.12  25.63  24.79  21.58  20.95  21.42  21.21  22.08   
20.86  20.38  21.40  22.44  23.01  24.60  24.72  24.75  23.92  24.79  23.89  22.52  22.02  21.78  22.14  22.26   
20.64  21.34  21.42  21.99  22.75  22.13  21.79  23.01  22.77  23.69  22.56  22.00  21.71  22.71  22.17  22.07   


0
22.29  21.41  20.83  21.17  21.35  22.34  23.33  24.54  24.45  24.56  25.41  26.17  23.52  20.46  21.30  21.65   
20.26  20.87  19.78  21.70  22.29  23.92  25.46  25.74  25.14  25.44  25.22  25.84  24.05  21.43  21.22  21.79   
20.59  20.65  20.94  22.11  23.80  26.35  26.75  26.52  26.53  25.42  26.03  24.57  22.62  21.92  21.87  21.98   
20.50  20.95  21.82  21.64  22.76  25.07  25.84  25.74  26.05  25.83  26.28  24.29  22.51  22.30  21.54  22.80   


0
21.81  20.67  20.93  20.77  20.61  21.85  21.19  21.97  21.47  21.92  21.89  22.54  21.00  21.09  21.41  21.78   
20.64  20.46  20.24  21.33  21.51  21.94  21.75  22.73  23.39  24.02  23.74  23.93  23.58  21.53  21.20  22.07   
20.99  20.62  21.15  21.08  20.60  23.14  23.88  25.62  24.71  25.50  26.31  25.91  25.23  21.89  21.71  21.80   
19.88  21.06  21.54  21.86  24.22  24.49  26.35  26.46  25.47  25.36  25.68  25.80  25.30  22.42  21.67  22.05   


0
21.83  20.41  21.75  20.68  20.76  21.88  21.22  21.89  21.72  21.61  21.58  21.19  21.27  20.98  21.58  21.65   
20.53  21.12  20.38  21.47  21.22  21.75  20.96  21.64  22.80  22.94  21.97  21.59  21.78  21.18  21.64  21.94   
21.16  20.52  21.17  21.55  20.14  22.33  22.35  22.87  23.01  24.08  22.14  21.88  22.03  22.04  21.87  22.13   
19.90  20.81  21.95  21.64  20.85  22.48  21.80  23.02  23.58  24.94  24.44  24.05  23.02  22.30  22.50  23.33   


0
21.21  21.26  21.47  21.28  21.22  23.81  21.88  23.10  23.57  21.27  21.68  22.10  20.29  20.97  22.13  22.43   
21.06  20.73  21.44  20.76  20.66  22.06  21.25  21.53  21.65  21.80  21.85  21.91  21.76  22.04  22.72  22.84   
21.01  20.38  20.80  21.65  20.29  21.68  22.24  22.36  22.07  22.18  21.50  21.98  21.55  22.15  22.41  23.02   
20.04  21.21  22.19  22.24  20.84  22.13  22.23  22.57  22.20  23.12  22.56  22.24  21.84  22.71  22.49  23.50   


0
21.50  21.10  20.80  21.63  22.26  26.48  22.64  22.31  24.64  21.48  21.44  21.28  20.04  21.09  20.99  20.82   
19.96  21.35  20.12  21.10  21.30  23.08  21.65  21.52  21.43  22.20  21.62  22.00  21.64  21.53  20.36  22.07   
20.57  20.62  21.39  20.96  20.60  22.20  22.33  22.24  22.16  21.95  21.70  22.18  21.54  21.64  22.40  21.50   
20.17  21.06  22.05  21.98  21.24  22.00  22.22  21.89  22.42  22.19  22.20  22.35  21.83  21.99  21.99  21.51   


0
21.83  21.41  22.79  23.83  23.10  24.28  23.00  23.33  24.02  24.77  21.80  21.42  21.03  20.72  21.16  21.65   
20.53  21.38  21.34  21.81  23.14  22.90  22.48  21.74  22.28  24.25  22.18  22.57  21.89  21.80  21.77  21.94   
21.02  20.52  21.29  21.22  20.31  22.43  22.14  22.27  22.08  22.19  21.62  22.10  22.15  22.16  21.32  22.58   
21.09  21.09  22.34  21.76  21.12  22.02  21.91  22.36  22.67  21.99  22.58  22.13  21.59  23.15  21.54  22.44   


0
21.68  21.41  23.43  24.31  23.56  24.95  23.55  24.32  23.15  21.72  23.13  21.42  21.03  20.72  21.58  21.97   
20.39  21.50  20.98  22.16  23.35  23.92  23.59  22.35  21.76  24.75  23.55  21.81  21.78  21.18  21.64  21.48   
20.73  20.40  21.05  21.55  20.31  23.27  23.50  22.77  22.19  22.30  22.35  21.77  22.15  21.67  22.01  22.43   
20.80  21.49  21.82  21.88  21.26  22.25  22.13  22.03  22.44  22.56  22.34  22.26  21.99  22.16  22.02  22.08   


0
21.36  20.69  20.81  21.28  21.45  21.40  21.32  23.43  23.03  23.03  22.79  21.75  20.41  21.23  21.85  21.64   
20.52  20.85  22.62  23.39  22.28  22.68  22.57  22.54  22.89  23.83  23.85  22.55  21.07  21.92  21.35  22.08   
21.29  21.27  23.87  24.09  21.58  23.88  24.62  23.76  22.79  23.65  25.92  22.63  22.37  22.15  21.44  23.16   
19.89  21.48  24.73  25.00  22.75  25.50  26.15  24.76  24.70  23.69  24.43  22.48  22.23  22.14  22.33  22.96   


0
21.04  21.10  20.80  20.90  20.85  21.97  20.74  23.53  22.14  21.25  21.66  21.85  21.72  21.09  21.27  21.62   
19.96  20.84  20.83  21.21  21.62  21.73  22.05  22.53  23.69  22.40  21.62  21.89  21.52  20.90  21.89  22.07   
21.56  20.62  21.03  21.98  20.60  22.83  22.43  23.25  24.71  23.43  23.16  21.96  22.24  21.52  21.57  22.55   
20.62  21.60  23.33  24.87  22.06  22.80  22.55  22.45  23.90  24.92  25.46  23.19  22.09  21.99  22.47  22.05   


0
21.37  20.56  20.83  21.41  20.87  21.76  21.10  21.44  21.27  20.83  21.58  21.53  20.79  20.72  21.58  21.65   
20.12  20.61  20.86  21.01  21.54  22.07  21.37  22.05  21.76  22.12  21.86  21.49  22.01  20.93  20.53  21.94   
20.45  20.14  20.82  21.44  20.47  22.22  22.56  22.77  22.60  22.72  22.35  22.32  21.92  21.79  21.73  21.82   
20.35  21.09  21.95  22.01  21.54  22.71  24.22  23.57  24.03  23.48  22.93  22.26  22.25  22.16  22.98  22.62   


0
21.81  20.53  21.20  21.14  20.73  20.92  20.62  21.97  21.14  20.25  20.88  21.16  20.52  20.43  21.13  21.30   
20.78  20.84  20.48  20.87  21.30  21.73  21.75  21.41  22.05  21.89  21.73  22.00  20.82  21.65  21.06  21.61   
20.57  21.01  20.79  20.85  19.96  22.30  22.22  22.24  22.27  21.95  22.22  21.20  21.54  21.64  21.57  21.80   
20.62  21.33  21.80  21.49  21.24  22.00  23.98  22.23  22.30  22.31  22.31  21.50  21.96  22.27  21.03  21.51   


0
20.75  20.11  20.68  20.42  21.10  21.86  21.20  21.76  21.48  21.16  21.45  21.06  21.01  20.97  21.29  21.64   
20.52  21.49  20.25  20.76  21.85  22.26  21.35  21.32  21.44  22.11  21.42  21.80  21.76  21.67  22.04  22.08   
21.01  20.13  20.32  21.43  19.97  22.10  22.34  22.46  21.76  22.18  22.03  21.10  22.26  21.90  21.31  21.96   
20.78  21.07  21.68  21.50  21.11  22.13  22.67  22.46  22.77  22.55  22.68  21.64  21.84  22.57  22.01  22.43   


0
21.19  20.24  21.06  21.14  21.67  21.73  21.75  22.08  21.36  21.48  21.77  21.16  20.76  21.22  21.27  22.26   
20.78  20.71  20.12  21.21  21.30  21.94  21.65  21.31  21.01  21.89  21.51  21.79  21.75  21.53  21.33  22.37   
21.56  20.11  21.03  20.74  20.44  21.67  22.12  22.34  22.06  22.48  21.70  21.86  21.89  22.26  21.99  22.10   
20.32  21.06  21.54  21.37  20.96  21.65  22.22  22.34  21.84  22.31  22.55  22.23  22.09  21.41  22.31  21.69   


0
21.65  20.53  20.67  20.65  20.97  21.85  20.85  22.31  22.25  21.48  20.88  20.93  20.64  20.56  21.83  21.62   
20.09  21.10  20.83  21.67  20.97  22.15  21.54  21.62  21.53  22.40  21.62  21.68  20.94  21.65  20.92  21.61   
20.85  20.75  21.27  21.08  20.12  21.67  21.70  22.24  21.54  21.63  21.70  21.53  22.36  21.77  22.26  22.25   
20.32  21.19  21.28  21.49  21.24  22.23  21.55  21.33  22.53  22.77  21.96  21.38  21.70  21.99  22.47  21.69   


0
21.67  21.11  21.47  21.16  21.33  21.28  21.65  22.10  21.15  21.38  21.34  21.29  20.77  20.71  21.43  21.32   
20.52  20.34  20.25  21.46  21.31  21.85  20.84  21.43  21.65  21.91  21.95  21.47  21.42  21.17  21.49  21.93   
20.29  20.51  20.44  20.98  20.13  21.89  22.44  22.05  21.55  21.97  21.61  21.43  21.91  21.78  22.27  21.36   
20.19  21.34  21.55  21.14  21.52  22.35  21.34  22.02  21.97  21.75  22.09  22.00  21.84  22.14  21.52  21.53   


0
21.22  20.98  20.69  21.41  20.99  21.41  20.88  21.10  21.50  21.06  21.13  21.30  21.03  19.80  21.02  22.13   
19.98  20.74  20.38  21.58  21.54  22.07  21.57  21.74  21.66  22.23  21.64  21.38  21.08  20.68  20.94  21.48   
21.02  20.14  20.94  21.44  20.31  21.91  22.14  22.07  21.77  21.23  21.83  21.23  21.92  21.92  22.01  22.13   
20.35  20.81  21.44  21.88  20.15  21.79  22.13  21.70  22.33  22.45  22.10  22.13  21.33  21.44  21.21  21.90   


0
21.19  20.39  21.06  20.90  20.97  21.39  21.30  21.97  21.69  21.14  21.10  21.39  20.40  21.22  21.55  22.26   
20.23  20.84  20.60  21.44  21.73  22.35  21.34  21.31  21.53  22.00  21.73  21.68  21.40  20.90  21.47  21.92   
20.42  20.24  20.67  21.19  19.96  21.67  22.33  21.94  21.75  21.74  21.91  21.96  22.13  22.01  21.71  23.30   
21.22  20.51  21.92  21.61  20.55  21.65  21.66  22.23  22.19  22.88  22.08  21.99  22.09  22.13  22.79  22.77   


0
20.59  19.53  20.68  21.40  21.10  21.40  21.20  22.10  21.26  21.27  21.34  21.29  20.89  19.66  21.15  21.64   
20.24  20.73  20.25  21.69  21.31  21.95  20.94  20.91  21.54  21.60  21.74  21.36  21.30  20.66  20.65  21.93   
20.44  20.38  20.80  21.43  20.62  21.36  21.71  21.85  22.38  22.49  21.29  21.54  22.02  22.15  21.44  22.26   
20.78  20.94  21.68  21.87  21.80  22.13  21.68  21.79  22.31  22.32  21.74  21.51  21.58  22.14  22.01  21.89   


0
20.90  20.97  20.68  20.66  20.74  21.75  20.41  21.42  21.82  21.38  21.23  21.17  20.53  20.71  20.72  21.32   
20.11  20.85  20.37  21.57  21.31  22.37  21.35  21.32  21.13  21.70  21.53  21.80  21.19  20.66  21.49  22.23   
20.29  20.76  20.92  20.86  20.13  21.89  22.03  22.36  21.87  22.39  21.50  21.32  22.02  22.03  22.41  21.96   
20.64  20.94  21.81  21.50  20.97  22.13  22.34  22.24  21.85  21.98  21.85  21.64  21.97  21.43  22.17  22.43   


0
21.05  20.40  20.68  21.03  21.10  21.63  20.75  22.21  21.15  21.04  21.12  21.41  21.25  20.45  21.57  21.95   
19.97  21.11  20.85  21.11  21.42  21.43  21.35  21.73  21.44  21.60  21.63  21.36  21.76  21.17  20.51  21.78   
21.15  19.87  21.04  21.20  19.81  21.89  22.03  21.65  21.66  22.28  22.13  21.98  22.14  21.90  21.86  21.51   
20.49  20.80  21.55  21.75  20.97  22.35  22.01  22.02  22.20  22.32  21.50  21.64  21.45  22.00  22.01  22.61   


0
21.53  20.27  20.83  21.17  20.64  22.68  21.10  22.00  21.50  21.17  21.02  21.19  20.91  20.46  21.44  21.81   
20.12  21.12  20.86  21.58  20.68  21.75  21.47  21.23  21.45  21.92  21.11  21.70  21.89  21.18  20.94  22.40   
20.88  21.16  21.41  21.22  20.14  22.33  21.72  22.07  21.67  22.30  22.66  21.44  21.68  22.41  22.42  21.98   
20.35  21.22  21.69  22.25  21.26  22.48  21.91  21.81  21.63  22.45  22.22  21.89  22.38  23.01  22.18  22.26   


0
21.54  20.86  20.97  21.06  21.01  21.89  21.23  22.01  21.40  21.07  20.92  21.20  21.04  20.21  20.61  21.98   
21.09  20.75  20.75  20.91  21.44  22.39  21.68  21.25  21.78  21.73  21.66  21.61  20.98  21.57  20.82  21.80   
20.04  20.79  20.71  21.90  19.51  22.02  21.95  22.18  21.99  21.78  21.74  22.00  21.58  21.93  21.61  21.99   
20.36  20.96  21.96  21.41  21.14  21.81  21.92  22.04  22.45  21.89  21.88  22.03  21.87  22.02  21.87  21.73   


0
20.44  21.11  21.34  21.16  21.10  22.09  21.09  22.10  21.26  21.38  21.00  21.06  20.29  20.71  21.15  21.00   
19.69  20.98  20.73  20.76  21.31  21.64  20.84  20.91  21.13  21.80  21.74  21.80  21.76  21.54  21.62  22.08   
20.72  20.64  21.16  21.54  19.32  22.00  21.71  21.85  22.48  21.97  21.40  21.54  22.02  22.03  22.00  22.11   
20.93  21.07  21.42  22.36  20.97  21.67  22.12  21.91  22.77  22.21  21.85  22.24  21.97  21.57  21.36  22.96   


0
21.50  20.67  20.54  21.02  20.97  21.62  21.30  21.75  21.58  20.92  20.99  21.85  20.64  20.43  21.13  21.94   
20.64  20.46  20.60  21.21  21.41  21.83  21.14  21.11  21.53  21.79  21.51  21.57  21.40  21.28  20.64  21.92   
20.71  20.50  20.55  20.85  20.28  21.88  22.33  22.14  21.54  22.16  22.43  21.53  21.78  21.39  21.43  21.65   
19.58  20.92  21.15  21.98  21.10  21.31  21.77  22.11  22.30  22.88  21.72  22.11  21.70  21.99  21.83  22.59   


0
21.04  20.82  21.20  20.90  20.73  21.85  21.30  21.52  21.36  21.48  21.44  20.81  21.48  20.56  20.85  21.62   
20.09  21.22  20.36  21.33  21.19  21.52  20.93  21.21  21.22  21.79  21.94  21.46  21.29  21.40  21.33  21.92   
20.57  20.75  20.91  21.53  20.12  22.20  22.33  22.65  22.16  22.59  21.59  21.86  22.13  22.01  21.85  22.40   
20.47  20.79  21.41  21.49  20.41  21.65  22.11  22.11  22.42  22.54  22.20  22.71  21.70  22.27  21.67  22.05   


0
21.05  20.97  20.81  21.28  20.74  21.52  20.75  22.10  21.26  21.82  21.23  20.71  20.41  20.58  21.57  21.79   
20.66  20.85  20.01  21.34  21.74  21.43  21.35  21.32  20.92  21.70  21.20  21.69  21.65  21.17  21.21  22.39   
20.58  20.38  20.92  21.43  19.81  22.10  21.92  22.05  21.76  21.97  21.92  21.76  21.08  21.78  21.72  22.26   
20.19  21.07  21.55  21.87  20.56  22.13  22.45  22.24  22.43  22.89  22.21  22.24  21.97  21.86  22.01  22.07   


0
21.35  20.82  20.67  20.40  21.09  21.39  20.62  21.52  21.14  21.25  21.44  20.93  20.64  20.17  21.83  21.78   
20.37  20.84  20.24  21.44  21.30  21.73  21.44  21.41  21.63  21.79  21.30  21.89  21.52  20.90  20.78  21.61   
20.71  20.50  20.79  21.53  19.63  22.30  21.80  21.74  21.54  21.95  21.49  21.86  21.89  22.26  21.43  21.34   
20.77  20.65  20.76  21.12  20.96  22.11  21.77  21.11  21.84  22.77  22.31  21.74  21.70  22.27  21.51  21.33   


0
21.35  19.95  20.54  21.51  21.32  21.15  21.19  21.97  21.47  21.14  21.33  21.51  20.52  20.17  21.41  21.46   
20.64  20.46  20.83  21.10  21.51  22.04  21.14  21.31  21.43  21.59  21.62  21.46  21.40  21.28  20.64  21.92   
20.57  20.37  20.55  21.42  19.79  21.99  21.91  22.55  22.16  21.95  21.91  21.53  21.54  22.14  21.99  22.55   
20.17  20.65  21.41  22.35  21.37  21.65  20.65  22.11  22.19  22.65  21.96  22.11  21.17  21.84  21.67  21.33   


0
21.64  20.80  21.18  21.25  20.95  21.84  21.18  21.62  21.79  21.24  20.98  21.38  21.11  20.29  21.68  21.77   
20.36  20.31  20.22  21.66  21.93  21.72  21.53  21.50  21.41  21.78  21.93  21.12  21.16  21.39  21.60  21.60   
20.98  20.36  20.54  20.73  20.91  21.87  21.90  22.23  21.53  22.26  21.58  21.73  21.76  21.88  22.52  21.18   
20.16  21.32  21.27  21.85  20.95  21.87  21.76  21.43  22.52  22.64  21.83  21.85  21.69  21.83  22.14  21.68   


0
22.14  20.84  21.22  21.54  21.35  21.99  20.65  22.11  21.61  21.17  21.35  21.19  20.18  20.98  22.28  22.60   
20.80  20.74  20.26  20.89  22.07  21.65  21.87  22.15  21.35  22.02  22.07  21.70  21.55  21.55  21.91  22.25   
21.02  20.78  21.53  21.22  20.47  21.80  22.14  22.37  22.29  22.19  21.62  22.21  22.50  21.54  22.70  22.88   
21.39  21.49  21.95  22.01  21.54  22.25  22.36  22.47  21.98  22.56  22.58  21.89  22.77  22.30  22.50  22.62   


0
21.51  21.40  21.73  21.52  20.98  21.75  20.86  21.76  21.04  21.27  21.68  21.06  21.01  20.97  21.15  22.27   
20.24  21.11  20.97  21.34  21.31  21.64  21.35  21.73  21.33  22.31  21.53  21.47  21.30  21.42  21.07  22.54   
20.86  19.74  21.28  21.20  20.45  22.00  21.92  21.95  22.38  22.28  21.29  21.87  21.55  22.28  22.27  22.72   
20.64  21.61  21.68  22.12  21.52  22.35  22.34  22.35  22.20  22.09  21.74  22.12  22.10  22.29  22.65  22.61   


0
21.85  20.57  21.76  21.06  21.24  21.89  21.12  21.45  21.17  21.18  21.59  20.97  21.04  21.00  21.73  21.66   
20.41  21.39  20.52  20.91  21.55  21.66  21.28  21.66  21.46  22.75  21.87  22.26  21.67  21.19  21.37  21.65   
21.17  20.92  20.47  21.90  20.48  22.13  22.16  22.28  22.20  22.20  22.16  21.35  21.58  22.43  22.57  21.84   
20.66  21.10  21.96  22.02  21.14  22.38  21.92  21.71  22.11  22.35  22.71  21.90  22.78  22.45  22.35  22.81   


0
21.35  21.10  21.33  21.63  20.37  21.73  21.30  21.63  21.58  21.03  21.55  21.51  21.12  20.04  20.99  21.78   
20.78  20.07  20.72  21.44  20.97  21.83  21.44  21.11  21.01  22.20  21.83  21.57  22.21  21.28  21.20  21.61   
20.14  20.24  20.67  21.08  20.12  22.09  21.91  21.74  21.85  22.69  21.80  22.07  21.42  22.51  21.71  23.15   
20.47  20.92  21.54  21.74  21.24  22.00  22.22  21.78  22.19  22.42  22.08  21.87  22.09  22.13  21.83  22.95   
