Person walking out of the room and then back in

0

21.05  20.37  21.03  21.10  21.03  21.91  21.46  22.24  21.85  21.41  21.82  21.80  21.67  22.23  22.10  22.12   

20.34  20.67  20.78  20.69  21.01  22.07  21.86  21.53  21.45  22.32  21.76  21.61  22.27  21.61  22.28  22.08   

20.69  20.33  21.21  21.46  20.14  22.54  22.46  22.36  22.19  22.30  22.35  21.79  21.96  22.22  22.25  22.56   

20.32  21.03  21.24  21.94  21.90  23.53  22.15  22.27  22.24  22.82  22.74  22.31  22.32  22.70  22.51  22.66   





0

21.20  21.09  21.56  22.92  24.52  22.14  21.24  22.58  21.96  22.29  22.15  22.49  22.03  22.74  22.80  21.96   

20.75  20.42  20.90  24.33  24.19  22.07  22.07  22.04  21.87  22.73  22.08  22.15  21.81  21.86  22.42  22.84   

20.84  20.58  21.45  24.56  24.74  22.12  22.25  23.06  23.42  23.15  22.56  21.79  22.19  21.98  22.25  22.26   

20.47  21.44  22.27  25.65  24.20  22.85  23.48  24.03  24.40  23.85  22.85  22.55  22.45  22.98  22.19  22.30   





0

21.19  20.65  21.41  22.67  24.39  22.70  22.12  23.23  23.04  22.83  21.92  22.24  21.54  22.08  22.65  21.79   

20.19  21.04  20.64  22.97  24.60  24.01  23.86  23.44  23.91  24.43  23.02  22.99  22.60  22.10  22.41  22.07   

20.82  20.44  21.20  22.57  24.57  25.32  25.73  25.33  25.32  25.41  24.30  23.72  23.11  22.21  22.51  22.55   

20.46  21.43  22.13  22.77  24.59  26.85  26.27  25.42  26.62  26.51  25.74  25.27  23.22  22.54  22.49  22.65   





0

20.60  20.24  20.91  21.35  23.03  26.66  26.62  26.74  25.13  24.69  25.55  26.43  25.77  22.62  22.81  21.97   

19.94  20.56  20.55  21.16  22.31  24.85  26.54  26.13  24.44  25.05  25.55  24.92  23.76  22.37  22.43  23.00   

20.56  20.47  21.11  21.59  20.16  23.29  24.33  25.94  24.14  23.58  23.71  22.78  22.44  22.49  22.13  22.27   

20.48  20.50  21.39  22.07  21.37  22.18  22.39  22.73  22.60  22.84  22.28  22.32  22.60  22.85  22.52  23.03   





0

21.03  20.50  20.89  20.84  21.13  21.78  21.45  22.01  22.28  22.72  21.58  21.90  21.77  22.34  22.51  22.26   

20.47  20.79  20.53  20.91  20.99  21.74  22.05  21.83  21.75  22.51  21.64  22.03  21.91  22.10  22.00  22.37   

20.68  20.57  21.20  21.34  19.64  22.21  22.03  22.25  22.17  22.18  22.03  21.77  22.41  22.09  21.96  22.40   

19.86  21.16  21.36  22.04  20.93  22.27  22.25  22.04  22.23  22.24  22.37  21.93  22.31  22.40  22.49  22.65   





0

20.71  20.63  20.74  20.82  20.77  22.23  21.66  22.11  22.15  21.60  21.79  22.00  21.88  21.68  22.08  22.09   

20.32  20.52  20.39  21.47  21.20  22.04  21.84  21.71  21.53  22.30  21.63  22.23  22.01  22.21  22.26  22.21   

20.38  20.30  21.07  21.44  19.96  22.10  22.54  22.64  22.06  22.38  22.33  21.65  22.52  22.07  21.67  22.39   

20.44  21.28  21.09  21.79  20.78  22.03  22.24  21.80  22.33  22.57  22.36  22.04  22.17  22.39  22.48  22.64   





0

20.57  20.50  20.76  21.08  21.13  21.89  21.56  22.23  21.83  21.95  21.81  21.67  21.54  21.95  22.51  21.63   

19.64  20.66  20.41  21.14  21.32  22.47  21.55  21.52  21.65  21.90  22.49  21.81  22.14  22.22  22.13  21.91   

20.68  20.57  20.72  21.22  20.29  22.21  22.24  22.35  22.28  21.97  22.44  21.66  21.94  21.96  21.96  22.55   

20.46  20.75  21.88  21.80  20.93  22.04  21.92  22.15  22.46  22.35  22.25  22.29  22.18  22.40  22.17  22.65   





0

20.91  20.39  21.31  20.99  21.16  22.38  21.25  22.26  22.08  21.42  22.05  22.04  22.04  21.85  22.53  21.66   

19.81  20.43  20.31  21.05  21.24  22.29  21.88  21.55  21.57  21.93  21.77  21.83  21.93  21.75  22.43  22.24   

20.99  20.34  20.75  21.14  19.83  22.34  21.95  22.17  21.99  22.21  22.78  21.69  22.20  22.36  22.54  22.87   

20.48  21.05  21.26  22.19  21.09  21.84  21.61  21.95  22.26  22.49  22.40  21.83  22.21  22.14  22.36  22.85   





0

21.03  20.93  21.02  21.33  21.25  22.36  21.79  22.56  21.72  21.73  21.70  21.90  21.54  22.08  22.51  21.95   

20.33  20.91  20.05  20.68  20.99  21.85  22.16  21.83  21.65  22.31  22.49  21.92  22.02  22.10  22.27  22.67   

20.82  20.44  21.32  21.45  20.13  22.11  22.13  22.25  22.28  22.29  22.03  22.21  22.41  22.46  21.82  21.64   

20.46  21.16  21.62  21.92  21.20  22.27  22.25  22.15  22.80  22.70  22.96  22.42  22.57  22.26  22.81  22.47   





0

21.51  20.95  20.64  21.46  21.15  22.48  21.57  22.35  21.96  21.85  21.82  22.37  21.55  22.23  23.07  22.75   

20.21  20.67  20.54  21.27  21.65  22.27  21.86  21.84  21.87  22.63  22.50  22.15  22.27  22.85  22.69  22.54   

20.55  20.33  21.10  21.57  19.98  22.23  22.46  22.46  22.50  22.62  22.67  22.00  22.66  23.09  22.39  22.71   

20.32  20.62  21.76  22.30  20.80  22.28  22.15  22.16  22.93  22.82  22.50  22.43  22.19  22.84  22.98  23.55   





0

21.20  20.80  21.56  20.97  21.15  22.14  21.80  22.35  22.18  21.74  21.37  22.03  21.91  22.48  22.94  22.12   

20.75  21.06  20.54  21.27  21.22  22.27  21.86  21.74  21.97  22.32  22.29  22.15  21.92  22.36  22.42  22.69   

21.12  20.20  21.45  21.12  20.14  22.65  22.25  22.66  22.50  22.20  22.35  21.79  22.19  22.72  21.84  22.26   

20.77  20.76  21.63  22.42  21.63  22.17  22.26  22.38  22.70  22.48  22.62  22.06  22.19  22.27  22.35  23.37   





0

21.66  20.66  20.90  21.46  21.15  22.25  21.80  22.58  22.29  21.74  21.82  22.26  21.91  22.61  22.38  22.59   

20.48  20.29  20.66  21.04  21.22  22.38  22.17  21.84  21.87  22.53  22.29  22.15  22.04  22.23  22.42  22.84   

20.84  20.84  20.86  21.24  20.14  22.23  22.46  22.66  22.19  21.99  22.56  22.00  22.42  22.47  22.39  22.41   

20.92  20.76  21.89  22.42  21.36  22.40  22.04  22.27  22.70  22.82  22.15  22.19  22.32  22.70  22.67  22.84   





0

22.13  20.96  21.70  21.23  21.28  22.27  21.59  22.59  22.19  21.53  22.50  22.04  21.80  22.24  22.53  22.13   

20.49  20.81  21.27  21.39  21.02  22.39  22.08  22.26  21.67  22.34  21.88  22.16  22.28  21.75  22.57  22.70   

20.85  20.72  20.63  21.36  19.83  22.45  22.37  22.68  22.51  22.53  22.26  21.80  22.32  22.49  22.26  22.42   

20.93  20.77  21.90  21.83  21.09  22.41  22.28  22.39  22.72  22.72  22.51  22.44  22.08  22.71  22.04  22.14   





0

21.34  20.65  21.15  21.45  21.49  22.24  21.90  22.45  22.16  21.73  21.92  22.24  21.77  22.60  22.65  22.26   

20.47  20.91  20.64  21.71  21.32  22.37  21.55  21.93  21.44  22.41  22.28  22.46  22.02  21.97  22.41  22.67   

21.11  20.31  21.32  21.34  19.97  22.21  22.45  22.95  22.07  22.29  22.03  22.21  22.41  22.09  22.65  22.55   

20.61  20.88  21.23  22.41  21.07  22.38  22.47  22.48  22.12  22.47  22.49  22.54  22.18  22.40  22.81  22.47   





0

21.96  21.23  21.03  21.22  21.50  22.37  21.57  22.47  21.96  21.74  22.04  22.37  21.67  21.58  22.66  22.75   

19.93  20.93  20.66  21.50  21.55  22.27  22.07  21.64  21.66  22.53  22.08  22.36  22.61  21.99  22.69  21.93   

20.69  20.20  20.98  21.57  20.63  22.54  22.25  22.36  22.19  22.51  22.35  21.90  22.31  22.10  21.84  22.26   

21.21  21.17  21.89  22.18  21.22  22.17  22.15  22.27  23.05  22.60  22.27  22.31  22.32  23.12  22.35  22.66   





0

21.35  20.80  21.56  20.97  21.15  22.25  22.02  22.58  21.96  21.85  22.04  22.26  21.43  22.10  22.66  22.28   

19.93  20.80  20.54  21.27  21.65  22.27  22.07  21.74  21.66  22.32  21.87  22.04  22.27  21.99  22.01  22.99   

21.26  20.71  20.50  21.24  19.66  22.23  22.56  22.66  22.29  22.20  22.67  21.68  22.19  22.10  22.11  22.56   

21.06  21.17  21.63  22.06  21.49  22.40  21.93  22.16  22.24  22.71  22.27  21.94  21.93  22.27  22.98  22.48   





0

21.38  20.54  21.45  21.73  21.53  21.93  22.05  22.16  22.53  22.43  21.96  22.28  22.41  22.51  22.68  23.09   

20.78  20.70  20.68  21.41  21.68  22.71  22.19  21.76  21.89  22.35  22.21  22.49  22.29  21.39  22.45  22.86   

20.72  20.48  21.24  21.26  20.17  22.04  22.48  22.79  22.11  22.33  22.38  21.81  22.80  22.50  22.28  22.74   

21.53  20.79  21.66  22.20  21.93  22.42  22.62  22.41  22.61  22.62  22.41  21.97  22.35  23.01  22.85  22.51   





0

21.37  20.53  21.18  21.60  21.04  22.27  21.48  22.26  22.41  21.64  22.50  22.15  21.92  22.37  22.53  22.13   

20.49  20.94  20.31  21.28  21.67  22.39  21.98  21.85  21.67  22.34  21.77  21.94  22.28  22.25  22.02  22.55   

20.99  20.72  20.99  21.48  20.00  22.34  22.58  22.47  22.20  22.42  22.68  22.02  21.97  22.36  22.26  22.42   

21.23  21.18  21.26  22.07  21.23  22.86  22.28  22.28  22.72  22.61  22.40  21.83  21.81  22.71  22.20  22.67   





0

21.06  20.96  21.05  21.23  21.16  22.04  21.70  22.26  22.19  21.75  21.83  22.38  22.16  22.37  22.81  22.92   

20.49  21.07  20.55  21.28  21.13  22.29  21.98  21.24  21.98  22.54  21.88  22.27  22.05  22.12  22.30  22.70   

21.13  20.34  20.99  20.91  19.34  22.03  22.26  22.68  22.30  22.53  22.57  22.13  22.20  22.11  22.13  22.42   

20.78  20.77  21.39  22.07  21.51  22.18  22.17  21.95  22.60  22.95  22.28  22.20  22.47  22.43  22.52  22.50   





0

21.66  20.66  21.43  21.34  21.85  22.60  21.46  22.47  22.29  21.96  21.71  22.14  22.03  22.10  22.52  22.28   

20.34  20.67  20.78  21.04  21.87  22.27  21.56  21.64  21.45  22.42  21.97  22.25  22.38  21.99  22.56  22.38   

21.12  20.58  21.33  21.35  19.98  22.44  22.04  22.76  21.98  22.20  22.56  22.00  22.31  22.35  21.97  22.71   

20.62  21.03  21.63  21.69  21.49  22.51  21.82  22.27  22.59  22.60  22.62  22.31  22.32  22.41  22.35  22.30   





0

21.67  20.82  21.05  20.99  22.92  24.54  23.15  23.26  22.52  21.53  21.72  22.04  21.68  21.98  22.53  22.76   

20.08  20.43  20.43  20.93  22.31  23.42  22.48  22.06  21.67  22.44  22.20  22.16  21.93  22.37  22.30  22.40   

20.85  20.34  20.87  21.59  20.32  23.29  22.58  22.47  21.99  22.53  22.47  21.80  22.09  22.86  22.26  22.58   

20.78  20.77  21.64  21.95  21.23  22.75  22.28  22.39  22.60  22.72  22.40  22.08  21.94  22.57  22.68  22.85   





0

21.39  20.98  21.47  23.20  24.21  26.13  25.36  26.12  24.83  24.83  24.93  24.45  22.66  22.13  22.84  22.16   

20.66  20.58  20.94  22.22  24.02  26.08  25.98  25.38  25.27  24.88  23.81  23.26  22.30  22.64  22.60  22.88   

20.87  20.75  21.49  21.84  22.90  25.47  26.29  25.68  25.37  24.74  23.32  22.15  22.58  22.63  22.43  22.60   

20.81  21.21  21.80  22.10  21.81  24.24  24.82  25.04  24.67  24.56  23.71  22.34  23.01  22.31  23.02  23.41   





0

21.38  21.26  21.32  21.12  20.82  22.62  21.60  22.49  21.98  21.65  21.84  22.17  21.93  22.38  22.54  22.78   

20.23  20.70  20.56  21.75  21.57  22.30  21.89  21.76  22.10  22.65  22.32  22.71  22.52  22.75  22.86  22.86   

21.00  20.48  21.00  20.92  20.66  22.15  22.80  22.79  22.52  22.75  22.90  22.25  22.10  22.75  22.41  23.04   

20.79  20.92  21.91  22.33  21.52  22.42  22.07  22.29  23.53  23.31  24.40  23.77  23.00  23.01  23.48  23.22   





0

21.37  21.10  21.44  21.48  21.75  22.27  22.04  22.37  22.30  22.08  22.39  22.50  22.51  22.37  23.36  22.76   

20.49  20.94  21.03  21.16  21.34  22.70  22.18  21.65  22.19  22.84  22.41  22.16  22.51  22.37  22.57  22.55   

21.27  20.85  21.11  21.81  20.48  22.66  22.99  22.88  22.51  22.63  22.57  22.23  22.55  22.24  22.40  22.87   

21.08  21.18  21.64  22.31  21.09  23.09  22.50  22.06  23.06  22.72  22.87  22.44  22.34  22.71  22.84  23.21   





0

21.84  20.83  21.45  21.61  21.76  22.16  22.05  22.60  21.87  21.43  22.29  22.17  22.17  22.51  22.27  23.09   

20.78  20.83  20.80  20.95  21.25  22.71  22.19  21.86  22.31  22.35  22.32  22.17  22.29  22.01  22.45  22.71   

21.00  20.99  20.88  22.16  20.01  22.78  22.80  22.69  22.42  22.75  22.48  22.03  22.56  22.75  22.96  21.83   

20.35  21.33  21.66  22.45  21.79  22.53  22.40  22.41  22.73  22.51  22.29  23.05  22.48  23.01  22.37  22.87   





0

21.52  20.67  21.57  21.60  21.16  22.04  21.70  22.37  22.30  21.64  21.94  22.04  21.68  21.98  22.67  22.29   

21.04  20.68  20.55  21.28  21.56  22.08  21.88  22.16  21.88  22.64  22.09  22.37  21.93  22.37  22.16  22.85   

20.99  20.60  21.11  21.25  20.16  22.34  22.47  22.78  21.99  22.42  22.05  21.58  22.20  22.11  22.26  22.27   

20.93  20.77  21.51  22.19  21.09  22.52  22.28  21.95  22.72  22.61  22.51  22.44  22.34  23.00  22.68  22.85   





0

21.70  21.13  21.47  21.01  21.30  22.41  21.73  22.62  22.55  22.11  22.19  22.29  22.06  22.65  22.97  22.63   

20.66  20.84  20.46  21.30  21.48  22.73  22.10  21.47  22.11  22.36  22.12  22.29  22.42  22.40  22.87  23.03   

21.02  20.88  21.13  21.16  20.35  22.68  22.29  22.50  22.12  22.66  22.60  22.15  22.11  22.51  22.15  22.75   

20.21  21.21  21.67  21.73  21.67  22.55  22.74  22.09  22.51  22.86  22.42  22.47  22.23  22.74  23.02  22.88   





0

21.39  20.56  21.47  21.38  21.30  22.64  21.61  22.28  22.22  21.45  21.97  22.52  22.18  22.00  22.70  22.16   

20.38  20.84  20.82  20.84  21.37  22.10  21.70  22.28  21.70  22.36  22.44  22.29  22.07  21.65  22.18  22.57   

21.30  21.26  21.49  21.50  20.02  22.37  22.50  22.60  22.43  22.55  22.70  22.15  22.46  22.39  22.56  22.30   

20.51  20.94  21.67  22.34  21.67  22.66  22.19  22.20  22.40  22.63  22.30  22.47  22.10  22.74  22.22  22.52   





0

21.05  21.09  21.56  21.46  21.38  22.14  21.35  22.91  21.74  21.85  22.38  22.14  21.91  22.10  22.38  22.43   

20.07  20.93  20.42  21.27  20.90  22.27  21.97  21.94  21.45  22.32  22.19  22.58  22.04  22.23  22.28  22.54   

20.69  20.07  20.86  21.46  20.31  22.23  22.14  22.76  22.08  22.51  22.35  21.79  22.66  22.35  22.39  22.41   

21.21  20.90  21.50  22.18  21.90  23.08  22.15  21.94  22.47  22.60  22.74  22.31  22.19  22.70  22.82  22.84   





0

21.25  20.71  21.48  21.02  21.32  22.30  21.63  22.74  21.90  22.01  22.09  22.08  22.31  22.66  22.71  22.64   

20.67  20.60  20.83  21.20  21.60  22.43  22.02  21.79  21.50  22.37  22.13  22.30  22.43  22.16  23.02  22.43   

20.89  21.39  20.91  21.63  20.20  22.28  22.19  22.61  22.34  22.46  22.61  21.95  22.01  22.15  22.30  23.21   

20.67  20.54  21.29  22.35  21.13  22.45  22.31  21.99  22.64  22.76  22.79  22.48  21.98  22.75  23.35  22.71   

