Person walking out of the room and then back in

0

21.25  20.70  21.19  20.87  20.81  22.15  21.81  22.14  21.75  21.75  21.50  21.93  21.45  21.87  22.42  22.02   

19.83  20.18  20.67  21.05  21.34  22.07  21.36  21.74  21.77  22.33  21.98  22.48  22.17  22.51  22.32  21.98   

20.87  19.97  20.63  21.47  20.20  22.55  22.15  22.46  21.98  22.31  21.94  21.36  22.44  21.88  22.01  22.61   

20.22  20.66  21.79  21.71  21.25  22.64  21.83  21.95  22.49  22.50  22.17  22.09  21.57  21.89  22.09  22.38   





0

20.67  20.16  20.57  21.16  21.08  22.65  21.74  22.18  21.78  21.46  21.53  21.96  21.25  22.03  22.32  21.58   

20.42  20.61  20.35  20.86  21.27  22.11  21.70  21.57  20.97  22.36  22.02  22.19  21.86  21.92  22.36  22.32   

20.77  20.39  20.79  21.17  19.92  22.48  21.98  22.10  22.02  22.14  22.08  21.94  22.59  22.53  21.91  22.35   

20.26  20.83  21.70  22.12  21.15  22.45  21.87  21.99  22.64  22.88  22.20  22.61  22.13  21.92  21.80  22.42   





0

20.97  20.29  20.82  21.27  21.19  22.06  21.61  22.17  21.66  21.44  21.52  21.84  21.95  22.28  22.44  21.88   

20.26  20.59  20.46  20.84  21.04  21.78  21.89  21.56  21.69  22.25  21.90  21.96  21.73  22.28  21.80  22.31   

21.18  20.12  21.02  21.27  20.07  22.47  22.17  22.29  21.90  22.23  22.49  21.82  21.88  22.15  21.35  21.73   

20.09  21.09  21.55  21.98  21.55  22.66  21.74  21.97  22.74  22.75  22.31  22.23  21.73  22.34  21.95  22.05   





0

21.10  20.27  21.19  20.99  20.81  23.07  22.70  22.37  21.97  21.86  21.83  21.93  21.93  22.00  22.14  22.17   

20.79  20.18  20.79  21.62  21.34  23.82  23.87  21.54  21.56  22.53  22.09  21.83  21.94  22.01  22.05  22.89   

20.31  19.97  20.63  21.14  19.55  23.17  24.94  22.46  22.29  22.73  22.46  22.12  22.32  21.75  22.43  22.61   

20.51  20.52  21.14  22.08  20.98  23.09  25.23  22.50  22.49  22.84  23.34  22.21  22.22  22.74  22.41  22.74   





0

21.11  20.71  21.08  21.50  23.17  24.90  22.27  23.38  24.60  22.97  22.84  22.51  22.06  22.65  22.29  22.19   

20.25  20.45  20.69  21.41  23.90  25.06  23.69  23.67  26.05  26.34  24.00  23.45  23.21  23.62  22.74  22.75   

20.89  20.49  21.25  21.26  21.98  25.35  24.54  24.57  26.45  27.57  25.95  25.45  24.75  23.62  23.26  23.07   

20.53  21.08  21.54  22.09  21.81  25.35  25.24  25.35  27.20  27.97  27.70  26.37  25.82  24.44  23.21  23.29   





0

21.43  20.58  21.09  21.27  23.18  25.80  25.03  25.14  25.04  25.04  25.36  25.24  22.78  22.41  22.44  22.20   

20.13  20.59  20.82  21.07  22.11  23.85  23.80  23.98  23.64  24.57  23.90  22.93  22.19  22.28  22.48  22.46   

20.62  20.12  20.90  21.16  19.90  22.78  22.70  23.09  22.83  22.65  22.17  22.04  22.23  22.52  22.18  22.34   

20.39  20.82  21.55  22.35  21.42  21.86  22.08  22.53  22.40  22.64  22.78  21.63  22.38  22.20  22.11  22.77   





0

21.11  20.57  21.21  21.25  21.18  22.40  21.37  22.27  21.98  21.43  21.84  21.82  21.70  22.01  22.85  21.87   

20.11  20.58  20.69  21.29  21.03  21.98  21.57  21.96  21.57  22.34  22.31  21.95  21.83  22.39  22.61  22.14   

20.46  19.98  20.77  21.49  20.22  22.66  22.48  22.07  22.41  22.00  22.47  21.81  22.22  22.39  22.44  22.02   

19.93  20.53  21.80  21.97  20.85  22.19  22.40  22.18  22.04  22.16  22.18  21.98  21.84  21.75  22.74  22.57   





0

20.80  20.71  21.21  21.01  20.94  21.93  21.60  22.27  21.65  21.43  21.95  21.82  21.94  22.27  22.85  22.19   

20.39  20.45  20.45  20.83  21.46  22.08  21.67  21.85  21.47  22.34  22.10  22.17  21.83  21.77  22.47  22.45   

20.18  20.37  20.89  20.92  19.89  22.45  21.95  22.17  22.41  22.11  21.95  21.92  22.80  22.14  22.71  22.17   

20.08  20.67  21.80  22.21  20.99  22.54  22.07  21.85  22.62  22.28  22.30  21.49  22.11  21.61  22.42  22.57   





0

20.96  20.57  21.08  21.01  20.94  22.05  21.26  22.15  21.98  21.65  21.62  21.94  21.58  22.01  22.29  22.19   

19.84  20.20  20.57  21.06  21.13  21.98  21.37  21.65  21.57  22.54  21.78  22.17  21.95  21.77  22.20  21.99   

20.18  20.37  21.01  21.26  20.05  22.45  22.27  22.58  22.00  22.22  22.06  21.59  21.99  22.39  21.89  22.17   

19.63  20.94  21.80  22.09  21.13  22.19  22.40  21.85  22.39  22.51  22.41  22.34  22.11  22.04  22.10  21.86   





0

20.94  20.27  20.93  20.87  21.16  22.15  21.25  22.25  21.97  21.86  21.83  22.16  21.69  22.00  23.11  22.33   

19.96  20.31  20.20  20.82  21.44  22.49  21.76  21.43  21.77  22.22  21.98  22.15  21.82  22.26  22.73  22.13   

20.73  20.48  20.63  21.70  20.53  22.13  22.25  22.87  21.98  22.31  22.05  22.01  22.91  22.62  22.15  22.46   

20.36  21.34  21.27  22.20  21.53  22.07  21.83  22.06  22.26  22.38  22.17  22.45  22.09  22.60  22.41  22.74   





0

21.28  20.72  21.35  21.14  20.95  21.95  21.39  22.50  21.99  21.11  22.19  21.84  21.95  22.15  22.44  22.52   

20.54  20.98  20.70  21.30  21.47  22.72  21.89  21.87  21.79  22.25  22.32  21.96  22.19  22.28  22.62  22.46   

20.76  20.51  21.02  21.39  20.23  22.36  22.07  22.69  22.52  22.65  22.38  22.15  22.70  22.52  22.86  22.79   

20.69  20.95  21.55  22.35  21.69  22.55  22.52  22.42  22.74  22.75  22.43  22.23  22.12  22.48  22.91  23.30   





0

21.60  20.74  21.23  21.77  20.97  22.65  21.51  22.40  22.45  21.57  22.42  21.85  21.96  22.68  22.87  23.31   

20.14  20.09  20.71  21.43  21.27  22.42  21.90  22.29  21.91  22.36  22.65  22.41  22.43  22.30  22.77  22.62   

20.49  20.77  21.15  21.51  20.24  22.58  22.60  22.90  22.12  22.24  22.71  22.16  22.36  22.29  22.60  22.65   

21.00  21.10  21.57  22.36  21.29  22.45  22.31  22.54  22.41  22.65  22.91  22.37  22.13  22.49  22.44  22.78   





0

21.72  20.57  21.08  21.25  21.53  21.82  21.71  22.71  22.53  21.65  21.95  21.94  22.06  22.40  22.71  22.82   

21.07  20.84  20.81  21.29  21.56  22.71  21.98  22.06  22.30  22.24  22.21  22.38  22.41  22.02  22.74  22.75   

20.89  20.24  21.01  21.37  20.22  22.66  22.37  22.58  22.31  22.74  22.68  22.46  22.57  22.63  22.58  22.32   

20.97  21.21  21.80  22.46  21.68  22.42  22.62  22.29  22.73  22.74  22.65  22.58  22.75  22.90  23.06  23.46   





0

21.58  21.30  21.09  21.27  21.31  22.18  22.06  22.73  22.43  22.33  22.08  21.95  21.83  22.41  22.72  21.88   

20.95  20.72  20.82  21.30  21.68  22.41  21.89  21.97  21.79  22.35  22.32  21.96  22.08  22.16  22.48  22.46   

21.18  20.51  21.14  21.39  20.23  22.47  22.59  22.49  22.32  22.44  22.69  22.26  22.58  22.40  22.04  22.64   

20.39  21.36  21.42  22.47  21.96  22.21  22.30  22.19  22.63  22.98  22.66  22.23  22.64  22.62  22.91  22.94   





0

21.40  21.13  21.19  21.48  21.75  21.92  21.81  22.92  22.63  21.86  22.28  22.27  22.16  21.87  22.56  22.17   

20.38  20.44  20.44  21.05  21.66  22.38  22.07  22.15  21.66  22.53  22.41  22.58  22.51  22.26  22.73  22.74   

20.73  20.73  20.99  21.02  19.88  22.86  22.88  22.76  22.40  22.31  22.46  22.34  22.79  22.50  22.56  22.61   

20.22  20.93  21.53  22.08  20.84  22.64  22.61  22.50  22.60  22.61  22.76  22.45  22.48  23.03  23.36  22.92   





0

21.86  20.84  20.80  21.97  21.28  22.15  21.47  22.70  22.63  21.97  22.16  22.50  22.16  22.38  23.66  22.49   

20.24  20.95  20.55  21.16  21.44  22.38  21.97  21.84  21.77  22.63  22.30  22.15  22.28  22.13  22.87  22.74   

20.59  20.73  21.11  21.59  20.37  22.34  22.57  22.56  22.29  22.84  22.46  22.01  22.09  22.25  22.15  22.61   

20.22  20.79  21.79  22.57  21.12  22.52  22.50  22.17  22.49  22.61  22.52  22.33  22.48  23.03  22.41  22.20   





0

21.29  20.88  21.36  21.16  21.44  22.19  22.07  22.40  22.23  21.79  22.20  22.31  22.08  22.16  22.87  22.53   

20.55  20.86  20.71  21.32  21.37  22.32  21.90  21.68  21.70  22.57  22.55  21.87  22.43  21.92  22.36  22.78   

20.91  20.52  21.27  21.62  20.24  22.58  22.40  22.50  22.33  22.66  22.60  22.16  22.48  22.66  22.33  22.80   

20.55  20.83  21.95  22.72  21.70  22.68  21.87  22.43  22.53  22.65  22.08  22.12  22.39  23.06  23.24  23.31   





0

21.11  20.71  21.34  21.25  21.65  22.74  21.60  22.71  22.31  21.98  22.07  21.71  21.70  22.01  23.12  22.34   

20.80  20.71  20.69  21.06  21.24  22.71  21.98  21.55  21.99  22.44  22.42  22.38  22.41  22.27  22.74  23.36   

20.89  21.13  20.89  21.49  20.70  22.45  22.37  22.88  22.51  22.43  22.47  21.92  22.22  22.51  22.71  22.77   

20.97  21.08  21.80  22.94  20.99  22.76  22.40  22.40  22.96  23.08  22.30  22.58  22.24  22.47  23.37  23.29   





0

21.29  21.31  21.63  21.03  21.56  22.42  22.18  22.74  22.56  22.23  21.87  22.42  21.96  22.81  23.01  22.84   

20.83  20.86  20.47  21.55  21.37  22.73  21.90  22.18  22.12  22.57  22.23  22.08  21.86  22.42  22.63  22.78   

21.20  20.77  21.51  21.85  20.24  22.79  22.50  22.80  22.12  22.45  22.29  21.94  22.71  22.41  22.74  22.50   

20.55  21.10  21.70  22.36  21.29  22.33  22.31  22.32  22.76  22.99  22.79  22.25  22.52  22.92  22.76  23.31   





0

22.34  20.72  21.74  21.75  22.01  23.55  24.38  25.79  24.72  23.75  24.49  24.68  24.76  23.69  23.00  22.83   

20.54  21.11  21.41  21.88  21.79  24.66  25.09  25.56  25.36  25.46  24.95  25.57  25.80  24.12  23.03  23.07   

21.47  20.63  21.62  21.84  21.04  24.55  25.67  26.73  26.36  26.27  25.25  25.78  25.67  24.12  23.00  22.64   

20.84  20.95  22.07  22.59  21.96  23.34  24.71  26.00  26.45  26.56  26.02  25.56  24.82  24.04  23.86  23.83   





0

22.53  20.91  21.78  21.55  21.82  22.68  22.10  22.65  22.36  21.92  22.45  22.68  22.23  22.45  23.86  22.87   

20.58  21.14  20.98  21.69  21.40  22.44  22.03  22.51  22.04  22.79  22.89  23.07  22.69  22.69  23.07  23.10   

21.36  20.92  21.30  22.21  20.59  22.71  22.52  22.83  22.66  23.74  23.04  22.51  22.62  22.56  23.04  22.97   

20.13  21.94  22.11  22.75  22.27  22.93  22.67  22.56  23.12  23.92  24.22  23.11  23.45  23.09  23.10  23.87   





0

22.07  21.04  22.03  21.78  21.69  22.43  22.08  22.86  22.35  21.80  22.21  22.44  22.69  22.95  22.89  22.70   

21.25  20.88  21.08  21.44  21.92  22.95  22.42  21.99  22.33  22.99  22.35  22.31  22.67  22.31  23.05  23.24   

21.35  21.17  21.76  21.86  20.58  22.91  23.03  22.92  22.75  22.89  22.72  22.82  22.61  23.04  23.16  22.66   

21.01  21.66  22.09  22.49  22.13  23.14  22.99  22.33  23.11  23.00  23.16  22.74  22.01  22.65  23.09  23.68   





0

21.58  21.44  21.88  21.51  21.31  22.52  21.72  22.95  22.43  22.33  22.30  21.95  22.54  22.92  23.14  22.52   

20.26  20.98  20.58  21.42  21.25  22.30  22.19  22.27  21.69  22.55  22.43  22.72  22.65  22.53  22.89  22.76   

21.75  20.89  21.38  21.84  21.04  22.89  22.59  22.99  22.52  22.97  22.80  22.80  22.81  23.02  22.73  22.79   

20.39  21.36  21.55  22.47  21.96  22.89  22.52  22.42  22.86  22.86  23.13  22.59  22.64  22.77  23.23  23.30   





0

21.57  21.00  21.47  21.01  21.65  22.28  22.05  22.71  21.98  21.98  21.62  22.17  22.06  22.65  22.71  22.50   

20.39  20.97  20.81  21.06  21.46  22.39  22.18  21.96  21.78  22.54  21.99  22.49  22.06  22.15  22.61  22.60   

21.73  20.75  21.13  21.49  20.22  22.45  23.00  22.88  22.20  22.32  22.58  21.81  22.57  22.26  22.30  22.47   

20.82  21.35  21.93  22.94  21.40  22.31  22.40  22.40  22.85  22.85  22.41  22.46  22.50  22.90  22.42  23.11   





0

21.47  20.91  21.52  21.55  21.82  22.22  21.87  22.43  22.58  22.03  22.45  22.33  22.11  22.70  22.62  22.40   

20.44  21.14  20.98  21.69  21.40  22.65  22.23  22.01  22.04  22.39  22.47  22.32  21.65  22.32  22.79  22.95   

21.36  20.80  21.30  21.65  20.27  22.92  22.52  22.63  22.56  22.48  22.42  22.18  22.73  22.68  22.76  23.12   

20.73  21.54  21.72  22.26  21.87  22.47  22.89  22.45  22.44  22.90  22.82  22.51  22.93  22.80  22.31  23.16   





0

22.07  21.32  21.64  21.54  21.45  23.01  22.08  23.08  22.46  21.91  22.21  22.21  22.33  22.56  23.30  22.23   

20.84  21.26  21.20  21.33  22.03  22.54  22.62  21.99  21.61  22.68  22.67  22.20  22.45  22.68  22.51  23.39   

21.21  20.79  21.76  21.30  21.22  22.81  22.41  22.81  22.75  22.68  22.41  22.17  22.84  22.79  22.61  22.81   

21.01  21.25  22.35  22.86  22.13  22.92  22.55  22.00  22.88  23.23  22.57  22.86  22.66  22.93  22.77  23.50   





0

21.15  21.32  21.11  21.66  22.16  22.66  22.42  22.64  21.80  21.80  22.44  22.32  22.21  22.56  23.02  22.38   

20.97  21.26  20.96  21.67  21.39  22.43  22.12  22.20  21.92  22.48  22.14  22.53  22.22  22.68  22.37  22.94   

20.78  20.53  21.04  21.41  20.58  22.18  22.62  23.02  22.45  22.78  22.51  22.17  22.37  22.42  22.06  23.11   

21.01  21.66  22.09  22.37  21.99  22.69  22.66  22.55  22.65  22.78  22.69  22.38  22.40  23.22  22.93  23.32   





0

21.60  20.74  21.36  21.16  22.03  22.77  21.62  22.63  21.78  21.57  22.09  22.08  21.84  22.42  22.73  22.37   

20.83  21.12  20.71  21.09  21.27  22.52  22.00  21.98  22.12  22.46  22.44  22.19  22.20  22.42  22.36  22.47   

21.34  20.77  21.15  21.62  20.08  22.48  22.50  22.80  22.12  22.24  22.60  22.27  22.71  22.78  22.33  22.80   

21.30  20.97  21.82  22.24  22.11  22.79  22.65  22.54  22.64  22.99  22.56  22.49  22.52  22.64  22.44  22.78   





0

21.93  20.62  21.13  21.30  21.46  22.22  22.10  22.09  22.47  22.03  22.12  22.56  22.11  22.45  22.62  21.76   

20.85  20.89  20.74  21.11  21.51  22.55  22.13  22.51  21.62  22.69  22.36  22.43  22.34  22.44  22.52  23.10   

21.22  20.03  21.30  21.65  19.94  22.50  22.52  22.73  22.25  22.79  22.42  22.29  22.62  22.68  22.62  22.67   

20.73  20.86  21.85  22.51  21.32  22.59  22.67  22.45  23.01  22.44  22.82  22.27  22.29  22.38  22.63  23.16   





0

21.44  20.88  20.97  21.03  21.56  22.31  21.96  22.18  22.12  21.90  21.76  22.08  21.84  22.68  22.60  22.05   

20.28  20.99  20.47  21.32  21.48  22.11  21.70  21.57  21.70  22.57  22.34  22.08  22.32  21.92  22.22  22.47   

20.91  20.65  20.91  21.85  20.40  22.58  22.40  22.50  22.54  22.45  22.50  22.05  22.01  22.66  22.46  22.50   

20.11  21.38  21.70  22.24  21.29  22.56  21.98  22.10  22.76  22.76  23.03  22.25  22.52  22.49  22.76  22.96   





0

21.77  20.91  21.52  21.30  21.46  22.10  22.10  22.20  22.03  21.59  21.78  22.45  21.99  22.06  22.90  22.24   

20.30  20.63  20.62  21.11  21.40  21.92  21.93  21.39  21.31  22.59  22.04  22.00  22.11  21.70  22.38  22.19   

20.80  20.80  20.82  21.20  19.94  22.08  22.11  22.83  22.35  22.58  22.42  21.75  22.15  22.56  22.35  22.67   

21.17  20.99  21.59  22.51  21.18  22.24  22.34  22.34  22.55  22.67  22.46  22.63  21.89  22.52  22.95  22.98   





0

21.61  20.46  21.38  21.41  21.10  22.55  21.75  22.42  22.13  22.13  22.10  22.21  21.98  22.43  22.75  22.38   

20.43  21.13  20.61  21.33  21.60  22.64  21.92  21.59  21.61  22.58  22.14  22.53  22.22  22.06  22.37  22.18   

21.21  20.53  20.68  21.52  20.58  22.81  22.30  22.71  22.65  22.46  22.62  22.17  22.37  22.17  22.75  22.51   

21.01  21.12  21.71  22.49  21.58  22.57  22.33  22.44  22.77  22.78  22.45  22.38  22.14  22.93  22.62  22.79   


