Person walking out of the room and then back in

0

20.83  20.48  20.63  21.23  20.94  22.05  21.39  22.28  21.89  21.12  21.42  22.06  21.57  21.83  22.06  21.40   

20.19  20.16  20.45  21.30  21.06  21.82  21.22  21.71  21.62  21.88  22.13  21.66  21.95  21.87  22.52  22.16   

20.66  20.84  20.76  21.39  19.88  22.29  21.89  22.63  22.15  22.36  22.31  21.83  22.21  22.35  21.80  22.79   

20.27  21.15  21.50  21.95  21.46  22.20  21.86  21.98  22.27  22.74  22.52  22.08  22.44  22.22  22.56  22.32   





0

21.43  20.46  20.88  21.22  21.28  21.93  21.15  22.05  21.77  21.66  21.74  22.05  21.68  21.68  22.47  21.70   

20.17  20.41  20.79  21.17  21.80  22.01  21.72  21.59  21.29  22.17  22.23  22.29  21.83  21.48  21.96  22.45   

20.64  20.32  20.87  21.49  19.71  22.48  22.09  22.11  21.93  22.03  21.98  21.82  21.73  21.84  21.92  21.57   

20.40  20.32  21.36  21.44  21.04  21.85  21.85  22.08  22.49  22.04  22.27  21.94  22.17  21.92  22.23  22.13   





0

20.83  20.62  21.02  21.36  20.82  21.94  21.62  21.84  21.78  21.90  21.42  22.06  21.81  22.34  21.64  21.55   

20.05  21.06  20.81  20.61  21.39  21.92  21.63  21.71  21.72  22.39  21.92  21.66  21.95  21.99  22.39  22.77   

20.80  20.21  21.48  21.28  19.88  22.39  22.21  22.43  22.04  22.04  22.41  21.62  21.86  22.60  22.35  22.49   

20.12  20.74  21.50  22.31  20.91  22.32  21.97  21.65  22.27  22.51  21.93  22.08  22.31  22.07  22.24  22.32   





0

21.30  20.20  20.90  21.37  20.95  22.07  21.63  22.30  21.90  21.47  21.76  21.72  21.82  21.71  22.22  21.57   

19.92  20.56  20.70  20.97  21.18  22.14  21.34  21.31  21.94  22.20  21.93  21.99  21.97  22.13  22.54  22.63   

20.95  20.35  21.01  21.63  19.90  22.40  22.64  22.24  22.26  22.58  22.74  21.63  22.46  22.36  21.67  22.50   

20.73  21.30  21.64  22.08  21.34  21.87  22.10  21.99  22.06  22.41  22.65  22.09  22.32  22.37  22.41  22.69   





0

20.67  20.48  20.89  21.36  21.29  22.17  21.39  22.51  22.00  21.68  21.86  22.40  21.69  22.09  21.64  21.87   

20.32  20.68  20.33  21.30  21.49  22.23  21.94  21.71  21.62  22.19  22.13  21.87  21.72  22.24  22.80  22.31   

21.37  20.08  21.00  21.62  19.39  22.50  22.10  22.73  22.15  22.46  22.20  22.05  22.10  22.10  22.07  22.19   

20.42  21.01  21.50  21.95  21.05  22.43  22.31  22.20  22.50  22.51  22.40  22.32  22.44  22.79  22.40  23.04   





0

21.30  20.35  20.77  21.37  22.94  24.80  21.85  22.63  22.57  22.02  21.65  22.07  21.94  22.23  22.22  22.04   

20.47  20.82  21.06  21.55  22.89  24.91  22.25  21.82  22.15  23.11  22.47  22.32  22.20  22.25  22.54  22.63   

20.81  20.73  21.13  21.52  22.46  25.30  23.05  22.85  22.16  23.00  22.63  21.85  22.46  22.24  21.95  22.35   

20.88  21.03  22.03  21.96  22.02  24.92  23.97  23.54  23.54  24.68  24.29  23.29  23.10  22.80  22.57  22.51   





0

21.30  21.35  21.04  21.49  23.98  25.58  25.37  25.70  25.06  25.06  26.02  26.46  26.36  23.89  22.49  21.73   

20.06  20.56  21.06  21.55  22.26  25.42  26.02  26.10  24.91  25.71  25.91  26.02  25.25  23.48  22.54  22.47   

20.81  20.85  21.25  21.63  19.41  23.86  25.21  26.30  25.51  25.18  24.79  24.64  24.64  22.98  22.36  22.05   

20.73  21.03  21.25  21.84  21.20  22.67  23.20  24.74  24.67  23.44  23.59  23.05  22.71  22.94  22.09  23.05   





0

21.11  20.59  21.26  20.84  21.39  22.03  21.37  22.15  22.42  21.54  21.73  21.80  21.66  21.54  21.76  21.69   

20.43  20.39  20.54  21.51  21.36  22.42  21.81  21.78  21.80  22.06  22.11  22.06  22.04  21.84  22.50  22.28   

20.77  20.69  20.49  21.14  19.53  22.05  21.87  22.30  21.81  22.33  22.18  21.81  21.95  21.95  21.77  22.01   

20.39  20.85  22.12  22.04  21.02  22.18  22.28  22.18  22.59  22.14  22.14  22.17  22.41  22.19  22.54  22.66   





0

21.12  20.32  20.48  20.61  21.28  21.81  21.27  22.16  21.88  21.11  21.63  22.05  21.56  22.20  22.05  21.54   

19.90  20.41  20.19  21.29  20.73  22.01  21.52  21.28  21.29  21.76  22.02  21.86  22.06  21.35  22.10  22.60   

20.36  19.94  20.51  21.38  19.87  22.27  22.09  22.72  22.03  22.35  21.56  21.82  22.08  22.09  21.65  21.72   

20.55  20.86  21.49  21.57  20.90  22.07  21.74  21.75  22.26  22.27  22.15  22.31  21.91  21.78  21.91  22.67   





0

20.83  20.62  21.29  21.23  21.29  21.94  21.39  21.72  21.78  21.56  21.64  22.17  21.57  22.09  22.20  21.87   

20.05  20.93  20.69  21.19  21.60  22.03  21.53  21.71  21.72  22.39  22.03  22.09  21.95  21.99  22.11  22.00   

20.09  20.33  20.52  21.39  19.72  22.50  22.21  22.33  21.94  22.15  22.31  22.16  21.86  21.98  21.93  22.49   

20.42  20.47  21.11  21.83  20.77  22.09  22.31  21.76  22.39  22.40  22.28  22.32  22.31  22.36  23.20  22.86   





0

21.43  20.46  21.01  21.10  21.04  22.16  21.72  22.05  21.66  21.55  21.96  21.93  21.91  22.20  22.19  21.86   

20.31  20.79  20.19  21.40  21.27  22.22  21.62  21.69  21.71  22.78  22.33  21.86  22.17  22.35  22.92  22.45   

20.79  20.32  21.70  21.04  20.36  22.38  22.30  22.52  22.03  22.13  22.19  21.82  22.32  22.34  22.20  22.48   

20.40  21.00  21.62  22.18  20.76  22.53  22.29  22.19  22.49  22.61  22.74  21.94  22.43  22.35  22.87  22.67   





0

21.25  21.30  21.25  21.56  21.61  22.25  22.03  22.58  22.19  21.86  22.27  22.25  21.77  22.69  22.86  22.15   

21.10  20.89  20.53  21.26  21.56  22.82  21.90  21.87  21.89  22.56  22.42  22.16  22.26  22.08  22.62  22.73   

21.04  20.68  21.32  21.35  19.84  22.56  22.38  22.60  21.90  22.53  22.58  22.34  22.53  22.93  22.59  22.30   

21.27  20.97  21.98  22.27  21.56  22.51  22.05  22.72  22.35  22.82  22.72  22.52  22.27  22.75  23.48  22.64   





0

21.86  21.30  21.38  21.44  21.14  22.02  21.69  22.25  22.30  21.64  21.83  22.48  22.13  22.18  22.58  22.15   

20.56  20.76  20.65  21.72  21.78  22.40  22.00  21.87  21.68  22.56  22.52  22.16  22.49  22.32  22.49  22.42   

21.19  20.29  21.32  21.69  20.01  22.25  22.48  22.49  22.52  22.43  22.38  22.34  22.53  22.31  22.59  22.75   

20.82  21.38  22.10  22.52  21.15  22.28  22.38  22.72  22.81  22.82  22.48  22.52  22.27  22.75  22.36  23.00   





0

21.58  21.04  21.27  21.34  21.40  22.16  21.60  22.49  22.10  21.44  22.07  22.28  22.15  22.33  22.19  21.86   

20.86  21.05  20.91  20.94  21.70  22.43  21.52  21.90  21.29  22.48  22.23  22.19  22.17  22.47  22.65  22.90   

21.35  20.45  21.23  21.49  20.03  22.38  22.40  22.72  22.44  22.56  22.09  22.58  22.55  22.71  22.88  22.63   

21.00  21.54  22.00  22.30  21.04  22.19  22.07  22.63  22.60  22.50  22.51  22.31  22.56  22.63  22.39  23.38   





0

21.44  21.19  21.16  21.48  21.53  22.63  21.84  22.51  22.44  21.68  22.20  22.75  22.16  22.47  22.62  22.03   

20.60  20.93  21.04  21.42  21.49  22.44  22.54  22.01  22.03  22.59  22.45  22.20  22.18  22.36  23.07  23.07   

20.94  20.71  21.36  21.73  19.23  22.50  22.83  22.73  22.46  22.57  22.72  22.05  22.68  23.22  22.62  22.79   

20.86  21.42  21.76  22.43  21.33  22.77  22.53  22.31  22.85  22.97  23.23  22.68  22.31  22.50  22.88  22.86   





0

21.58  20.75  21.14  21.47  21.40  22.50  21.72  22.83  22.32  21.99  22.07  22.62  21.91  22.20  23.02  22.18   

20.72  21.30  21.15  21.63  21.91  22.64  21.82  22.10  21.81  22.58  22.44  22.51  22.97  22.23  22.92  22.45   

21.92  20.83  21.34  22.05  20.36  22.80  22.72  22.52  22.24  22.87  22.40  22.15  22.43  22.71  22.34  22.63   

20.70  21.68  22.39  22.79  21.31  22.19  22.63  22.19  22.49  22.84  22.74  22.31  22.94  23.06  22.39  23.56   





0

21.41  21.02  21.13  20.96  20.91  22.38  21.82  22.93  22.31  21.54  21.84  21.80  21.90  21.93  22.18  21.53   

20.84  20.65  20.54  21.16  21.47  22.11  21.91  21.78  22.01  22.16  22.43  22.50  22.16  22.34  22.64  22.44   

21.34  20.43  21.09  21.37  19.86  22.99  22.29  22.51  22.02  22.44  22.28  21.81  21.84  22.82  21.91  22.32   

20.84  21.26  21.73  22.53  21.16  22.29  22.17  21.96  22.82  22.72  22.50  21.81  22.41  23.33  22.86  22.83   





0

21.43  20.75  21.27  21.34  21.63  22.04  21.83  22.61  22.32  21.77  21.85  21.93  21.79  21.81  22.33  22.18   

20.72  20.53  20.79  20.94  21.37  22.74  22.13  21.69  21.61  22.27  21.91  22.19  22.29  22.23  22.37  21.99   

21.07  20.96  20.99  21.27  19.87  22.69  22.19  22.82  22.34  22.35  22.40  22.04  22.43  22.21  22.20  22.93   

20.85  21.81  22.39  22.30  21.45  22.53  22.29  21.97  22.60  22.61  22.51  22.55  22.17  22.77  22.71  21.95   





0

21.57  21.31  21.26  21.45  21.15  22.14  21.48  22.15  21.98  21.54  21.95  22.15  21.90  22.19  22.32  22.16   

20.57  20.65  20.66  21.05  21.79  22.31  21.91  21.99  21.91  22.36  22.11  22.17  22.27  21.97  22.36  22.28   

20.92  20.69  20.73  21.82  20.02  22.37  22.49  22.61  22.02  22.33  22.39  21.59  23.00  22.20  22.46  22.17   

20.84  21.12  22.12  22.04  21.30  22.52  22.39  22.29  22.36  22.72  22.50  22.78  22.41  22.34  22.54  22.66   





0

21.76  21.06  21.43  21.49  21.42  22.41  21.52  22.41  22.13  21.80  22.10  22.30  22.18  22.61  22.77  22.36   

20.34  20.82  20.94  21.89  21.61  22.35  22.25  21.92  22.05  22.40  22.15  22.43  22.65  22.38  23.08  22.78   

21.24  20.47  21.25  21.74  20.06  22.51  22.74  22.95  22.78  22.16  22.43  22.17  22.23  22.49  22.77  22.35   

21.02  20.89  22.41  22.20  21.48  22.56  22.54  22.10  22.63  22.98  22.77  22.45  22.58  22.52  23.05  23.41   





0

21.59  20.76  21.55  21.11  21.53  22.05  21.62  22.40  22.00  21.90  21.97  22.17  22.28  22.21  22.90  21.87   

20.73  21.06  21.16  21.07  21.39  22.55  22.14  21.71  21.93  21.98  22.13  22.09  22.18  21.87  23.07  23.22   

21.08  20.46  21.00  21.50  19.88  22.29  22.62  23.04  22.35  22.46  22.72  22.38  22.56  22.72  21.93  22.79   

20.71  21.01  21.89  22.68  21.19  22.66  22.31  22.42  22.39  23.20  22.28  22.44  22.57  22.65  22.72  22.68   





0

21.58  21.32  21.67  21.59  21.75  22.73  21.94  22.72  22.21  21.99  22.29  21.70  22.39  22.72  22.47  21.86   

20.45  21.30  21.15  21.52  21.59  22.33  22.23  22.10  21.92  22.89  22.12  22.51  22.29  22.23  23.06  22.75   

21.07  20.70  20.99  21.38  19.71  22.59  22.09  23.02  22.44  22.66  22.50  22.15  22.55  22.83  22.47  22.78   

20.55  21.14  22.00  22.42  21.04  22.87  22.74  22.52  22.83  22.73  22.51  22.55  22.17  23.06  23.19  23.38   





0

22.19  21.46  21.80  23.88  25.21  26.56  25.13  25.57  24.82  24.07  23.73  23.30  22.62  22.85  22.75  22.33   

20.58  21.43  21.51  22.43  24.34  25.29  25.12  24.11  24.07  23.90  23.60  23.04  22.86  22.47  23.06  23.06   

21.35  21.08  21.58  21.60  21.80  24.56  24.68  24.52  24.38  24.23  23.02  22.37  22.78  22.96  23.02  22.48   

21.44  21.81  22.39  22.30  22.00  23.21  23.94  24.28  23.63  24.20  22.74  23.03  22.43  22.77  23.50  23.74   





0

22.37  21.20  21.43  22.22  22.01  22.76  21.85  22.85  22.24  22.46  22.32  22.65  22.65  22.87  23.33  21.89   

20.88  21.07  21.06  21.55  22.04  22.56  22.56  22.43  22.25  23.11  22.68  22.53  22.20  22.75  22.67  23.08   

21.24  21.23  21.49  21.74  19.90  22.82  22.53  22.95  23.08  23.53  23.46  22.72  22.69  22.86  22.77  23.10   

21.17  21.30  22.28  22.45  21.89  22.67  22.76  23.21  23.65  23.89  24.29  23.29  22.97  23.37  23.21  23.23   





0

21.55  21.30  21.64  21.81  21.61  22.48  22.03  22.80  22.41  21.75  21.83  22.59  22.36  22.31  22.44  21.99   

20.69  21.15  21.48  21.84  22.21  22.92  22.51  22.18  22.00  22.76  22.84  22.27  22.49  22.82  22.35  22.73   

21.19  20.93  21.80  22.14  20.01  22.56  22.79  22.60  22.62  22.85  22.69  22.12  22.76  22.81  22.45  22.90   

20.97  21.25  21.85  22.40  21.42  22.39  22.60  22.83  22.69  23.16  22.48  22.52  22.92  23.03  23.16  23.53   





0

22.20  21.05  21.29  21.11  22.00  22.63  21.62  22.73  22.33  21.79  21.75  22.40  22.40  21.83  22.34  22.51   

20.60  21.06  20.57  21.76  21.82  22.55  22.04  21.71  21.31  22.49  22.24  22.20  22.41  22.11  22.52  22.77   

20.66  20.59  20.88  21.39  20.37  22.60  22.42  22.73  22.56  22.57  22.62  22.49  22.45  22.85  22.62  22.64   

20.57  21.15  21.63  22.43  21.87  22.20  22.64  22.42  22.50  22.74  22.64  22.32  22.05  23.07  22.24  22.50   





0

21.59  21.33  21.16  21.11  21.29  22.52  21.50  22.73  22.11  21.79  21.97  22.17  21.81  22.60  22.48  22.03   

20.60  21.06  20.57  21.53  21.71  22.13  21.94  21.71  21.83  22.49  22.13  21.98  22.07  22.11  21.98  22.61   

20.94  20.59  21.36  21.62  19.88  22.39  22.83  22.73  22.46  22.57  22.62  22.38  22.56  22.85  22.07  22.49   

20.71  21.29  22.01  21.95  21.33  22.54  22.42  22.09  22.62  22.85  22.87  22.32  22.70  22.79  23.04  22.68   





0

21.73  21.46  21.54  21.34  21.28  22.50  21.49  22.49  22.43  22.10  21.85  22.16  21.79  22.20  22.75  22.65   

19.90  20.92  20.91  21.40  21.27  22.33  22.13  22.10  21.92  22.58  22.12  21.97  22.40  22.35  22.65  22.60   

20.79  20.57  20.99  21.49  19.87  22.59  22.40  22.72  22.34  22.56  22.40  22.15  22.78  22.21  22.06  22.78   

21.44  21.14  21.62  22.66  21.45  22.42  22.29  22.41  22.49  22.73  22.74  22.43  22.17  22.49  22.87  23.20   





0

21.12  21.32  21.27  21.47  21.40  21.93  21.83  22.16  22.21  21.99  22.07  22.28  21.91  22.46  22.33  21.86   

20.86  21.17  21.03  21.52  21.59  22.53  21.92  22.00  21.71  22.58  22.02  22.29  22.52  22.35  22.51  22.90   

21.21  20.57  21.23  21.60  19.71  22.48  22.51  22.82  22.34  22.77  22.71  22.04  22.20  22.46  21.78  22.78   

20.85  20.59  21.36  22.18  21.72  22.65  22.41  22.41  22.72  22.73  22.39  22.31  22.56  22.77  22.55  22.85   





0

21.29  21.48  21.42  20.99  21.41  22.17  21.84  22.40  22.00  21.68  21.64  22.17  21.57  22.21  22.20  21.87   

20.60  20.80  20.57  21.53  21.82  21.92  22.24  22.01  21.72  22.49  22.45  22.31  22.07  21.99  21.84  22.31   

20.80  20.46  20.76  21.62  19.56  22.39  22.42  22.53  22.15  22.15  22.31  22.16  22.68  22.48  22.35  22.79   

20.27  21.15  21.63  22.19  21.33  22.54  22.42  22.42  22.39  22.63  22.40  22.20  22.05  22.65  22.08  22.86   





0

21.26  20.59  21.26  20.96  21.15  22.14  21.48  22.48  22.31  21.54  21.84  21.92  22.02  21.93  22.60  21.21   

20.16  21.03  20.42  21.39  21.25  22.42  21.91  21.68  21.59  22.47  21.79  22.28  22.39  22.09  22.09  22.74   

20.92  20.94  21.33  21.70  19.53  22.15  22.39  22.61  22.12  22.65  22.60  22.03  22.54  22.45  21.91  22.32   

20.69  21.12  21.86  22.04  21.44  22.29  22.61  22.29  22.59  22.37  22.50  22.17  22.28  22.76  22.22  23.01   





0

20.81  20.89  21.14  21.22  21.16  21.81  21.38  22.27  21.99  21.55  21.52  21.93  21.91  22.07  22.33  21.86   

20.45  20.66  20.91  21.17  21.70  22.22  21.92  21.90  21.50  22.17  22.12  21.97  22.17  21.98  22.24  22.75   

20.64  20.32  20.51  21.38  19.71  22.38  22.40  22.52  22.03  22.35  22.30  21.71  22.43  22.46  22.06  22.33   

20.40  21.14  21.62  22.30  20.62  22.19  22.07  22.41  22.83  22.38  22.39  22.31  22.17  22.20  22.55  22.49   





0

21.43  20.61  20.35  20.97  21.28  22.04  21.83  22.27  21.77  22.10  21.52  22.16  21.44  22.46  22.05  21.86   

19.90  20.66  20.79  21.06  20.94  22.12  21.62  21.79  21.50  22.07  22.23  21.97  22.06  21.98  22.10  22.60   

20.93  20.83  21.11  21.15  19.54  22.27  22.51  22.52  22.03  22.35  22.50  22.04  22.32  22.34  22.47  21.88   

20.55  20.73  21.74  21.93  20.90  22.19  22.07  21.86  22.60  22.38  22.15  22.31  21.91  22.92  22.71  23.03   


