Artem walked with jacket (hood on) and backpack ready for the tundra, then Alex with just a sweatshirt.


0

21.61  21.06  21.43  21.25  21.42  22.30  21.85  22.30  22.02  21.36  21.99  22.07  22.06  22.23  22.22  21.89   

19.92  20.56  20.46  20.97  21.18  21.93  21.65  21.51  21.42  22.20  21.93  22.21  22.08  22.00  21.85  22.78   

20.39  20.98  20.65  21.74  20.38  22.61  22.22  22.14  22.37  22.26  22.53  21.74  22.46  22.12  21.95  22.20   

20.28  21.16  21.38  21.84  20.92  21.99  22.10  21.88  22.29  22.64  22.30  21.85  22.06  22.66  22.41  21.98   





0

21.44  21.19  21.16  21.48  21.29  22.05  21.62  22.62  22.11  21.12  21.86  21.94  21.93  21.57  21.78  21.55   

20.19  20.03  20.21  20.96  21.49  22.55  21.73  21.40  21.72  22.59  21.92  21.55  21.72  21.99  22.39  22.16   

21.08  20.21  21.00  21.39  19.72  22.39  22.31  22.43  21.94  22.25  22.10  21.73  22.21  21.98  22.21  22.64   

20.42  20.74  21.89  21.95  20.77  22.32  22.86  22.09  22.50  22.28  22.28  21.95  21.79  22.07  22.08  22.32   





0

21.34  20.53  21.07  21.28  21.46  22.22  21.44  22.33  22.05  21.61  22.02  21.99  21.74  22.14  22.25  22.56   

20.51  20.73  20.74  21.12  21.44  22.28  21.58  21.65  21.77  22.34  21.97  22.14  22.12  21.79  22.30  21.90   

21.28  20.77  21.05  21.44  19.77  22.55  22.05  22.38  21.99  21.98  22.46  21.88  21.91  22.65  22.12  22.24   

20.62  21.07  21.94  22.00  21.24  22.14  22.02  21.81  22.55  22.68  22.57  22.13  22.23  22.41  22.29  22.37   





0

21.02  21.23  21.19  21.27  21.33  22.09  21.20  22.10  21.82  21.27  21.57  21.98  21.73  22.25  21.82  21.75   

20.36  20.97  20.49  21.11  21.43  22.06  21.57  21.64  21.66  22.53  21.85  22.13  22.11  21.90  22.15  22.04   

20.56  20.88  21.04  21.43  19.43  22.32  22.24  22.37  22.18  22.29  22.24  21.76  22.60  22.27  22.11  22.23   

20.16  20.92  21.67  21.99  20.54  22.01  21.90  21.91  22.65  22.32  22.09  22.11  22.09  22.11  22.44  22.90   





0

21.15  20.78  21.04  21.00  21.19  22.18  21.63  22.52  21.79  21.24  21.76  22.07  21.70  21.97  21.94  21.25   

20.20  20.05  20.70  21.32  21.40  21.93  21.85  21.72  21.42  21.99  22.25  21.78  21.74  22.00  21.99  21.86   

20.67  20.60  20.89  21.63  19.41  22.51  22.22  22.54  22.37  22.37  22.22  21.52  22.34  22.61  22.77  22.50   

20.28  21.03  21.64  21.96  21.34  21.87  22.21  21.99  22.51  22.41  22.30  21.85  22.19  22.23  22.41  22.34   





0

21.48  20.66  20.80  21.15  21.57  21.98  21.65  22.32  21.82  21.49  21.45  21.63  21.61  21.99  22.24  21.75   

19.81  20.71  20.25  21.00  21.21  22.38  21.47  21.74  21.66  22.22  22.17  21.91  21.99  21.90  22.29  22.35   

20.41  20.75  20.80  20.87  19.76  22.64  22.14  22.17  22.29  22.29  22.14  21.98  22.02  22.14  22.25  22.38   

20.46  20.92  21.80  21.86  21.23  22.24  22.12  22.24  22.31  23.12  22.32  22.23  21.96  22.54  21.96  22.54   





0

21.31  21.08  20.92  21.50  20.96  21.96  21.30  22.64  21.92  21.59  22.11  21.97  21.71  21.98  22.51  22.22   

20.49  20.57  20.83  20.98  21.63  22.05  21.96  22.04  22.06  22.52  21.95  22.12  21.52  22.02  22.41  22.49   

21.25  20.36  20.66  21.75  19.42  22.52  22.44  22.05  22.38  22.49  22.33  22.19  22.12  22.50  22.10  22.37   

20.44  21.18  21.65  21.97  21.21  22.11  22.00  22.23  22.76  22.65  22.78  22.95  23.37  22.39  23.06  23.06   





0

21.47  21.36  21.05  21.50  21.20  22.54  22.54  24.85  24.11  23.24  22.55  22.31  21.59  22.63  22.09  22.06   

20.35  20.83  20.59  21.33  21.41  22.16  21.56  22.64  22.47  23.23  23.85  23.19  22.78  21.89  22.28  22.64   

20.83  20.10  20.90  21.64  20.07  22.21  22.23  22.66  24.01  22.80  22.85  23.70  23.17  22.62  22.37  22.07   

20.29  21.18  21.53  22.09  21.35  22.11  22.11  22.34  24.91  24.01  23.25  22.83  23.37  23.66  22.59  22.53   





0

21.63  20.80  21.33  21.64  21.92  23.01  22.44  23.87  23.69  23.90  22.79  22.21  21.85  22.38  22.66  21.75   

20.64  21.23  20.84  21.91  22.39  23.10  22.78  23.56  23.10  24.05  24.07  22.67  22.34  22.15  22.15  22.04   

20.84  20.50  21.52  21.99  22.01  23.79  24.11  23.97  23.92  24.18  24.20  22.42  22.37  22.51  22.25  22.53   

20.75  21.33  21.92  22.35  21.78  23.49  24.10  24.11  23.57  23.69  24.31  22.84  22.09  22.83  22.28  22.72   





0

21.94  21.66  22.63  23.93  23.32  24.04  23.76  24.09  23.79  23.90  22.35  22.67  21.96  21.99  22.10  21.43   

20.91  21.23  22.62  24.29  24.39  23.82  23.58  23.46  24.02  24.74  23.02  22.02  21.65  22.40  22.43  22.80   

21.12  20.75  22.82  23.21  23.28  24.51  23.49  23.87  23.72  24.38  23.38  22.09  22.60  22.02  22.11  22.68   

21.05  21.19  22.69  23.92  22.32  24.05  23.88  23.56  23.45  23.91  22.20  21.99  22.22  22.54  22.12  22.36   





0

21.48  22.08  23.02  23.45  23.55  23.81  22.55  23.54  24.12  23.68  21.79  22.44  21.85  22.25  22.52  21.59   

20.50  21.10  22.38  22.94  23.24  23.72  22.88  23.06  23.82  23.84  22.38  22.24  22.45  21.78  22.43  22.50   

20.98  20.88  21.75  22.88  22.33  23.47  23.70  23.87  23.92  22.71  22.35  22.31  22.25  22.76  21.97  22.23   

20.31  21.19  22.05  22.84  22.46  23.38  23.23  23.78  23.34  22.32  21.85  22.23  22.09  22.40  22.28  23.43   





0

21.62  20.50  20.92  22.36  21.55  22.08  21.64  22.09  21.70  20.70  21.11  21.74  21.71  22.37  22.37  21.42   

20.35  20.44  20.71  21.67  21.63  21.11  21.05  20.91  20.81  21.49  20.98  21.68  21.98  22.14  21.86  22.49   

20.83  20.36  20.66  21.64  20.72  21.36  21.49  21.44  21.13  21.21  21.29  21.53  21.77  22.38  21.96  22.37   

20.89  21.31  21.91  22.22  21.35  21.65  21.22  21.22  21.84  21.73  22.07  21.61  22.33  22.67  22.59  22.88   





0

21.01  21.08  21.18  21.26  21.44  22.54  21.98  22.09  22.03  21.59  22.33  21.62  21.71  22.75  22.79  22.06   

20.07  20.44  20.47  21.33  21.63  22.26  21.86  21.93  21.96  22.41  21.95  22.33  22.21  22.14  22.28  22.64   

20.68  20.74  20.90  21.19  19.58  22.63  22.44  22.46  21.86  22.28  22.02  21.97  22.12  22.38  21.68  21.91   

20.89  21.18  21.91  22.34  21.35  22.34  22.22  22.23  22.64  22.65  22.31  21.98  22.07  22.53  21.95  23.06   





0

21.63  20.80  21.33  21.03  21.45  22.21  21.65  22.43  22.04  21.38  22.01  21.98  21.73  22.51  22.52  22.07   

20.23  20.59  20.49  21.23  21.43  22.27  21.57  21.64  21.55  22.43  21.75  21.91  21.99  22.40  22.70  21.89   

21.26  20.50  21.04  21.43  19.92  22.22  22.35  22.27  21.98  22.40  22.55  22.20  22.37  22.64  22.52  22.53   

19.86  21.60  21.67  21.62  21.50  22.35  21.90  22.35  22.43  21.97  22.32  22.36  22.35  22.40  22.44  22.00   





0

21.94  20.66  21.06  21.27  21.45  22.32  21.20  22.43  21.93  21.49  21.68  21.87  21.96  22.64  22.52  21.75   

19.95  20.84  20.61  20.88  21.75  22.27  21.87  22.15  21.45  22.53  22.49  22.02  21.99  22.03  22.70  22.65   

20.70  20.24  21.28  21.43  19.92  22.22  22.14  22.57  22.08  22.40  22.55  22.74  22.37  22.02  22.66  22.38   

21.05  21.19  21.67  21.99  20.95  22.81  22.23  21.91  22.65  22.43  22.68  22.60  22.35  22.54  23.08  23.08   





0

21.94  21.09  21.19  21.76  21.09  22.44  21.77  21.99  21.82  21.71  21.90  21.98  21.96  22.77  22.52  21.91   

20.36  21.23  20.61  21.34  21.43  22.48  22.28  21.74  21.66  22.33  22.28  21.91  21.88  22.15  22.56  22.80   

20.70  20.75  21.16  21.54  19.76  22.32  22.35  22.77  21.87  22.50  22.35  22.20  22.48  22.64  22.39  22.53   

21.20  21.19  21.80  21.74  21.50  22.81  22.57  22.35  22.43  22.89  22.44  22.48  22.22  22.54  22.60  22.90   





0

21.78  21.37  21.72  21.27  21.80  22.21  21.43  22.43  22.15  22.04  22.01  22.21  21.96  22.25  22.66  22.07   

20.23  20.46  21.08  21.23  21.21  22.27  21.87  21.64  21.97  22.33  22.17  22.34  22.34  21.90  23.11  23.26   

20.84  20.88  21.04  21.65  20.09  22.74  22.24  22.67  22.29  22.50  22.35  22.20  22.60  22.76  22.66  22.53   

20.61  21.46  22.05  22.11  21.36  22.58  22.35  22.24  22.31  22.66  22.91  22.36  22.48  22.68  22.60  22.90   





0

21.33  20.80  20.93  21.27  21.33  22.32  21.99  22.21  22.04  21.49  21.57  22.33  21.85  22.38  22.66  21.75   

20.77  20.71  21.08  21.46  21.32  22.79  21.98  21.84  21.86  22.83  22.38  22.45  21.88  22.03  22.56  22.80   

20.98  21.01  21.63  21.54  19.43  22.64  22.66  22.57  22.60  22.71  22.14  22.20  22.37  22.39  22.11  22.23   

20.90  20.92  22.18  22.35  21.50  22.47  21.90  22.57  22.77  22.55  22.32  22.11  21.96  22.54  22.60  22.72   





0

21.47  20.79  21.31  21.50  21.32  22.54  21.87  22.42  22.25  21.26  22.00  22.20  21.71  21.98  22.51  21.90   

20.35  20.96  20.83  21.33  21.41  22.47  21.66  21.73  21.75  22.11  22.37  21.90  22.21  22.14  22.82  22.64   

20.83  20.36  20.78  21.64  20.23  22.52  22.13  22.56  22.28  22.38  22.33  22.19  22.35  22.25  22.37  22.67   

20.14  20.90  22.04  22.22  21.35  22.57  22.00  21.78  23.10  22.88  22.43  22.46  22.20  22.24  22.59  22.53   





0

22.23  20.36  21.31  21.38  22.26  22.88  21.75  22.42  22.25  21.81  21.67  21.97  22.31  22.37  22.37  22.37   

20.62  20.96  21.07  21.33  21.84  22.67  22.17  21.83  21.85  22.92  22.58  22.22  22.55  22.14  22.82  22.34   

21.11  20.74  21.38  21.53  20.23  22.42  22.65  22.76  22.38  22.70  22.54  21.97  22.59  22.87  22.51  23.12   

21.04  21.45  21.91  22.34  21.35  22.46  22.44  22.45  22.41  22.88  22.78  22.95  21.94  22.81  22.91  22.88   





0

21.63  21.23  21.59  21.88  23.55  23.81  22.99  24.09  23.79  22.81  22.68  22.56  22.44  22.51  22.94  21.75   

20.50  20.71  21.20  22.26  24.08  24.02  23.39  23.66  23.51  23.64  22.28  21.91  22.45  22.52  22.70  23.11   

21.41  21.01  21.87  22.99  23.28  24.20  24.32  24.66  23.82  24.07  22.87  22.31  22.72  22.51  22.66  22.38   

21.20  21.19  22.18  22.59  22.73  23.83  23.99  24.22  24.36  23.91  22.68  22.48  22.87  22.97  23.39  23.79   





0

22.10  21.53  21.47  21.53  22.28  22.91  21.67  23.45  23.04  22.93  22.25  22.68  22.45  22.65  22.81  22.56   

20.65  20.98  21.10  22.04  22.93  23.01  22.69  22.77  22.70  22.95  22.29  22.25  22.81  22.17  22.85  22.97   

21.56  21.02  21.41  22.45  22.50  23.59  23.71  24.08  23.12  22.72  22.67  22.10  22.73  22.40  22.67  22.99   

21.21  21.47  22.45  24.05  23.28  24.29  23.57  23.90  23.69  22.90  22.92  22.61  22.49  22.98  23.09  23.27   





0

21.92  21.50  21.57  21.38  21.32  21.85  21.64  22.20  22.25  22.14  22.00  22.43  22.43  22.88  23.06  22.85   

20.21  21.21  20.71  21.44  20.98  21.32  21.15  20.81  22.06  23.23  22.90  22.65  22.09  22.51  23.23  22.94   

21.53  20.87  21.50  21.30  18.60  21.57  21.39  22.25  22.48  23.33  22.85  22.84  22.70  23.00  22.78  22.97   

20.89  21.85  22.04  21.97  20.94  21.77  21.67  22.34  23.33  23.34  23.48  22.95  23.11  22.95  23.38  24.13   





0

21.80  21.10  21.86  21.16  21.93  22.34  21.89  22.78  22.16  21.73  22.02  22.68  21.98  22.65  23.09  22.24   

20.79  21.11  20.86  21.47  21.65  22.60  22.19  21.86  21.67  22.85  22.61  22.36  22.00  22.78  22.44  22.51   

21.42  21.02  21.41  21.78  20.10  22.86  22.99  23.08  22.61  22.62  22.67  22.54  22.61  22.53  21.85  22.39   

20.47  21.34  22.07  22.48  21.65  22.82  24.22  23.25  22.78  22.79  23.16  22.13  22.49  22.98  22.77  23.62   





0

21.62  21.08  21.57  21.50  21.79  22.43  21.87  22.53  22.36  21.92  21.78  22.20  21.83  22.63  22.65  22.22   

20.62  20.83  20.59  21.44  21.84  22.47  21.76  22.24  21.75  22.52  22.16  22.22  22.21  22.26  22.55  22.64   

20.68  20.74  21.02  21.42  20.07  22.63  22.96  22.56  22.28  22.59  22.44  22.08  22.35  22.38  22.37  22.82   

20.44  21.31  21.53  22.34  21.49  22.57  22.44  21.78  22.64  22.65  22.66  22.22  22.33  22.67  22.59  22.71   





0

21.31  20.79  21.18  21.50  21.32  22.20  21.75  22.31  22.47  21.70  21.89  22.31  22.31  21.98  22.23  22.06   

20.21  20.96  21.07  21.10  21.52  22.16  21.76  21.93  21.96  22.62  22.16  21.90  22.09  22.39  22.28  22.79   

21.39  20.61  21.26  22.09  20.07  22.42  22.34  22.46  22.17  22.07  22.33  21.97  22.12  22.50  22.51  22.52   

21.19  20.49  21.78  21.73  21.49  22.23  22.33  22.34  22.53  22.65  22.66  22.10  22.46  22.81  22.27  22.71   





0

21.64  20.82  21.47  21.65  21.58  22.45  21.78  22.45  22.38  21.84  22.14  22.11  21.98  22.27  22.95  22.40   

20.79  21.11  20.98  21.01  21.55  22.49  21.89  22.36  21.67  22.64  22.61  22.36  22.12  22.78  22.44  22.97   

21.14  20.64  21.05  21.44  19.61  22.23  22.57  22.58  22.51  22.62  22.36  21.99  22.03  22.40  22.67  22.54   

20.62  21.20  21.68  22.24  21.65  22.37  22.25  22.48  22.55  22.79  22.69  22.25  22.36  22.84  22.61  23.09   





0

21.81  21.40  21.22  22.15  21.94  22.35  21.90  22.68  22.29  21.63  22.15  21.89  22.11  22.41  22.82  22.10   

20.52  21.12  20.99  21.37  21.45  22.40  22.10  21.87  21.99  22.45  22.30  22.37  22.59  22.30  22.59  22.98   

21.29  21.03  21.78  21.90  19.95  22.35  22.48  22.69  22.21  22.53  22.27  21.90  22.62  22.04  22.55  22.40   

21.08  20.94  21.56  22.13  21.80  22.49  22.15  22.15  22.68  23.14  22.94  22.74  22.37  22.85  22.46  22.92   





0

21.96  21.40  21.35  21.54  21.83  22.69  21.79  22.46  22.29  21.74  22.26  22.58  21.75  22.66  22.96  22.41   

20.80  20.74  20.87  21.48  21.67  22.50  22.00  21.77  21.99  22.45  22.52  22.26  22.48  22.18  22.86  23.13   

21.43  20.65  21.30  21.79  19.95  22.56  22.58  22.90  22.31  23.16  22.68  22.44  22.86  22.66  22.82  23.00   

21.08  21.62  21.31  22.74  20.98  22.61  22.26  22.38  22.45  23.03  22.94  22.38  22.11  22.85  22.46  23.10   





0

21.68  21.14  21.25  21.08  21.50  22.60  22.04  22.48  22.20  21.98  21.95  22.72  22.01  22.69  22.85  21.96   

21.23  20.51  21.01  21.39  21.58  22.63  22.03  21.79  22.12  22.58  22.54  22.18  22.27  22.20  22.75  22.70   

21.03  20.93  21.45  21.37  19.81  22.37  22.71  22.92  22.65  22.76  22.50  22.25  22.53  22.44  22.57  22.58   

20.95  21.38  21.72  22.52  21.96  22.52  22.51  22.18  22.70  22.71  22.84  22.53  22.40  22.45  22.33  23.66   





0

21.52  21.13  21.63  21.80  21.60  22.25  21.36  22.69  22.41  22.08  21.94  22.48  21.76  22.16  22.56  22.27   

20.54  20.75  20.64  21.49  21.57  22.83  22.52  21.68  21.90  22.36  22.53  22.60  22.49  22.19  22.33  22.39   

20.88  20.54  21.20  21.92  19.96  22.36  22.59  22.71  22.22  22.11  22.18  22.24  22.52  22.43  22.42  22.27   

20.94  20.82  21.45  22.15  21.26  22.62  22.60  22.06  22.92  22.36  22.60  22.51  22.51  22.72  22.80  22.94   





0

21.66  21.40  21.87  21.54  21.59  22.46  21.90  22.35  21.62  21.85  22.04  22.01  22.11  22.41  22.41  21.94   

20.66  21.00  20.87  21.02  21.13  21.99  21.80  21.77  21.79  22.25  22.30  22.37  22.25  22.05  22.45  22.83   

21.29  21.03  20.82  21.23  19.62  22.45  22.37  22.80  22.52  22.63  22.37  21.90  22.51  22.41  22.27  22.55   

20.93  20.81  21.69  22.25  21.53  22.49  22.70  22.49  22.79  22.69  22.70  22.38  22.11  22.99  22.62  23.46   





0

21.80  21.24  21.73  21.41  21.70  24.50  22.00  22.67  21.94  21.50  22.02  22.34  21.86  22.65  22.39  22.40   

20.24  20.98  20.74  21.12  21.44  24.44  23.50  22.16  21.98  22.44  22.61  21.82  22.35  22.41  22.30  22.36   

21.14  20.38  21.17  21.67  19.94  23.90  25.04  22.48  22.51  22.51  22.57  21.78  22.50  22.28  22.26  22.39   

20.92  21.61  21.81  22.12  21.10  23.73  25.09  23.03  23.24  23.36  23.16  21.88  22.49  22.12  23.09  23.27   





0

21.52  20.98  21.23  21.43  22.77  25.42  21.58  22.81  22.52  21.75  21.94  22.02  22.12  22.16  22.70  21.95   

20.67  20.88  21.00  21.49  22.74  24.97  22.42  22.49  22.32  22.67  21.89  22.49  22.83  22.07  22.33  22.54   

21.30  20.67  21.43  21.47  21.89  25.06  24.15  23.71  23.76  22.96  22.70  22.02  24.25  22.80  22.29  22.72   

20.50  20.96  21.96  22.27  21.81  25.20  24.36  24.47  24.95  24.51  24.00  22.63  23.93  23.15  22.16  22.76   





0

21.67  21.13  21.89  23.61  24.96  27.41  25.97  25.98  25.55  26.29  26.19  25.42  23.07  22.29  22.42  22.11   

21.22  20.88  21.60  23.54  26.19  26.58  26.57  25.58  25.37  27.63  27.29  25.66  23.06  22.44  22.46  23.14   

21.44  20.67  21.79  22.47  25.80  25.67  26.38  26.17  25.97  27.07  26.56  24.39  23.45  22.67  22.29  23.46   

21.39  21.63  22.60  22.39  25.04  25.76  25.97  25.66  24.95  25.85  24.81  23.83  23.16  22.58  22.32  22.94   





0

21.20  20.54  21.35  21.42  21.94  24.62  25.64  26.82  25.86  23.82  22.59  22.58  21.63  21.76  22.68  21.94   

20.93  20.74  20.87  21.71  21.24  23.12  23.01  23.18  23.02  22.55  22.52  22.58  22.36  22.18  22.86  22.22   

21.43  21.03  20.58  22.02  19.79  22.98  22.89  22.80  22.42  22.74  22.27  22.22  22.28  22.66  22.55  23.15   

21.08  20.94  21.56  22.98  21.39  22.26  21.93  22.49  22.79  22.80  23.17  22.14  22.37  22.99  22.31  22.74   





0

21.34  20.67  20.55  21.28  21.34  22.34  21.55  22.11  21.94  21.73  21.36  22.22  21.50  22.01  22.25  22.08   

20.37  20.60  20.74  21.35  21.22  22.39  21.89  21.76  21.77  22.24  22.18  22.03  22.35  21.92  22.44  22.06   

20.99  20.51  20.81  21.33  19.45  22.55  22.15  22.68  22.40  22.72  22.25  21.78  22.15  22.15  22.40  21.79   

21.06  21.20  21.42  22.24  21.24  22.25  22.14  22.03  22.44  22.90  22.22  22.25  21.97  22.41  22.13  22.73   





0

21.80  20.67  21.47  21.04  21.46  22.22  22.11  22.45  22.05  21.73  21.69  22.57  21.98  22.01  22.39  21.29   

20.37  20.73  20.50  21.35  21.55  22.39  21.89  21.96  22.08  22.54  22.18  22.14  22.46  22.29  22.16  22.36   

20.99  20.51  21.41  21.33  19.28  22.65  22.78  22.78  22.30  22.20  22.67  22.21  22.15  22.28  22.67  22.39   

20.32  21.20  21.81  22.12  21.65  22.37  21.80  22.70  23.01  22.68  22.57  22.61  23.14  22.27  22.45  23.27   





0

21.19  20.96  21.21  21.41  21.23  22.10  21.67  22.56  21.94  21.39  21.69  22.34  21.50  22.14  22.39  21.77   

20.65  20.34  20.86  21.58  21.76  22.60  21.89  21.96  21.46  22.24  22.08  22.25  22.00  22.29  22.57  21.90   

20.85  20.38  20.57  21.55  20.10  22.86  22.26  22.68  22.51  22.41  22.36  21.78  22.38  22.53  22.53  22.54   

20.92  21.07  22.19  22.36  21.24  22.25  22.25  22.70  22.78  23.02  23.04  22.49  22.49  22.41  23.09  22.37   





0

21.54  21.15  21.39  21.46  21.63  22.62  21.61  22.27  21.88  22.00  22.07  22.16  21.91  22.57  23.41  21.98   

20.70  20.78  20.55  21.75  21.38  22.54  21.94  22.01  22.03  22.49  22.45  22.30  22.28  22.46  22.49  22.56   

21.19  20.18  21.10  21.49  20.47  22.81  22.62  22.93  22.56  22.35  22.41  22.26  22.78  22.58  22.86  23.19   

20.67  21.12  21.86  22.29  21.43  22.53  22.19  22.53  22.72  23.07  22.97  22.78  22.41  22.60  23.14  22.60   





0

21.80  21.81  21.60  21.41  21.70  22.34  21.78  22.33  22.60  21.73  22.02  22.80  21.62  22.01  22.81  22.40   

20.37  21.37  20.86  21.47  22.08  22.60  22.09  22.06  21.77  22.74  22.29  22.03  22.46  22.54  22.85  22.51   

21.14  21.27  20.69  21.55  19.77  22.23  22.67  22.68  22.20  22.51  22.67  22.21  22.50  22.90  22.81  22.99   

20.77  21.20  21.81  21.88  21.65  22.59  22.58  22.36  22.78  22.79  22.45  22.37  22.49  22.55  22.61  23.44   





0

21.47  21.08  21.44  21.14  21.44  22.54  21.98  22.64  22.03  21.48  22.33  22.31  21.59  22.11  22.65  22.06   

20.35  20.96  20.95  21.21  21.52  22.47  22.06  22.04  21.85  22.21  22.27  22.12  21.86  22.63  23.37  22.64   

21.67  20.87  21.02  21.75  19.42  22.73  22.54  22.35  22.89  22.49  22.44  21.97  22.24  22.87  22.37  22.67   

20.89  20.90  22.17  21.97  21.49  22.23  22.66  22.56  22.87  22.77  22.66  22.46  22.98  22.81  22.43  22.88   





0

21.80  20.96  21.21  21.77  21.34  22.10  21.89  22.45  22.16  21.84  22.36  21.99  21.98  22.65  22.95  22.08   

20.51  21.24  20.74  21.47  21.65  22.18  22.29  21.96  21.88  22.03  22.50  22.36  22.69  22.54  22.85  22.51   

20.85  21.15  20.81  21.67  20.10  22.76  22.47  22.18  22.61  22.83  22.36  22.21  22.50  22.53  23.22  23.14   

20.92  21.34  21.55  22.61  21.24  22.71  22.69  22.25  22.55  23.02  22.57  22.37  22.75  23.12  22.77  23.62   





0

21.34  20.96  21.60  21.53  21.46  22.34  21.78  22.67  22.27  21.95  22.47  22.34  21.86  22.52  22.25  21.92   

21.60  21.11  21.10  21.47  21.33  22.28  22.09  21.76  22.08  22.74  22.29  22.57  22.12  22.29  22.57  22.51   

20.43  20.64  21.41  21.44  19.77  22.96  22.26  22.38  22.20  22.83  22.67  22.21  22.61  22.40  22.81  22.99   

20.62  21.20  22.58  22.12  21.51  22.25  22.14  22.25  22.67  22.68  23.04  22.49  22.49  22.69  22.61  22.73   





0

21.66  21.26  21.35  21.79  21.59  23.15  23.90  23.01  22.29  22.18  22.04  22.35  22.11  22.54  22.96  22.88   

20.80  21.12  21.11  21.83  21.77  22.71  22.10  21.87  21.79  22.55  22.62  22.48  22.59  22.18  23.00  22.98   

21.01  20.65  21.42  21.90  20.43  22.66  22.89  22.69  22.21  22.63  22.58  22.12  22.51  22.79  22.27  23.00   

20.93  21.35  21.82  22.25  21.39  22.72  22.48  22.82  23.02  23.03  23.05  22.38  22.63  22.71  23.10  23.10   





0

21.36  21.84  21.63  23.49  24.05  24.19  22.47  22.92  22.52  22.08  22.38  22.94  22.24  22.68  23.11  22.58   

21.36  21.14  20.88  22.18  22.64  25.08  24.22  22.79  21.90  22.77  22.53  22.60  22.72  22.44  22.46  22.99   

21.44  21.05  21.91  22.47  20.61  25.36  24.86  22.81  22.63  22.64  22.38  22.67  22.75  23.05  22.70  23.02   

21.24  21.63  21.96  22.51  21.68  23.30  22.94  23.16  22.92  23.38  22.95  22.51  23.03  23.15  23.59  23.82   





0

22.29  22.13  22.55  24.70  25.43  26.32  25.55  25.88  26.31  26.62  25.34  23.74  22.49  22.56  23.26  22.75   

21.64  21.28  21.84  24.89  26.71  27.29  25.61  25.39  25.38  26.08  24.43  23.25  22.73  22.82  23.43  23.31   

21.60  21.69  21.80  22.60  26.27  27.09  27.39  26.28  25.08  24.64  23.94  22.57  23.34  22.81  22.85  23.03   

21.25  21.78  22.10  23.13  22.91  25.33  26.41  26.52  25.75  24.86  23.78  22.65  22.79  23.02  23.29  24.01   





0

21.98  21.13  21.76  21.80  21.60  22.36  22.14  23.14  22.41  21.97  22.82  22.59  22.00  22.93  22.70  22.27   

20.54  20.88  21.36  21.38  21.89  22.62  22.32  22.49  22.01  23.07  22.32  22.60  22.49  22.56  22.87  22.69   

21.73  20.92  21.55  21.80  20.29  22.47  22.59  23.61  23.04  24.42  24.14  23.21  23.45  23.17  22.29  23.02   

20.94  21.50  22.35  22.39  21.81  22.73  23.16  23.82  25.18  25.41  25.95  25.60  25.46  23.85  23.11  23.65   





0

22.10  20.96  21.34  21.65  21.70  22.68  21.67  22.56  22.71  21.61  21.91  22.68  21.98  22.78  22.67  22.08   

20.65  20.60  20.98  21.70  21.76  22.70  22.09  22.16  22.08  22.64  22.40  22.79  22.58  22.54  22.71  23.12   

21.28  21.27  21.53  21.89  19.61  22.86  22.99  23.28  22.30  22.72  22.57  22.32  22.84  22.65  22.40  22.99   

21.21  21.47  22.19  22.48  21.24  22.71  22.58  22.25  22.90  22.79  23.27  22.49  22.36  22.98  23.09  23.09   





0

21.48  21.09  21.98  21.27  21.21  22.44  21.88  22.32  22.26  22.15  21.90  22.21  22.20  22.64  22.66  21.75   

20.64  20.71  20.96  21.23  21.64  22.17  21.98  21.64  21.45  22.73  22.38  22.24  22.57  22.28  22.43  22.65   

21.12  20.88  21.16  21.32  19.43  22.43  22.45  22.77  22.18  22.29  22.87  22.52  22.83  22.76  22.25  22.38   

20.61  21.46  22.18  22.47  20.81  22.47  22.46  22.35  23.11  22.66  22.44  22.23  23.25  22.54  22.60  22.90   





0

21.48  20.80  21.33  21.52  21.21  21.86  21.43  22.77  22.04  21.71  22.01  22.33  21.73  22.77  22.52  21.59   

20.23  20.59  20.84  21.46  21.64  22.27  21.98  21.84  21.97  22.22  22.07  21.91  21.99  22.28  22.29  22.80   

21.41  20.63  21.28  21.43  19.60  22.32  22.35  22.57  21.77  22.40  22.45  22.52  22.37  22.39  22.25  22.83   

21.20  21.60  21.92  22.11  21.23  22.35  22.12  22.13  22.65  22.66  22.56  21.99  22.22  22.40  22.44  23.25   





0

21.66  20.83  20.96  21.66  21.12  22.69  21.57  22.35  21.95  21.85  21.59  22.35  21.75  22.15  22.27  22.10   

20.80  20.87  20.99  21.48  20.91  22.19  22.20  21.67  21.58  22.45  22.52  21.94  22.25  22.18  22.31  22.37   

21.29  20.40  21.18  21.23  20.43  22.24  22.48  22.59  22.21  22.53  22.37  22.33  22.39  22.29  22.41  22.70   

21.08  21.21  22.21  22.25  21.11  22.38  21.93  22.27  22.22  22.69  22.70  22.50  22.37  22.14  22.15  22.03   





0

21.98  21.13  21.36  21.06  21.60  22.25  21.58  22.47  21.64  21.64  21.94  22.36  21.88  22.42  22.56  21.79   

20.81  21.39  21.00  21.61  21.46  22.52  21.50  21.58  21.59  22.67  22.42  22.27  22.15  22.19  22.87  22.99   

21.30  20.67  21.20  21.92  19.64  22.78  22.18  22.41  22.12  22.54  22.28  22.13  22.17  22.80  22.15  23.02   

20.64  21.09  21.58  21.78  21.40  22.39  22.60  22.28  22.81  22.81  22.48  22.15  22.64  22.58  22.64  22.76   





0

21.80  21.10  21.21  21.16  21.46  22.68  21.33  22.67  22.05  21.73  21.91  22.34  22.21  22.65  22.25  22.40   

20.24  20.73  20.86  21.47  21.65  22.49  21.89  22.06  22.08  22.54  22.18  22.14  22.46  22.78  22.30  22.66   

20.71  21.15  21.17  21.78  20.26  22.55  22.47  22.98  22.92  22.62  22.15  22.43  22.38  22.03  22.81  22.39   

20.92  21.07  21.94  21.75  21.51  22.71  22.80  22.14  22.67  22.68  22.92  22.37  22.49  22.69  22.77  23.09   





0

21.52  20.98  21.36  21.92  21.49  22.13  21.80  22.47  22.19  22.41  21.94  21.67  22.00  22.16  22.28  21.95   

21.08  21.01  20.88  21.49  21.25  22.31  21.81  21.58  21.69  22.77  22.32  22.27  21.92  22.07  22.74  22.69   

21.16  20.54  21.55  21.92  19.96  22.68  22.28  22.71  22.12  21.90  22.28  22.24  22.52  22.55  22.29  22.72   

20.64  21.36  21.71  22.02  21.13  22.73  22.27  21.95  22.81  22.47  22.60  22.39  22.64  22.29  22.00  23.47   





0

21.04  20.97  21.35  21.54  21.00  22.58  21.68  22.46  22.29  21.63  22.04  22.24  21.39  22.15  22.27  22.10   

20.11  20.87  20.87  21.37  21.24  22.19  22.10  21.97  21.79  22.35  22.20  21.72  22.36  22.18  22.59  22.83   

21.15  21.03  21.54  21.68  20.27  22.87  22.48  22.39  22.31  22.53  22.37  21.79  22.74  22.54  22.41  22.55   

20.33  21.76  21.95  22.01  21.53  22.72  21.93  22.15  22.56  22.34  22.46  22.50  22.37  22.42  22.94  22.74   





0

21.52  20.70  21.23  21.19  21.72  22.36  22.03  22.25  22.19  21.97  21.94  22.13  21.88  22.29  22.28  21.79   

20.13  21.01  20.41  21.26  21.36  22.62  21.81  21.78  21.59  22.77  22.32  22.70  22.03  21.94  22.87  22.54   

21.30  20.41  21.20  21.58  19.64  22.47  22.07  22.51  22.22  22.43  22.18  22.13  22.75  22.43  22.70  22.27   

20.94  20.82  21.58  22.51  21.13  22.16  22.27  22.06  22.35  23.38  22.36  22.63  22.25  22.86  22.96  22.94   





0

21.66  21.11  21.09  21.05  21.24  22.58  21.68  22.23  21.84  22.29  21.81  22.35  21.51  22.54  22.55  21.94   

20.11  20.87  20.75  21.48  21.34  22.50  21.80  22.07  21.99  22.76  22.09  22.26  21.79  22.18  22.45  22.68   

20.72  21.16  21.06  21.57  19.62  22.24  22.16  22.59  22.42  22.42  22.37  22.12  22.28  22.17  22.00  22.25   

20.48  21.49  21.95  22.13  21.66  22.61  22.26  22.27  23.02  22.23  22.35  22.50  21.85  21.85  22.62  22.21   





0

21.38  20.57  20.98  21.57  21.50  22.14  21.82  22.60  21.87  21.87  22.06  22.49  22.01  22.04  22.99  22.75   

20.28  20.89  20.66  21.28  21.37  22.22  21.82  22.00  21.71  22.27  22.33  22.29  22.04  22.08  22.48  22.70   

20.89  20.93  20.97  21.82  20.30  22.48  22.71  22.32  22.13  22.66  22.60  21.60  22.07  22.44  22.02  22.43   

20.81  20.97  21.85  22.04  21.55  22.52  22.40  22.18  22.59  22.83  22.61  22.65  22.27  22.73  23.29  23.13   





0

21.54  21.30  21.52  21.46  21.28  22.73  21.49  21.83  22.43  21.78  22.30  22.50  21.91  22.57  22.72  22.14   

20.70  20.78  20.79  21.17  21.70  22.65  22.34  22.01  21.82  22.59  22.23  21.97  22.06  21.97  22.49  22.72   

21.19  20.18  21.10  21.49  19.66  22.49  22.83  22.53  22.45  22.88  22.20  22.15  22.43  22.20  22.17  22.74   

20.67  21.39  21.73  22.53  20.88  22.53  21.85  22.86  22.72  22.61  22.38  22.54  22.28  22.89  22.66  22.96   
 

