Person walking out of the room and then back in

0

21.29  20.33  20.89  21.23  20.58  22.40  21.62  22.40  21.67  21.68  21.53  21.71  21.57  22.21  22.20  21.87   

20.19  20.55  20.21  20.96  20.96  21.92  21.63  21.50  21.41  22.29  21.92  21.98  21.84  21.87  21.42  22.46   

20.80  19.82  20.64  21.28  19.88  22.07  21.89  22.43  22.15  21.93  22.20  21.83  22.33  22.10  22.07  22.49   

20.27  21.01  21.50  21.70  21.19  22.20  22.09  21.98  22.27  22.28  22.64  21.83  22.05  22.36  21.92  22.14   





0

21.13  20.48  20.76  20.74  20.82  22.29  21.50  22.28  21.67  21.79  21.53  22.40  21.69  21.96  22.34  21.71   

20.32  20.29  20.45  21.30  21.17  22.34  21.84  22.11  21.51  22.29  22.03  21.66  22.07  22.36  22.11  22.31   

20.66  20.21  21.24  21.05  19.72  22.29  22.21  22.23  22.04  22.57  22.31  21.94  22.10  21.85  22.07  22.04   

20.42  20.74  21.37  21.95  20.91  22.20  21.86  22.09  22.73  22.17  22.05  22.08  21.66  22.65  22.40  23.39   





0

21.30  20.35  20.77  20.88  21.54  22.07  21.63  21.74  21.79  21.58  21.88  21.84  21.46  22.23  21.66  21.73   

20.20  20.69  20.10  20.62  21.08  22.04  21.95  21.51  21.42  22.20  21.93  21.67  21.97  21.88  22.40  22.47   

20.81  19.96  20.89  21.40  19.41  22.51  21.90  22.44  21.75  22.37  22.22  22.07  22.11  22.24  21.95  22.20   

20.73  21.03  21.38  22.20  20.79  21.99  21.76  21.77  22.40  22.64  22.65  21.97  21.54  22.09  22.41  22.51   





0

20.94  20.44  20.46  20.95  21.02  21.90  21.13  21.69  21.74  21.08  21.60  21.79  21.17  21.79  21.89  21.04   

19.73  20.38  20.89  21.26  21.24  21.99  21.39  21.67  21.68  22.25  21.67  22.05  21.92  21.58  22.35  22.27   

20.48  20.42  21.08  21.02  19.03  22.35  21.96  22.09  22.11  21.90  22.06  21.58  21.94  22.19  22.31  22.00   

20.23  20.84  21.20  21.79  21.01  21.93  21.71  22.05  22.24  22.59  21.89  22.28  22.01  22.18  22.36  22.11   





0

21.13  20.76  21.16  20.99  20.94  21.82  21.39  22.06  21.45  21.23  21.75  22.40  21.57  21.70  21.78  21.55   

19.64  20.29  20.33  20.84  21.28  22.13  21.53  21.71  21.62  22.29  21.60  21.77  22.07  21.99  22.39  22.16   

20.52  20.33  20.76  21.05  19.72  22.07  22.21  22.33  22.15  22.36  22.00  22.05  22.33  22.23  22.07  21.74   

20.71  20.74  21.76  21.70  21.05  22.09  22.31  21.87  22.39  22.17  22.40  21.95  22.05  22.36  22.88  22.68   





0

21.62  20.36  20.79  20.64  20.73  21.73  21.53  21.86  21.81  21.81  21.78  22.08  21.47  21.98  22.09  21.58   

20.49  20.83  20.59  20.98  21.52  22.05  21.25  21.42  21.44  22.11  22.05  21.79  22.32  22.14  22.28  21.57   

20.26  20.49  21.14  21.19  19.58  22.10  21.92  22.35  22.38  22.38  22.23  21.53  21.89  22.50  22.10  22.37   

20.44  21.18  21.14  21.97  21.35  22.34  22.11  22.23  22.64  22.19  22.55  21.86  21.81  22.24  22.43  21.99   





0

21.12  20.32  20.48  20.61  20.81  21.81  21.15  22.61  21.55  21.44  21.85  21.93  21.56  22.46  22.05  21.70   

20.17  20.53  20.07  20.60  20.94  21.91  21.52  21.59  21.61  22.17  21.80  21.75  21.60  22.10  22.24  22.14   

20.22  20.06  20.51  20.93  19.71  22.27  22.61  22.32  22.03  21.71  22.09  21.71  22.20  22.34  21.92  21.72   

20.55  21.14  21.74  21.44  20.90  21.85  21.63  21.97  22.49  22.27  22.51  21.82  22.17  22.35  23.19  22.85   





0

21.13  20.62  20.89  20.74  21.17  22.05  21.39  21.95  21.78  21.34  21.64  21.83  21.81  21.96  22.06  21.24   

19.91  20.16  20.21  20.84  20.96  22.23  21.73  21.50  21.31  22.19  21.92  21.66  21.84  21.87  21.98  21.70   

20.37  20.33  20.88  21.50  19.23  21.86  22.10  22.43  22.04  22.25  22.20  21.51  22.10  21.98  22.21  22.04   

20.71  20.60  21.37  21.58  21.05  21.74  22.09  21.54  22.39  22.51  22.64  22.08  22.44  22.22  22.24  21.96   





0

20.97  20.18  21.01  21.10  21.16  21.93  21.04  21.71  22.10  21.33  21.52  22.05  21.79  22.07  22.33  21.38   

20.17  20.66  20.79  21.52  21.05  22.01  21.42  21.59  21.40  22.17  21.91  21.97  22.17  21.85  22.10  21.84   

20.50  19.68  20.87  20.93  19.54  22.48  22.09  22.11  22.13  22.24  22.61  21.71  21.97  22.34  22.06  21.88   

20.40  21.14  21.10  21.44  21.17  22.65  22.07  21.86  22.03  22.15  22.15  22.06  21.77  21.92  22.39  22.13   





0

21.30  20.63  20.90  21.25  20.95  21.95  21.29  22.18  21.57  21.47  21.88  21.72  21.58  21.71  22.08  21.09   

20.06  20.94  20.46  20.97  21.51  22.04  22.35  21.51  21.63  22.61  22.25  21.78  22.08  22.13  21.85  22.17   

20.81  20.09  21.13  21.07  19.41  22.19  22.22  22.34  22.47  22.16  22.43  21.85  22.11  22.12  21.25  21.60   

20.43  21.71  21.64  21.59  21.06  22.21  22.10  21.88  22.29  22.06  22.18  22.45  21.80  22.23  22.09  22.51   





0

20.83  20.62  20.63  20.86  20.94  22.29  21.62  21.84  22.22  21.34  21.97  22.06  21.69  22.21  22.06  21.71   

20.19  20.68  20.09  21.19  21.49  22.13  21.43  21.71  21.51  21.98  21.81  21.87  21.84  21.87  22.11  22.31   

20.37  20.33  20.76  21.05  19.23  22.07  22.00  22.53  22.04  22.25  22.10  21.94  22.21  22.10  21.80  21.89   

20.71  20.74  21.76  22.31  21.19  22.20  22.09  22.31  22.27  22.28  22.64  21.83  22.31  22.22  21.76  22.50   





0

20.84  20.49  21.04  21.37  21.07  21.95  21.29  22.18  22.35  21.36  21.76  22.07  21.70  21.84  21.66  21.09   

20.20  20.43  20.46  21.09  21.29  22.25  21.44  21.82  21.73  21.99  22.15  21.89  22.08  21.88  22.54  22.32   

20.81  20.60  20.65  21.29  19.90  22.30  22.32  22.34  22.06  22.26  22.01  21.74  22.11  21.62  22.09  22.05   

21.02  21.16  21.51  21.72  21.06  21.87  21.99  21.77  22.06  22.52  22.06  22.21  22.32  22.23  22.25  22.16   





0

20.83  20.62  21.02  21.11  21.65  21.94  21.28  21.95  21.89  21.34  21.64  21.71  21.33  22.47  22.34  21.71   

20.05  20.55  20.57  20.96  21.60  21.50  21.63  22.11  21.31  22.59  21.92  22.20  22.30  22.11  22.39  22.31   

20.66  20.21  20.76  21.17  19.56  22.07  22.10  22.33  21.94  22.36  22.00  21.51  21.63  21.98  22.21  22.34   

20.57  21.15  21.50  21.70  20.91  21.86  22.20  21.98  22.27  22.85  22.28  22.20  22.18  22.50  22.72  22.32   





0

21.15  20.78  20.64  21.25  20.95  21.95  21.40  22.07  21.90  21.69  21.88  21.96  21.70  21.97  21.80  21.25   

19.92  20.30  20.58  21.20  21.29  21.93  21.75  21.62  21.63  22.30  22.04  22.10  22.20  21.88  22.54  22.17   

20.81  20.35  20.89  21.18  19.73  22.40  22.11  22.54  22.16  22.37  22.43  22.07  22.34  22.24  21.95  22.20   

20.88  20.89  21.77  21.96  21.20  22.44  22.21  21.88  22.17  22.64  22.18  22.33  21.80  22.52  22.41  22.87   





0

21.31  20.65  20.92  21.38  20.96  22.31  21.87  22.31  22.03  21.37  21.55  22.08  21.71  22.24  22.09  21.42   

19.94  20.57  20.35  21.33  21.52  23.81  22.27  21.93  21.64  22.21  22.27  22.22  22.21  22.14  22.14  22.03   

20.97  20.23  20.90  21.42  19.58  24.60  24.00  22.76  22.17  22.07  22.23  22.08  22.24  22.25  22.51  21.91   

20.29  20.77  21.53  21.73  20.94  23.48  24.63  22.34  22.87  22.54  22.31  22.46  21.81  22.67  22.27  22.71   





0

20.99  20.92  21.04  21.74  23.75  23.44  21.74  22.52  22.35  21.80  21.76  21.84  21.34  22.10  22.63  21.41   

20.06  20.94  20.82  21.55  23.95  24.00  22.76  22.73  22.56  23.11  22.57  21.78  22.08  22.25  22.40  22.63   

20.81  20.47  20.89  22.19  23.57  25.30  24.09  25.33  24.41  24.56  23.67  22.61  22.34  22.12  22.63  22.05   

20.13  20.62  21.64  22.08  24.05  24.92  24.73  26.13  26.01  25.13  24.98  24.13  22.19  23.08  22.57  22.69   





0

21.15  20.35  21.17  21.61  22.48  24.69  25.91  26.67  26.34  25.49  26.02  25.80  24.41  22.49  22.22  21.73   

19.79  20.30  20.46  21.32  21.94  24.10  25.05  26.69  26.21  26.11  24.36  23.71  22.54  22.50  22.67  22.78   

20.53  20.47  21.01  21.29  19.90  23.14  24.29  25.23  25.01  23.94  22.94  22.17  22.11  22.36  21.81  22.20   

20.58  20.62  21.77  21.96  21.20  22.44  22.43  22.88  22.86  22.64  22.18  22.69  22.32  22.37  22.09  22.69   





0

20.98  20.62  21.02  21.11  21.29  22.17  21.62  21.95  21.78  22.56  21.75  22.29  21.45  21.96  22.20  21.08   

20.19  20.29  20.57  21.19  21.17  22.13  21.63  21.50  21.62  22.08  22.24  21.77  22.07  21.87  22.11  21.85   

20.80  20.33  20.76  21.50  19.23  22.18  22.10  22.13  22.35  21.93  22.20  21.83  22.33  22.23  21.93  22.19   

20.27  21.01  21.24  21.33  20.64  22.20  21.64  21.42  22.39  22.40  22.40  21.95  22.05  21.93  22.08  22.68   





0

20.67  20.33  20.76  21.23  20.82  21.71  21.28  22.28  21.67  21.34  21.30  21.48  21.57  21.83  22.34  21.87   

19.77  20.80  20.57  20.73  21.17  22.34  21.84  21.81  21.41  22.08  21.60  21.77  21.84  21.99  21.70  22.46   

20.23  20.33  20.76  21.05  19.56  22.29  22.10  22.73  22.15  22.25  22.31  21.40  22.45  22.48  21.93  22.04   

21.16  20.47  21.50  21.46  20.64  22.32  21.75  22.09  22.39  22.40  22.17  21.59  22.18  22.07  22.24  23.04   





0

21.15  20.63  21.17  21.12  21.31  21.95  21.29  21.96  21.68  22.02  21.99  22.07  21.34  22.23  22.36  21.89   

19.65  20.82  20.82  21.09  21.51  21.83  21.85  21.62  21.42  22.40  22.04  21.99  21.97  22.13  22.54  22.47   

21.10  20.73  20.89  21.63  19.41  21.88  22.11  22.54  22.26  22.26  22.53  21.85  22.23  22.36  22.09  22.80   

20.43  21.03  21.51  21.47  20.79  22.56  21.76  21.88  22.51  22.64  21.94  22.45  22.32  22.23  22.25  22.51   





0

21.15  20.92  20.51  21.12  21.42  21.95  21.63  22.30  21.79  21.58  21.32  22.42  21.70  22.36  22.22  22.04   

19.79  20.56  20.46  20.85  20.75  22.04  21.75  21.82  21.73  22.30  21.72  21.99  21.97  22.13  22.13  22.17   

20.67  20.73  20.89  21.40  19.41  22.30  22.22  22.14  22.06  22.37  22.11  21.74  22.34  22.12  22.22  22.35   

20.43  20.75  21.77  22.08  20.92  21.99  22.10  22.10  22.74  22.41  22.18  22.33  22.06  22.80  22.57  21.98   





0

21.47  20.50  21.44  20.89  21.08  22.08  21.64  22.31  22.03  21.81  22.00  21.97  21.83  22.37  22.51  21.74   

20.62  20.19  20.59  21.21  20.98  22.05  21.96  21.73  21.64  22.41  22.58  22.22  21.98  21.89  22.41  22.49   

20.68  20.99  21.26  21.42  19.91  22.52  22.34  22.46  22.17  22.38  22.23  21.64  22.47  22.38  22.37  22.52   

20.74  20.77  21.91  21.73  20.66  22.57  22.00  22.12  22.87  22.77  22.19  21.98  21.81  22.24  22.59  23.42   





0

21.29  20.62  21.68  21.36  21.76  22.29  21.84  22.28  22.11  21.56  22.09  21.83  21.81  22.34  21.92  21.87   

20.32  21.19  20.81  21.42  21.17  22.23  21.84  22.01  21.72  22.70  22.13  22.20  21.61  21.87  22.80  22.77   

20.94  20.97  21.24  21.39  20.05  22.18  22.62  22.83  22.25  22.04  22.52  21.94  21.75  22.10  22.35  22.64   

20.42  20.74  21.76  22.19  21.33  22.54  22.31  21.87  22.39  22.97  22.40  22.44  22.18  22.65  22.24  23.22   





0

20.54  21.22  20.92  21.14  21.55  22.54  21.19  22.09  22.03  21.92  21.78  22.20  21.71  22.11  22.23  22.06   

20.35  20.96  21.07  20.98  21.41  22.47  21.66  21.73  21.85  22.52  22.27  22.12  22.09  21.77  22.41  23.24   

20.68  20.49  21.02  21.75  20.23  22.52  22.54  22.56  22.58  22.28  22.33  22.08  22.00  22.25  22.10  22.82   

20.29  21.18  21.40  22.09  21.08  22.34  22.33  22.23  22.53  22.77  22.66  22.46  22.46  22.39  23.06  23.06   





0

21.44  20.62  21.29  21.36  21.17  22.29  21.28  22.17  22.00  21.34  21.64  22.29  21.69  21.83  22.48  20.92   

20.46  20.80  20.69  21.42  21.28  22.44  21.53  21.50  21.20  22.29  22.24  21.77  22.41  22.11  22.39  22.77   

20.66  20.21  21.12  21.17  19.88  22.39  22.21  22.43  21.94  22.36  22.31  21.83  21.98  22.10  22.35  22.34   

20.71  21.42  21.37  21.83  21.19  22.32  22.31  22.09  22.39  22.05  22.52  22.32  22.44  22.36  23.04  22.68   





0

21.01  20.65  20.92  21.01  21.32  21.96  21.30  22.09  22.03  21.70  21.78  21.97  21.71  22.37  22.51  21.74   

20.21  20.70  20.71  21.10  21.30  22.16  21.76  22.24  21.64  22.52  21.84  22.01  22.44  22.26  22.14  22.79   

20.97  20.74  21.26  21.53  19.91  22.21  22.65  22.56  22.28  22.59  22.54  22.08  22.12  22.87  22.37  22.22   

20.59  21.18  21.78  21.85  20.94  22.23  22.22  22.23  22.64  22.77  22.19  22.10  22.72  21.81  22.43  22.53   





0

21.78  21.23  21.33  21.15  21.33  22.32  21.65  22.32  21.82  22.15  21.90  22.10  22.08  22.77  22.24  21.59   

20.23  20.97  20.73  21.11  21.53  22.06  22.08  21.84  21.76  22.22  22.60  22.24  22.22  22.28  22.56  22.04   

20.98  20.50  21.28  21.65  20.25  22.74  22.56  22.57  22.08  22.40  22.24  21.87  22.02  22.27  22.52  22.98   

20.90  20.51  21.54  22.11  20.95  22.24  22.01  22.24  22.43  22.55  22.44  22.48  22.09  22.40  22.44  23.43   





0

21.61  20.63  21.43  21.49  21.31  22.53  21.85  22.52  22.24  22.13  22.10  22.42  21.94  22.36  22.08  21.73   

20.47  20.82  21.06  21.55  21.72  22.45  21.75  21.82  22.05  22.50  22.36  22.43  22.20  22.13  22.40  22.78   

21.52  20.47  21.13  21.52  19.90  22.61  22.11  22.54  22.06  22.79  22.32  22.28  22.57  22.49  22.36  22.05   

20.28  21.43  21.51  22.08  21.06  22.10  21.99  22.33  22.74  22.52  22.65  22.45  22.19  22.66  22.57  23.05   





0

21.92  21.08  21.31  21.38  21.20  22.20  21.64  22.20  21.92  21.92  21.55  22.31  21.95  21.85  22.23  22.22   

20.07  20.96  20.59  21.67  21.52  22.47  21.76  21.83  21.64  22.31  21.95  22.12  22.21  22.39  22.69  22.79   

21.11  20.49  21.14  21.30  19.75  22.42  22.34  22.46  22.17  22.28  22.23  21.97  21.89  22.50  22.51  22.52   

21.04  20.63  21.78  21.97  20.94  22.57  22.11  22.45  22.41  22.54  22.43  22.10  22.33  22.24  22.27  22.71   





0

21.02  21.09  21.46  21.03  21.68  22.32  21.65  22.10  22.48  21.38  22.12  22.33  22.20  21.74  22.66  22.07   

20.50  20.97  20.96  21.34  21.32  22.38  21.77  21.84  21.86  22.43  22.70  21.91  22.34  22.15  22.15  22.80   

20.70  20.37  21.04  21.77  20.09  22.64  22.14  22.57  22.18  22.29  22.24  22.09  22.60  22.39  21.97  22.53   

20.75  21.19  22.18  22.11  21.64  22.58  22.46  22.35  22.65  22.55  22.56  22.60  22.22  22.26  22.60  22.54   





0

21.62  21.36  21.31  21.26  21.44  22.08  21.98  22.31  22.03  21.59  22.11  21.74  21.95  22.37  22.09  21.74   

20.49  21.47  20.83  21.10  21.73  22.26  21.76  21.83  21.64  22.31  22.05  21.79  21.98  22.02  22.14  22.49   

20.68  20.61  20.54  21.19  19.91  22.63  22.54  22.46  22.28  22.38  22.33  21.97  22.12  22.50  22.37  21.91   

20.89  20.77  21.65  21.85  21.49  22.34  22.22  21.67  22.98  22.31  22.43  22.34  22.07  22.39  22.11  22.88   





0

21.91  20.78  21.04  21.49  21.07  22.30  21.74  22.41  22.02  21.58  21.76  22.19  21.58  22.74  22.63  21.89   

20.34  20.94  20.70  21.20  21.61  22.45  21.85  21.72  21.94  22.50  22.04  22.32  22.08  22.00  22.95  22.32   

20.67  20.60  21.25  21.63  19.24  22.51  22.32  22.34  22.67  22.48  22.43  22.17  22.34  22.12  22.63  22.80   

20.43  21.43  21.77  22.20  21.20  22.44  22.10  21.88  22.29  22.52  22.41  22.21  22.58  22.37  22.25  23.41   





0

21.62  21.36  21.71  24.63  25.36  26.37  24.73  25.17  26.25  25.71  25.17  24.58  22.31  22.75  22.09  22.85   

20.76  21.85  21.19  23.38  25.73  26.03  25.25  24.64  24.62  24.93  24.06  22.65  22.55  22.39  22.69  22.94   

21.53  21.12  21.62  22.09  22.95  25.62  25.63  25.44  24.52  24.06  22.96  22.29  22.47  23.12  22.65  23.12   

21.04  21.72  22.17  22.22  22.04  24.93  24.85  24.86  24.34  23.79  22.66  22.71  22.72  22.67  22.75  23.06   





0

22.05  21.05  21.94  21.72  21.76  22.52  22.18  23.17  22.44  22.12  22.42  22.52  22.05  22.47  22.48  22.51   

21.14  20.93  21.28  21.76  21.92  22.86  22.54  23.02  22.55  22.49  22.67  22.20  22.41  22.73  23.07  22.92   

21.37  21.22  21.48  21.50  19.88  22.81  22.94  24.03  23.48  22.78  22.93  23.13  23.37  23.22  22.35  23.39   

21.01  21.56  22.53  22.31  21.46  22.77  23.19  23.85  24.55  24.10  23.81  23.64  23.47  23.21  23.20  23.22   





0

21.33  21.23  21.46  21.64  21.57  22.55  21.99  23.21  22.37  22.15  22.23  22.33  21.96  22.77  22.52  22.54   

21.05  20.97  20.84  21.69  21.43  22.27  22.28  21.84  22.07  22.53  22.49  22.24  22.79  22.40  22.56  22.80   

21.83  20.88  21.40  21.65  20.09  22.64  22.66  22.77  22.18  22.92  22.66  22.52  22.95  22.76  22.66  22.83   

21.05  21.60  21.92  21.99  21.36  22.70  22.68  22.68  23.11  22.66  22.91  22.84  22.74  23.11  23.71  23.79   





0

21.17  21.52  21.59  21.64  21.80  22.55  21.99  22.55  21.82  21.82  22.23  22.10  21.96  22.12  22.66  21.75   

20.50  21.23  21.08  21.46  21.64  22.48  22.38  21.84  21.76  22.43  21.85  22.13  22.22  22.40  23.11  23.26   

20.84  20.75  21.52  21.09  20.41  22.53  22.03  22.77  22.29  22.82  22.76  22.20  22.25  22.64  22.66  22.08   

20.31  20.92  22.05  22.11  21.64  22.70  22.68  22.24  22.31  22.43  22.68  22.36  22.74  22.83  22.60  22.90   





0

21.78  21.37  21.33  21.64  21.21  22.44  21.43  23.10  21.93  21.82  22.01  22.21  21.85  22.25  22.80  22.23   

20.36  21.10  21.08  21.23  21.53  22.58  21.87  21.95  22.07  22.53  22.28  21.91  22.57  22.40  22.29  22.50   

20.70  20.75  21.40  21.77  19.76  22.32  22.45  22.47  22.08  22.50  22.24  21.87  22.48  22.76  22.25  22.08   

21.05  21.19  21.54  21.62  21.23  22.01  22.57  22.24  22.65  22.43  23.03  22.11  22.35  22.26  22.76  22.72   





0

21.63  20.95  21.06  21.15  21.33  22.21  21.99  22.21  22.26  21.82  21.57  22.10  21.85  22.77  22.52  22.07   

20.36  20.46  20.84  21.46  21.43  22.48  22.28  22.15  21.86  22.33  22.07  22.02  22.45  22.15  22.15  22.65   

20.84  20.37  21.40  21.32  19.76  22.64  21.93  22.97  22.60  22.71  22.55  21.87  22.60  22.14  22.66  22.68   

21.05  21.87  21.54  21.25  21.23  22.35  22.46  22.57  22.54  22.55  23.03  22.48  22.48  23.11  22.76  23.25   





0

20.83  21.05  21.55  21.48  21.65  22.29  22.06  22.84  22.55  22.23  21.64  22.29  21.93  22.34  22.48  22.51   

20.73  21.06  20.92  21.53  21.60  22.55  21.94  21.81  21.72  22.39  22.56  21.98  22.41  22.24  22.66  22.61   

21.37  20.97  21.00  21.95  20.05  22.60  22.10  22.63  22.35  22.46  22.20  22.27  22.56  22.97  22.35  22.34   

21.16  21.29  21.89  22.07  21.05  22.66  22.53  22.42  22.85  22.63  22.99  22.32  22.83  23.07  22.72  23.57   





0

21.78  21.37  21.06  21.39  21.33  22.67  21.77  22.43  21.71  21.38  21.90  22.33  22.08  22.12  22.38  22.23   

20.64  20.97  20.84  21.57  21.32  22.48  22.38  21.74  21.66  22.22  21.85  22.56  22.34  22.52  22.01  22.80   

21.55  20.75  21.04  21.54  19.60  22.85  22.56  22.87  22.70  22.82  22.55  22.20  22.13  22.39  22.52  22.08   

20.61  21.33  22.05  22.11  21.09  22.47  22.46  22.02  22.77  23.01  22.20  22.11  22.48  22.97  22.76  22.36   





0

21.61  20.92  21.17  21.25  21.07  22.64  21.40  22.52  22.02  21.69  21.88  22.30  21.82  22.23  22.36  21.73   

20.06  20.94  20.58  21.32  21.29  22.14  21.54  21.41  21.63  22.20  22.36  21.67  22.08  22.00  22.26  22.78   

20.67  20.09  21.13  21.74  19.24  21.98  22.32  22.54  22.26  22.37  22.01  22.07  22.11  21.87  21.81  22.50   

20.88  21.30  22.03  21.84  21.06  22.44  22.43  22.10  22.40  22.41  22.65  22.45  22.58  22.66  22.41  22.51   


