Person walking out of the room and then back in

0

20.87  20.48  20.71  21.02  20.47  21.59  20.70  21.70  21.20  20.98  21.06  21.37  20.51  21.13  21.36  20.36   

20.29  20.61  19.98  20.25  20.91  21.23  21.04  21.12  20.93  21.70  21.23  20.85  20.45  20.80  20.45  20.68   

21.22  20.90  20.90  21.03  19.17  21.91  21.62  22.05  21.36  21.67  21.52  21.36  21.53  20.53  20.69  21.03   

20.14  20.57  21.31  21.62  19.93  21.51  21.73  21.84  22.51  22.40  21.84  21.63  21.62  22.10  22.03  22.17   





0

21.32  20.61  20.96  21.13  20.94  21.81  20.91  22.03  21.30  20.75  21.05  21.47  20.50  20.60  20.93  20.99   

20.42  20.72  19.96  20.70  20.79  21.11  21.33  20.80  21.12  21.38  21.11  21.06  20.32  20.78  20.71  20.98   

20.92  20.76  20.76  21.25  19.48  21.48  21.82  21.83  21.76  21.56  21.61  21.68  21.52  20.52  20.68  20.26   

20.58  20.83  21.30  21.73  20.75  22.18  21.94  21.72  22.04  22.04  21.70  21.50  21.61  22.09  22.50  22.52   





0

21.32  20.47  20.70  20.77  20.58  21.58  21.02  21.24  21.18  20.75  21.27  21.12  20.74  20.33  20.93  20.99   

20.55  20.34  20.44  20.70  20.46  21.32  20.92  20.90  20.71  21.49  20.90  21.28  20.67  20.66  20.43  20.36   

20.92  20.76  20.88  21.25  19.81  21.90  21.08  22.14  21.97  21.56  21.82  21.24  21.87  20.77  20.40  19.95   

20.28  20.83  21.56  21.73  20.47  22.30  22.05  22.28  22.27  22.04  22.30  21.62  21.34  21.95  21.05  21.98   





0

21.03  20.19  20.84  20.78  20.95  21.82  20.47  21.48  21.31  21.54  21.06  21.48  20.51  20.61  21.22  21.16   

20.29  20.86  20.10  20.37  20.26  21.44  21.14  20.81  20.51  21.29  21.02  21.29  21.03  20.17  21.00  20.53   

20.94  20.64  20.90  20.70  19.50  21.60  21.62  21.74  21.46  21.67  21.52  21.14  21.88  20.91  20.97  20.42   

20.74  20.84  21.57  21.50  20.21  22.08  21.84  21.96  22.16  22.05  22.19  21.87  22.14  21.96  22.19  21.63   





0

21.32  20.47  20.57  20.77  20.70  21.70  20.91  21.80  21.07  20.52  21.05  21.24  20.86  20.33  20.93  20.82   

20.14  20.46  19.96  20.47  20.46  21.01  20.72  21.11  20.71  21.28  21.11  20.84  20.78  20.53  20.57  20.36   

20.92  20.63  21.00  21.13  19.65  21.69  21.50  22.04  21.97  21.98  21.40  21.46  22.10  21.02  20.40  21.02   

20.58  21.10  21.43  21.49  20.89  21.84  21.83  22.28  22.38  22.62  22.18  21.50  21.47  21.95  21.86  21.98   





0

21.02  20.61  20.96  21.13  20.70  21.58  20.80  21.80  21.18  20.97  21.38  21.47  20.62  20.99  21.07  20.50   

20.42  20.59  19.84  20.59  20.57  21.11  21.23  21.31  20.07  21.18  20.46  21.71  20.32  20.66  20.99  21.13   

20.92  19.99  20.76  21.13  19.48  21.58  21.82  21.94  21.66  21.66  21.61  21.68  21.40  20.77  20.82  20.87   

20.72  20.42  21.30  21.61  20.47  21.96  21.38  21.83  22.15  22.16  21.82  21.86  21.87  22.09  22.02  21.80   





0

20.72  20.62  20.58  21.27  20.47  21.36  20.92  21.93  21.31  21.09  20.95  21.60  20.63  20.74  21.64  20.84   

20.29  20.73  19.86  20.72  20.58  21.12  21.14  21.02  21.03  21.40  21.02  21.07  20.45  20.54  20.45  20.99   

20.80  20.52  20.54  21.37  20.79  22.86  21.83  21.95  21.77  22.20  21.63  21.58  21.41  20.78  20.41  20.73   

20.29  21.12  21.18  21.62  21.17  25.35  22.73  22.29  22.39  22.28  21.95  21.87  22.14  21.82  22.35  21.99   





0

21.32  20.89  20.70  20.89  22.58  22.39  20.91  21.69  21.41  20.97  20.82  21.47  20.86  20.33  21.07  21.31   

20.14  20.59  20.20  21.17  25.02  25.33  21.13  21.11  20.81  21.28  21.22  21.39  20.32  20.28  20.99  20.52   

20.78  20.76  20.64  21.47  22.69  24.20  21.92  21.94  21.55  21.77  21.51  21.46  21.75  20.90  20.40  20.87   

20.58  20.97  21.43  21.97  23.34  23.66  21.72  22.06  22.38  22.62  21.94  21.98  22.13  21.80  22.02  22.34   





0

21.64  20.76  21.37  21.88  24.90  22.75  20.58  21.48  20.86  20.53  20.95  21.02  20.75  20.74  21.36  21.32   

20.29  20.86  20.69  20.83  24.41  21.86  21.14  21.43  22.28  22.62  21.87  21.94  21.15  21.05  20.59  20.53   

20.65  21.15  20.78  22.05  25.67  23.07  22.04  23.76  27.02  26.45  25.03  24.70  23.16  21.29  20.69  21.03   

20.44  20.71  21.83  22.23  24.96  24.12  24.26  27.37  29.91  29.17  28.61  26.50  25.35  22.96  22.03  22.35   





0

21.35  20.35  21.12  22.14  23.53  25.03  23.28  24.92  24.61  25.46  25.57  25.91  26.04  24.10  21.23  21.17   

20.58  20.75  20.59  20.96  22.53  24.85  25.55  25.35  24.95  25.74  25.04  25.77  25.36  22.55  21.15  21.00   

21.09  20.66  20.79  21.16  20.16  24.12  25.96  27.20  26.24  25.75  25.24  24.40  23.75  21.30  20.56  20.89   

20.01  20.72  21.06  21.88  20.64  22.67  23.84  25.89  26.89  25.46  23.73  22.37  22.15  22.12  22.21  22.36   





0

21.34  21.19  21.11  22.12  22.36  25.13  25.88  26.85  26.20  24.59  24.69  25.79  23.95  20.61  20.94  21.48   

20.70  21.25  20.34  20.72  20.91  22.69  25.44  26.31  26.33  25.33  24.20  23.66  21.49  20.54  20.72  20.53   

20.94  20.64  20.78  21.15  19.33  21.70  22.46  24.55  24.93  24.92  23.70  22.24  21.88  21.41  20.83  20.42   

20.29  20.84  21.05  21.62  20.07  22.08  21.73  22.07  22.74  22.86  22.31  22.48  21.22  21.96  22.03  22.17   





0

21.48  20.75  21.10  22.11  21.88  21.70  20.68  21.92  22.40  22.85  20.82  21.12  20.86  20.99  21.21  21.15   

20.14  20.72  20.20  20.70  20.68  21.01  21.03  21.11  20.92  22.31  21.65  21.06  20.32  20.91  20.71  21.13   

20.64  20.88  20.76  21.02  19.32  21.58  22.03  22.04  21.76  21.66  21.61  21.79  21.52  20.90  20.68  20.56   

20.58  20.15  21.56  21.36  20.33  22.18  21.72  21.83  21.92  22.16  21.82  21.74  21.74  21.80  21.38  22.52   





0

21.17  21.04  20.83  21.87  22.00  21.58  21.25  21.58  21.30  20.97  20.82  21.00  20.38  20.86  20.64  21.46   

20.83  20.85  20.08  20.36  21.22  21.01  20.92  21.31  20.92  21.59  20.79  21.50  21.13  20.41  20.71  20.67   

20.78  20.63  20.88  20.80  19.65  21.58  21.92  21.63  21.45  22.09  21.72  21.24  21.75  20.77  21.37  20.26   

20.43  21.24  21.17  21.12  20.33  22.07  21.27  21.94  22.38  22.16  22.30  21.98  21.87  22.38  22.34  22.16   





0

20.86  20.47  21.23  21.99  21.88  22.04  21.02  21.47  21.63  20.41  20.93  21.59  20.26  20.86  21.49  21.15   

20.28  20.98  20.32  20.70  20.89  21.32  20.92  21.00  21.02  21.49  21.11  21.50  20.67  20.41  20.71  21.13   

21.07  21.14  20.88  21.47  19.16  22.01  21.82  22.14  21.76  21.87  21.40  21.57  21.63  20.90  20.96  20.72   

20.28  20.83  21.04  21.61  20.33  22.30  21.61  21.94  22.04  22.16  22.30  22.10  22.00  22.52  21.86  22.34   





0

21.48  20.75  21.75  21.99  22.00  22.16  21.13  21.80  21.30  20.63  20.82  21.00  20.62  20.99  21.21  21.31   

20.28  21.10  20.32  20.70  21.00  21.01  21.03  21.00  20.92  21.49  21.33  21.28  20.67  20.78  20.85  20.82   

21.21  21.01  21.00  21.25  19.65  21.58  22.03  22.04  21.76  21.87  22.03  21.35  21.99  20.90  20.96  20.87   

21.02  20.83  21.81  21.36  20.47  22.30  21.94  22.06  22.27  22.27  22.06  21.98  22.91  22.23  22.02  22.16   





0

21.04  21.21  21.12  22.26  21.79  21.84  21.16  21.94  21.32  21.11  21.18  21.38  20.40  20.88  21.38  21.17   

20.44  20.62  20.35  20.96  20.81  21.66  20.95  21.23  21.05  21.61  20.92  21.30  20.69  20.56  20.60  20.70   

20.95  20.91  21.03  21.16  20.00  21.82  21.95  22.16  21.99  22.01  21.85  21.16  22.01  21.05  20.84  20.44   

20.45  20.72  21.45  21.51  20.77  22.44  21.85  21.75  22.29  22.18  22.20  22.13  21.89  22.40  22.69  22.18   





0

21.64  20.91  21.24  22.12  21.42  21.36  21.15  21.59  20.97  21.09  20.95  21.25  20.27  20.74  21.22  21.00   

20.29  20.48  20.10  21.18  20.58  21.23  20.94  21.32  21.24  21.50  21.34  21.40  20.80  20.54  21.14  20.99   

21.22  20.64  20.78  21.26  19.50  21.81  21.83  22.25  22.08  21.89  21.94  21.47  21.53  21.03  20.41  20.73   

20.59  21.39  21.31  21.25  20.21  21.85  21.73  21.84  22.39  22.74  22.19  22.00  22.01  22.25  21.87  22.17   





0

21.50  20.78  21.12  21.89  22.25  21.95  20.93  21.72  21.10  20.88  20.73  21.03  20.89  21.01  21.66  21.17   

20.17  21.00  20.23  20.84  20.92  21.45  20.95  20.93  20.84  21.72  21.24  21.52  20.81  20.18  21.02  21.31   

21.09  20.40  20.43  20.59  19.02  21.50  21.63  21.96  22.20  21.90  21.85  21.92  21.89  21.05  20.84  20.74   

20.75  20.99  21.84  21.39  20.64  21.98  21.96  21.97  22.41  22.07  22.09  21.89  21.89  22.26  22.05  22.36   





0

21.35  20.78  21.52  22.01  21.90  21.84  21.16  21.72  21.43  20.77  20.96  21.38  20.77  20.88  21.38  21.49   

20.31  20.75  20.35  20.96  20.92  21.14  21.36  21.03  21.05  21.82  21.35  21.30  20.93  20.30  20.60  21.16   

21.37  21.16  21.15  20.93  20.00  22.14  22.05  22.26  21.89  21.79  22.16  21.60  21.78  20.92  20.98  20.44   

20.60  21.27  21.32  21.76  20.50  22.09  22.19  22.08  22.75  22.18  22.20  21.77  21.63  22.54  22.21  22.00   





0

22.11  21.49  22.43  22.26  22.60  23.78  23.94  25.03  22.76  21.22  21.63  21.49  20.40  20.75  21.94  21.49   

20.31  21.13  20.83  21.08  20.81  21.97  22.17  23.36  21.15  21.82  21.57  21.41  21.04  20.81  21.29  21.16   

21.09  21.29  21.27  21.05  19.67  21.93  22.05  22.97  22.09  22.32  21.74  21.70  21.66  21.30  20.98  20.89   

20.15  20.86  21.71  22.00  21.19  22.09  22.63  22.30  22.41  22.64  22.32  22.13  22.02  22.69  21.72  22.54   





0

21.63  21.32  22.01  22.60  22.58  22.96  22.70  24.46  24.47  22.95  22.16  21.12  20.74  20.86  21.35  21.62   

20.83  21.61  21.63  23.78  23.77  24.42  24.15  25.32  25.82  25.72  23.56  21.82  20.90  21.41  21.13  21.29   

21.77  21.26  23.14  25.65  25.96  26.14  25.23  26.69  26.91  26.44  25.01  22.44  21.87  21.52  20.96  20.87   

20.87  21.65  23.35  26.63  26.00  26.00  25.55  25.87  27.09  25.99  24.98  23.07  22.26  22.38  22.66  22.69   





0

21.36  20.79  21.40  21.78  22.03  22.31  20.95  22.07  21.45  20.67  21.31  21.28  21.26  20.90  21.67  21.18   

20.59  21.27  20.60  21.09  21.15  21.78  21.27  21.35  21.48  21.73  21.26  21.64  21.06  20.95  21.17  21.48   

21.39  21.05  21.28  21.17  19.85  21.83  21.96  22.58  21.90  22.23  22.07  21.72  21.79  21.31  20.58  20.60   

21.50  21.28  22.11  22.01  20.79  21.99  22.31  22.98  22.53  23.00  22.10  21.90  22.17  22.41  22.22  22.91   





0

21.67  20.93  21.66  21.91  22.15  22.20  21.06  22.18  21.45  21.12  21.08  21.28  20.90  21.55  21.53  21.02   

21.00  21.14  20.36  20.74  20.72  21.57  21.17  21.25  21.37  21.93  21.36  21.42  21.06  20.44  21.03  20.71   

21.25  20.67  21.28  21.51  20.01  22.05  21.96  22.58  22.00  21.70  22.28  22.04  22.26  21.19  21.00  21.67   

21.50  21.14  21.59  21.89  20.92  22.11  22.31  22.20  22.19  22.65  22.33  22.02  22.17  22.84  22.54  21.83   





0

21.49  20.48  21.11  22.25  21.54  22.05  20.81  22.26  20.86  20.87  21.17  21.48  20.87  20.87  21.50  21.00   

20.29  21.12  20.22  20.48  21.12  21.12  20.94  21.32  20.93  21.50  21.23  21.40  21.26  20.67  21.00  20.22   

20.65  20.77  21.02  21.26  19.66  22.13  21.73  22.25  21.88  22.31  21.94  22.13  21.65  21.29  20.83  20.88   

20.89  21.25  21.31  21.25  20.76  21.97  21.73  21.96  22.51  22.28  22.07  21.87  21.62  22.10  22.19  22.88   





0

21.51  21.50  22.05  21.78  20.74  21.50  20.72  21.73  21.45  20.90  21.31  21.28  20.54  21.03  21.67  21.34   

20.87  20.76  20.60  21.09  20.93  21.57  21.27  21.25  20.85  21.21  21.26  21.21  20.71  20.44  20.89  20.55   

21.39  20.80  21.04  21.17  19.36  22.05  21.86  21.87  22.11  22.55  22.07  21.28  21.32  20.56  20.86  21.06   

20.91  20.87  21.85  21.52  20.92  22.45  22.20  22.20  21.96  22.31  21.98  22.02  22.17  21.70  22.38  22.73   





0

21.65  20.92  20.99  21.28  20.72  21.95  20.82  21.94  21.54  21.44  21.07  21.49  20.89  21.01  21.38  21.17   

20.03  20.49  20.83  20.84  21.03  21.45  20.95  20.93  20.94  21.61  21.35  21.30  20.81  21.19  21.29  20.85   

21.52  20.40  21.39  21.50  19.51  21.72  22.16  22.36  21.99  21.90  21.74  21.38  22.13  20.80  20.70  20.44   

20.30  21.13  21.58  21.63  20.50  22.44  22.08  22.30  22.18  22.41  22.68  22.01  22.15  22.12  22.69  22.36   





0

21.53  20.95  20.75  21.43  21.10  21.63  21.52  21.97  21.57  21.24  21.32  21.75  21.03  20.65  21.40  20.88   

20.47  20.77  20.37  21.22  21.16  21.48  21.18  21.05  20.76  21.95  21.16  21.33  20.72  20.83  20.48  20.72   

21.40  20.93  21.05  21.18  19.70  21.74  22.39  22.39  21.39  22.24  21.98  21.73  21.57  20.57  20.73  20.77   

21.07  21.16  21.86  21.41  20.38  22.35  21.99  22.33  22.55  21.86  21.87  21.91  21.92  22.43  21.91  22.92   





0

21.51  20.79  21.13  21.30  20.97  21.62  21.17  21.84  21.22  21.23  21.08  21.16  20.54  20.63  21.39  21.34   

19.91  21.02  20.36  21.32  20.93  21.57  21.37  20.84  21.16  22.04  21.04  20.88  20.59  20.95  20.61  21.02   

21.25  20.80  20.92  20.95  19.36  21.83  21.65  22.28  21.80  21.81  21.86  21.83  21.79  20.81  20.72  20.60   

20.62  20.87  21.85  21.40  20.37  22.34  22.20  22.09  22.30  22.20  22.45  21.78  21.77  22.27  22.54  22.37   





0

21.82  20.50  20.34  20.93  21.21  21.27  20.95  21.39  21.56  21.01  20.75  21.51  20.90  20.63  20.97  20.54   

20.32  20.63  20.12  20.86  20.93  21.15  20.76  20.84  20.85  21.63  21.26  20.77  20.71  20.44  20.75  21.17   

20.96  20.67  21.04  21.06  19.19  21.73  21.65  22.28  22.00  22.02  21.55  21.39  21.55  21.06  20.58  20.29   

20.62  21.01  21.85  22.01  20.37  22.11  22.09  21.98  22.07  22.54  22.10  21.90  21.64  22.41  22.06  22.37   





0

21.50  20.63  21.12  21.04  20.84  21.84  20.93  21.94  21.54  21.11  21.52  21.38  20.77  21.01  21.52  21.17   

20.58  21.00  20.59  20.73  20.59  21.35  21.05  20.93  21.46  21.51  21.24  21.30  21.16  20.68  20.88  20.85   

20.95  20.53  21.03  21.27  19.51  21.72  22.05  22.26  21.68  21.69  21.64  21.27  21.54  20.92  20.98  21.20   

20.45  20.58  21.58  21.51  20.50  22.21  21.41  21.86  22.41  22.07  22.20  21.89  21.76  22.12  22.05  22.54   





0

21.04  20.78  20.86  21.16  21.20  21.60  21.05  21.49  21.54  20.88  21.29  21.26  21.01  20.75  21.52  21.17   

20.17  21.00  20.11  20.50  20.92  21.24  20.95  21.03  20.63  21.51  20.92  21.19  20.58  20.05  20.74  20.54   

21.23  20.66  20.79  20.71  19.67  21.61  21.95  22.26  21.89  22.11  21.32  21.27  21.66  20.54  20.84  20.89   

20.60  20.45  21.19  21.39  20.36  21.98  21.74  21.97  22.06  21.95  22.20  21.64  21.76  22.40  22.21  22.72   





0

21.83  21.23  20.88  20.94  20.99  21.75  20.96  21.52  21.12  20.80  21.21  21.75  20.67  20.91  21.40  21.20   

20.33  20.77  20.61  21.10  20.73  21.27  20.87  20.85  20.76  21.33  21.38  21.11  20.60  20.33  21.04  21.03   

20.69  20.68  20.70  21.18  19.21  21.85  21.66  22.19  21.29  21.50  21.66  21.40  21.21  20.82  20.59  20.15   

20.33  21.02  21.48  21.29  20.11  21.78  21.99  21.77  22.20  22.21  22.11  22.03  21.66  22.00  22.23  22.57   


