Person walking out of the room and then back in

0

21.30  20.59  21.09  21.02  21.06  22.28  21.49  22.27  21.76  21.98  21.73  22.06  21.83  21.64  22.46  22.23   

20.00  20.46  20.21  20.72  21.34  22.07  22.07  21.44  21.56  21.92  21.77  21.84  21.95  21.66  22.49  22.48   

20.91  20.76  20.77  21.37  20.10  22.24  22.36  22.67  22.40  22.21  22.36  21.59  22.23  22.02  21.50  22.06   

20.86  21.10  21.94  22.22  21.15  21.85  21.95  21.96  22.16  22.63  22.66  21.87  22.12  22.07  22.15  22.28   





0

20.97  20.43  21.33  21.24  21.04  21.91  21.69  22.13  22.06  22.07  21.71  21.80  21.68  21.87  22.29  22.04   

20.79  20.70  20.55  21.15  21.10  22.26  21.84  21.41  21.64  22.00  22.28  21.70  22.16  22.26  22.74  22.76   

20.60  20.22  21.11  21.01  20.72  22.63  22.55  22.44  21.96  22.29  22.13  22.00  22.08  22.00  22.16  22.18   

20.38  21.21  21.92  22.44  20.71  22.06  22.37  22.27  22.37  22.72  22.40  22.08  22.75  22.33  22.28  22.62   





0

21.45  21.31  21.09  21.14  21.06  22.40  21.82  22.49  21.98  21.87  21.73  22.17  21.94  22.41  22.73  22.07   

20.13  21.11  20.81  20.95  21.24  22.49  22.37  22.15  21.98  22.12  22.09  22.16  22.30  22.03  22.22  21.88   

20.63  20.76  21.25  21.26  20.42  22.24  22.15  22.56  22.30  22.42  22.47  22.46  22.23  22.77  22.19  22.81   

20.86  20.82  21.43  22.47  21.15  22.20  22.51  22.51  22.62  22.97  22.18  22.59  22.77  22.78  22.31  23.00   





0

21.30  20.74  21.88  21.14  21.42  23.20  21.93  22.71  21.87  21.76  22.06  21.94  21.94  22.02  22.60  22.54   

20.82  20.72  20.81  21.52  21.24  24.14  22.47  21.84  22.08  22.43  22.31  22.05  22.07  22.28  22.36  22.94   

20.77  20.76  21.01  21.37  20.75  24.22  23.71  22.97  22.61  22.53  22.36  22.46  22.23  22.52  22.60  22.36   

20.56  20.96  21.68  22.34  21.56  24.34  23.17  22.62  22.73  22.85  22.30  22.11  22.51  22.50  22.94  23.00   





0

21.90  20.87  21.60  21.98  24.31  23.87  22.15  22.92  22.30  21.86  22.05  22.50  22.05  22.66  22.72  22.53   

20.26  21.22  20.80  21.97  25.03  24.33  21.95  23.35  23.10  22.93  21.97  22.58  22.40  22.89  22.75  22.62   

21.32  20.87  21.12  22.26  24.06  24.21  24.01  25.14  24.43  24.09  23.18  22.23  23.14  23.00  22.86  22.50   

20.69  21.08  22.19  22.94  24.26  24.67  25.22  26.09  26.54  25.77  24.63  22.82  23.28  23.90  22.93  23.87   





0

21.15  21.31  21.62  24.75  25.57  25.79  25.56  27.49  27.05  25.77  26.20  25.12  21.94  22.02  23.43  22.70   

20.27  21.11  21.05  23.68  26.38  25.75  24.96  25.93  26.84  25.74  26.37  24.40  22.52  21.79  22.90  22.18   

21.20  20.89  21.37  22.49  24.70  25.04  24.43  25.54  25.24  24.82  25.44  23.32  22.81  22.27  22.33  22.21   

20.86  21.23  22.07  22.22  21.97  23.56  23.83  24.38  24.44  23.76  23.48  22.83  22.51  22.36  22.94  23.35   





0

21.62  20.75  20.97  20.78  21.19  22.07  21.84  22.50  21.88  21.55  22.08  21.61  22.19  22.17  22.61  22.40   

20.56  20.61  20.82  21.42  21.36  22.29  21.88  21.96  21.68  22.75  22.00  22.07  22.54  22.17  22.23  21.58   

20.21  20.01  20.78  21.16  19.79  22.67  22.27  22.68  21.90  22.22  22.48  22.14  22.70  22.53  21.93  22.37   

20.42  20.43  21.57  21.87  21.16  22.32  22.19  22.19  22.63  22.41  22.79  22.24  21.87  22.23  22.64  22.65   





0

21.30  20.16  20.96  21.02  20.94  22.40  21.37  22.27  21.76  21.76  21.40  21.83  21.59  22.28  22.32  22.07   

20.00  20.08  20.45  21.29  21.34  22.18  21.36  21.74  21.67  22.23  21.99  22.48  21.95  21.66  22.49  22.48   

20.91  20.25  21.13  20.81  20.59  22.03  22.47  22.67  21.88  22.53  22.47  22.02  21.76  21.77  21.78  22.21   

19.81  20.82  21.43  21.86  21.56  22.08  22.06  22.29  22.96  22.51  22.54  22.23  22.25  22.78  23.10  22.82   





0

21.43  19.99  20.80  20.62  21.04  22.03  21.24  22.35  21.73  21.40  21.93  21.80  22.28  21.87  22.43  22.04   

20.11  20.31  20.67  20.81  21.43  21.94  21.64  21.72  21.43  22.20  21.96  21.92  22.04  21.88  21.78  22.31   

20.89  19.97  20.51  20.67  20.56  22.00  21.92  22.44  22.17  22.19  22.13  21.56  21.38  22.12  22.16  22.33   

19.93  20.66  21.66  22.07  20.85  22.28  21.93  22.16  22.48  22.49  22.40  22.33  21.97  22.62  21.80  22.79   





0

20.98  20.29  21.21  20.88  20.93  21.81  21.02  22.25  21.96  21.75  21.38  22.04  21.69  22.40  22.30  22.22   

20.26  20.84  20.68  21.28  21.11  22.37  21.34  21.73  21.55  22.01  21.97  21.93  21.71  22.27  22.34  22.32   

20.62  19.72  20.76  21.25  20.41  21.80  22.35  22.65  21.66  22.09  22.35  22.01  22.10  22.14  22.45  22.05   

20.84  20.40  21.80  22.09  21.00  21.95  22.05  22.28  22.03  22.61  22.53  22.10  21.72  22.20  22.61  22.45   





0

21.45  21.02  21.22  21.02  21.42  22.05  22.05  22.60  21.98  21.87  21.62  22.40  21.94  22.41  22.73  22.54   

20.41  20.72  20.45  20.95  21.34  22.39  22.17  21.74  21.67  21.92  22.09  22.05  22.07  21.66  22.36  22.64   

20.91  20.50  20.53  21.26  20.42  22.34  22.47  22.67  22.19  22.32  22.16  21.70  22.57  22.27  22.46  22.51   

20.86  20.96  21.43  22.22  21.29  22.54  22.29  22.18  22.62  22.51  22.54  21.87  22.51  22.64  22.94  23.18   





0

22.05  20.58  21.47  21.62  21.40  22.39  21.47  22.48  22.30  21.97  22.27  22.39  22.05  22.78  23.14  22.85   

20.67  21.22  20.56  21.39  21.22  22.48  21.85  22.03  21.65  22.32  22.19  22.15  22.17  22.15  22.75  22.47   

21.04  20.87  21.36  20.91  20.57  22.43  22.25  22.85  22.18  22.62  22.35  22.12  22.21  23.00  22.45  22.50   

21.73  21.08  21.80  22.70  21.41  22.98  22.27  22.17  22.61  22.38  22.88  22.58  22.76  22.91  22.61  23.16   





0

22.21  20.88  21.35  21.38  21.30  22.51  22.05  22.60  22.42  21.87  22.62  22.52  22.42  22.67  22.87  23.64   

20.68  20.98  20.93  21.75  21.77  23.11  22.47  22.15  22.19  22.94  22.62  22.38  22.07  22.65  22.90  22.94   

21.34  20.50  21.13  21.60  20.75  22.55  22.88  22.97  22.50  23.47  22.78  22.78  22.81  22.27  22.88  22.96   

20.86  21.23  22.07  23.07  21.70  22.77  22.29  22.62  22.85  22.85  22.89  22.35  22.25  22.93  22.78  23.35   





0

21.60  21.31  21.75  21.75  21.30  22.51  22.05  22.60  22.09  22.31  22.51  22.40  22.66  22.80  23.29  23.02   

20.41  21.23  20.93  21.41  21.77  22.49  22.17  22.25  22.08  23.04  22.31  22.38  22.30  22.53  23.04  22.48   

20.91  21.01  21.13  21.93  20.75  22.45  22.78  22.87  22.61  22.63  22.36  22.78  22.69  22.77  22.88  22.51   

21.00  21.10  22.20  22.47  21.70  22.77  22.62  22.29  22.96  22.97  22.54  22.71  22.77  23.07  22.94  23.35   





0

21.58  21.14  21.33  21.85  21.39  22.60  21.80  22.69  22.39  22.07  21.93  22.38  22.39  22.64  22.99  22.36   

20.52  20.82  20.55  21.38  21.10  22.36  22.04  22.02  21.85  22.71  22.39  21.81  22.61  22.50  23.01  22.76   

21.03  20.86  20.99  21.91  20.72  22.53  22.44  22.84  22.58  22.61  22.55  22.00  22.55  22.62  22.44  22.03   

20.68  21.48  21.53  22.68  21.26  22.28  21.93  22.38  22.82  22.49  22.63  22.33  22.49  22.76  22.44  23.33   





0

21.45  20.88  21.49  21.75  21.42  22.51  21.82  22.38  22.20  21.98  22.40  22.40  22.30  22.93  22.87  22.70   

20.55  20.46  20.81  21.75  21.13  22.39  22.07  21.74  22.19  22.53  22.84  21.95  22.30  22.28  22.90  22.48   

20.77  20.63  21.13  21.82  21.07  22.66  22.68  22.97  22.50  22.53  22.57  22.56  22.81  23.14  22.33  23.11   

21.00  21.10  22.58  22.95  21.56  22.77  22.18  22.40  22.85  22.97  22.66  22.11  22.51  22.64  23.26  23.53   





0

21.31  21.46  21.63  21.64  22.60  24.91  24.16  25.25  23.96  23.85  23.73  23.44  22.31  22.68  23.02  22.72   

20.56  21.25  20.82  21.42  21.89  23.64  23.99  24.37  23.43  23.96  22.74  22.50  22.77  22.54  22.64  23.56   

20.93  20.52  21.50  21.27  20.44  23.09  23.83  24.77  23.64  23.59  22.90  22.58  22.70  22.53  22.75  22.52   

21.02  21.38  22.34  22.36  22.12  22.89  23.07  23.63  23.54  23.21  22.90  22.24  22.40  22.23  23.27  23.37   





0

21.91  20.88  21.49  21.26  21.53  22.51  22.16  22.82  22.42  22.09  22.29  22.17  22.54  22.28  23.43  21.91   

20.27  20.59  20.57  21.29  21.67  22.49  22.17  22.35  22.70  22.53  22.41  22.59  22.98  22.28  22.36  22.03   

20.91  20.76  21.13  21.82  20.10  22.66  22.78  23.47  23.32  23.05  22.88  22.46  22.57  22.65  21.91  23.11   

20.56  20.69  21.43  22.47  21.29  22.42  22.06  23.28  23.87  23.54  23.13  22.95  23.03  22.07  22.94  23.00   





0

21.43  21.14  21.72  21.36  21.74  22.49  21.91  22.58  22.06  21.62  22.04  22.95  22.04  22.52  22.85  22.52   

20.52  20.70  20.90  21.50  21.53  22.36  22.04  21.92  22.06  22.81  22.60  22.35  22.04  22.50  22.61  22.31   

21.17  20.35  20.99  21.69  20.40  22.63  22.76  22.94  22.38  22.61  22.34  22.32  22.32  22.99  22.16  23.08   

20.83  21.48  21.53  22.56  21.95  22.63  22.37  22.38  22.59  22.72  22.98  22.57  22.36  23.18  23.24  22.79   





0

21.62  21.18  21.10  21.27  21.19  22.76  21.27  22.84  22.43  21.66  22.08  22.18  21.84  22.30  23.16  21.93   

20.29  21.50  21.06  21.42  21.79  22.50  21.88  21.96  21.89  22.34  22.32  21.74  21.85  22.54  22.37  22.95   

21.21  20.26  21.02  21.84  20.92  22.57  22.79  22.68  22.52  22.65  22.38  22.25  22.59  22.78  22.61  22.37   

20.87  21.92  22.21  22.60  21.44  22.78  22.08  22.30  22.98  22.75  22.67  22.36  22.14  22.51  22.80  22.83   





0

21.60  20.88  21.35  21.14  21.30  22.05  22.05  22.27  21.98  22.31  22.06  22.40  22.06  22.15  22.87  22.23   

20.41  21.23  20.69  21.18  21.34  22.28  22.27  21.95  22.08  22.84  21.99  22.16  22.18  22.03  22.49  22.64   

21.05  19.99  20.89  21.37  20.75  22.87  22.68  22.56  22.61  22.63  22.36  21.80  22.34  22.15  22.33  22.66   

21.00  21.37  21.55  22.47  21.56  22.08  22.18  22.40  22.51  22.63  22.54  22.35  22.51  22.93  22.78  22.82   





0

21.62  20.46  21.50  21.15  21.55  22.18  21.39  22.61  21.88  22.21  22.08  21.61  21.36  22.55  23.16  22.87   

20.56  20.99  20.58  21.54  21.46  22.29  21.68  22.16  21.99  22.44  22.21  22.17  22.19  22.17  22.10  22.35   

20.93  20.26  20.90  21.50  20.44  22.46  22.58  22.48  22.31  22.54  22.27  22.14  22.70  22.04  21.93  22.07   

20.87  20.84  21.70  22.36  21.30  22.32  22.30  22.19  22.52  22.52  22.43  22.60  22.00  22.80  22.16  23.01   





0

21.48  20.76  21.51  21.29  21.68  22.54  21.62  22.51  22.22  22.01  22.20  21.97  22.56  22.18  23.04  22.73   

20.44  21.39  20.84  21.89  21.37  22.41  22.09  22.07  21.80  22.56  22.65  22.29  22.55  22.43  22.79  22.96   

20.80  20.40  20.92  21.51  20.61  22.26  22.28  22.89  22.42  22.34  22.39  22.37  22.13  22.55  22.21  22.99   

20.73  21.26  21.58  22.37  21.18  22.68  22.31  22.65  22.42  22.77  22.68  22.74  22.41  22.67  22.17  23.20   





0

21.91  21.31  21.62  21.63  21.30  22.40  22.16  22.38  21.98  21.98  22.29  22.17  22.30  22.80  22.73  22.07   

20.41  21.23  20.93  21.06  21.45  22.49  21.87  21.74  21.67  22.43  22.09  22.81  22.18  22.28  22.77  22.64   

20.63  20.38  21.13  21.60  21.07  22.24  22.47  22.67  22.50  22.32  22.68  22.02  22.81  22.52  22.60  22.51   

20.56  21.23  21.94  21.98  21.56  22.88  22.40  22.40  22.62  22.74  22.77  22.23  22.25  22.50  22.47  23.35   





0

21.64  20.63  21.79  22.03  21.22  21.97  21.75  22.42  22.24  21.58  22.43  22.44  21.86  22.58  22.91  22.74   

20.99  20.89  20.73  21.10  21.49  22.63  21.60  21.88  21.81  22.26  22.02  22.20  22.22  22.20  22.94  22.67   

20.81  20.80  21.17  21.19  20.62  22.59  22.51  22.90  22.23  22.78  22.19  22.49  22.26  22.68  22.36  22.70   

20.89  21.14  21.98  22.38  21.74  22.58  22.10  22.22  22.43  22.66  22.81  22.39  22.16  22.25  22.82  22.68   

