Person walking out of the room and then back in

0

21.31  20.05  20.61  20.58  21.01  22.70  21.34  22.34  21.73  21.62  21.70  22.36  21.89  22.33  22.48  21.91   

20.31  20.52  20.52  20.91  21.22  22.27  21.76  21.74  21.45  22.63  21.97  22.14  22.14  21.96  22.38  21.88   

20.80  19.92  21.08  20.89  19.76  22.43  22.24  22.56  22.29  22.08  22.24  21.78  22.17  22.82  21.80  22.51   

20.28  21.00  21.60  22.16  21.18  21.92  22.14  21.93  22.57  22.58  22.36  22.53  21.64  22.66  22.13  21.87   





0

21.17  20.63  20.75  21.33  21.14  22.60  21.91  22.36  21.63  21.63  21.82  21.79  21.90  22.47  22.77  21.60   

20.19  20.53  20.65  21.15  21.01  22.39  21.47  21.85  21.77  22.54  22.40  21.93  22.26  22.35  22.40  22.04   

20.81  20.44  20.85  21.24  19.12  22.23  22.36  22.37  22.20  22.20  22.36  21.79  22.19  22.09  21.95  22.23   

21.03  20.88  22.00  21.80  21.33  22.39  21.82  22.27  22.36  22.71  22.73  22.06  21.78  22.24  22.62  22.78   





0

21.46  20.62  21.27  21.44  21.13  22.35  21.45  22.34  22.06  21.62  22.03  22.36  22.01  22.07  22.06  21.75   

20.45  20.39  20.52  21.37  21.54  21.96  22.07  21.84  21.76  21.91  22.07  21.81  21.91  22.33  22.25  22.49   

20.66  20.94  21.08  21.45  19.60  22.12  22.35  22.56  21.87  22.30  22.24  22.10  22.06  21.83  21.80  22.36   

20.13  21.00  21.60  22.40  21.87  22.27  22.03  22.48  22.46  22.24  22.01  21.80  22.03  22.23  22.61  22.23   





0

20.84  20.48  21.14  20.71  21.25  22.01  21.34  21.90  21.95  21.95  21.59  21.78  22.01  22.20  22.34  21.91   

20.45  20.90  20.40  21.02  20.89  22.37  21.96  21.74  21.66  22.42  21.75  21.60  21.91  21.96  22.38  22.18   

20.94  20.30  20.48  21.00  19.43  22.43  22.14  22.66  22.39  22.30  21.72  21.89  22.17  22.20  22.35  22.51   

20.43  21.14  21.73  22.04  21.18  22.38  21.81  21.81  22.69  22.47  22.48  22.04  22.16  22.09  22.29  22.40   





0

20.21  20.32  20.99  21.06  20.76  21.76  21.21  22.11  21.71  21.61  21.80  22.46  21.28  21.93  22.19  22.05   

19.61  20.63  20.51  21.12  20.88  22.15  21.85  21.72  21.64  21.69  22.27  21.15  21.66  22.07  22.23  22.47   

20.36  20.29  20.58  21.55  19.75  22.21  22.44  22.14  22.17  22.39  21.92  21.66  22.28  22.19  22.20  22.35   

20.26  20.71  21.85  22.02  20.76  22.26  22.02  21.69  22.10  22.57  22.23  21.91  21.63  22.07  22.27  22.39   





0

20.84  20.19  20.74  21.08  20.89  21.89  21.56  21.90  21.95  21.40  21.36  22.01  21.65  21.94  22.48  21.59   

19.76  20.52  19.92  20.91  21.00  22.27  21.66  21.63  21.66  22.12  21.75  21.81  21.91  21.84  22.66  21.57   

21.08  19.92  20.48  21.11  19.11  22.01  22.24  22.46  22.08  22.08  22.35  21.89  21.94  22.08  22.21  22.06   

19.83  21.27  20.96  22.04  21.04  22.38  22.36  22.37  22.57  22.58  22.60  21.92  22.42  22.23  22.45  22.94   





0

20.99  20.61  20.73  21.06  20.76  21.88  21.66  21.88  21.93  21.16  21.35  21.31  21.76  21.93  22.33  21.89   

19.75  20.25  19.91  21.12  21.10  22.26  21.65  21.52  21.43  22.10  21.85  22.02  21.66  21.83  22.10  21.86   

20.50  20.42  20.82  21.21  19.58  22.31  22.02  22.14  22.07  21.54  22.34  21.66  22.28  22.06  22.06  22.35   

20.26  20.44  21.33  21.90  20.89  22.26  21.80  22.25  22.45  22.57  22.47  22.03  21.63  22.64  22.11  21.67   





0

21.00  20.76  21.00  21.69  21.13  22.24  21.68  22.01  21.84  21.51  21.92  22.13  22.24  22.07  21.92  21.91   

19.48  20.65  20.40  20.91  21.11  21.75  21.56  21.22  21.45  22.01  21.75  22.35  22.02  21.34  23.07  22.03   

20.66  20.05  20.84  21.00  19.92  22.22  22.35  22.76  22.08  22.08  22.24  21.78  22.52  21.95  22.21  22.21   

20.28  21.00  21.09  21.91  21.04  22.50  21.92  21.93  22.46  22.70  22.48  21.56  22.03  22.37  22.29  22.05   





0

20.99  20.89  21.39  20.57  20.76  21.76  21.89  22.22  21.60  21.38  21.35  21.65  21.52  22.05  22.19  21.73   

19.88  20.12  20.15  21.35  20.88  22.05  21.34  21.72  21.75  22.41  21.85  21.58  22.47  21.83  22.37  21.71   

20.78  20.42  20.82  20.99  19.91  22.31  22.55  22.04  21.65  22.07  22.02  21.33  22.28  21.94  22.06  22.35   

19.96  21.12  21.20  22.15  20.89  22.14  22.02  21.80  22.22  22.34  22.23  21.91  22.02  22.64  22.11  22.75   





0

20.84  20.62  20.74  21.08  21.25  22.12  21.45  22.12  21.84  21.40  21.70  22.01  21.65  21.94  22.76  22.06   

20.17  20.65  20.52  20.44  21.43  22.48  21.56  21.63  21.45  22.12  21.75  21.81  21.91  21.84  22.38  22.64   

20.23  19.92  20.72  21.68  19.60  22.43  22.35  22.56  22.08  22.40  22.14  21.78  22.17  21.95  21.80  22.21   

20.13  21.00  21.35  22.04  21.32  21.92  22.03  21.93  22.69  22.47  22.36  21.92  22.42  22.09  21.97  22.05   





0

20.70  20.49  20.89  20.72  20.79  22.25  21.91  22.24  21.96  21.41  21.82  22.03  21.54  21.82  22.36  21.76   

20.05  20.66  20.42  21.38  21.12  22.49  21.77  21.54  21.88  22.64  22.09  22.26  21.81  21.98  22.67  22.35   

20.24  19.93  20.49  21.13  19.77  22.34  22.05  22.37  22.09  22.10  22.15  21.68  22.07  22.09  22.09  22.38   

20.59  21.01  21.10  22.29  21.06  21.94  22.38  22.05  22.36  22.13  21.90  22.18  22.05  22.24  22.30  23.13   





0

21.17  20.49  21.15  20.97  20.79  22.14  21.46  22.58  21.96  21.52  21.71  21.68  21.90  21.69  22.22  21.76   

20.05  20.66  20.18  21.03  21.01  21.97  21.57  21.54  21.67  22.23  22.09  22.15  22.04  21.85  22.26  22.65   

21.09  20.32  21.09  21.58  19.94  22.34  22.26  22.47  21.57  22.52  22.46  22.01  22.07  22.34  22.09  21.92   

20.29  20.88  21.36  21.93  20.92  22.39  22.04  22.05  22.47  22.71  21.90  22.30  22.05  22.81  22.62  22.78   





0

20.83  20.89  20.99  21.19  21.24  22.92  21.44  22.44  21.82  21.38  21.91  22.23  21.76  22.44  22.19  21.89   

20.30  20.51  20.51  21.12  21.53  24.11  22.05  21.72  21.54  22.41  22.06  21.80  21.89  22.07  22.10  22.32   

20.64  20.55  20.46  21.66  20.72  24.81  22.86  22.65  22.38  22.49  22.02  22.09  22.04  21.94  22.20  21.75   

20.56  20.71  21.46  21.90  21.99  24.07  22.90  22.14  23.13  22.68  22.59  22.03  22.02  22.07  22.59  22.93   





0

21.60  20.61  21.52  22.04  24.72  22.92  21.66  22.66  22.27  22.16  22.46  22.11  21.88  22.57  22.89  21.89   

20.57  20.51  20.63  21.58  24.70  24.01  21.75  22.03  22.88  24.83  23.96  22.23  22.93  22.07  21.96  22.32   

20.93  20.42  20.58  21.89  24.05  24.91  22.34  24.25  24.92  25.61  24.80  23.50  24.12  22.93  22.34  22.35   

20.26  20.85  21.72  22.51  23.89  24.63  23.34  25.63  26.27  25.73  25.15  25.14  24.47  22.93  22.75  22.75   





0

21.32  20.92  21.80  21.94  24.51  24.98  24.24  26.41  25.12  25.97  24.89  26.09  26.32  24.13  22.77  21.76   

19.91  20.66  20.77  21.27  23.36  25.35  26.15  25.64  24.03  25.64  24.71  26.27  25.76  22.96  22.40  22.65   

20.38  20.32  20.97  21.91  20.91  24.63  26.16  26.72  25.74  24.92  24.42  24.05  23.46  22.83  22.23  22.83   

21.18  21.29  21.23  22.05  21.47  22.96  23.70  25.44  25.63  24.07  23.90  22.54  21.91  23.24  22.78  23.13   





0

21.32  20.78  21.02  21.33  22.90  25.20  26.29  26.30  25.33  24.79  25.32  25.09  22.97  22.21  22.63  22.39   

20.32  20.66  20.77  21.50  20.80  23.42  24.48  24.96  24.54  24.45  23.98  22.69  22.15  21.98  21.85  22.65   

20.67  20.44  21.09  21.01  19.77  22.86  22.78  23.97  23.63  22.94  22.57  21.79  22.77  22.46  22.50  22.07   

20.14  21.01  21.49  21.93  20.92  22.05  22.16  22.49  22.70  22.36  22.02  22.18  22.05  22.38  21.82  22.06   





0

21.00  20.19  20.87  21.44  21.48  21.78  21.00  22.34  21.84  21.62  21.47  22.01  22.01  21.68  22.48  22.06   

20.45  20.52  20.04  21.37  21.00  22.58  21.96  21.43  21.76  22.32  21.97  22.14  21.68  22.09  21.97  22.18   

20.37  20.18  20.72  21.56  19.76  22.12  22.14  22.26  22.18  22.51  22.45  21.56  22.41  21.83  22.21  21.91   

19.98  20.86  21.48  22.16  21.46  22.38  22.03  22.04  22.34  22.24  22.36  22.04  22.29  22.23  22.29  22.23   





0

21.34  20.80  20.91  21.36  21.41  22.16  21.26  22.05  22.10  21.21  22.07  21.82  22.28  22.49  22.24  21.94   

20.21  20.69  20.68  21.18  21.04  22.52  21.90  21.88  21.69  22.15  22.00  21.96  21.83  22.00  22.15  22.52   

20.69  20.09  20.88  21.04  19.96  22.26  22.18  22.50  22.22  22.02  22.18  21.81  22.44  21.99  22.25  22.40   

20.32  20.77  21.77  21.95  21.22  22.19  21.51  22.30  22.61  22.50  22.17  22.44  22.46  22.55  22.48  22.98   





0

21.00  20.62  21.00  20.83  21.37  21.89  21.34  22.01  22.06  22.06  21.36  21.90  22.01  21.81  23.04  22.06   

19.62  20.39  20.28  21.02  21.22  21.96  21.56  21.53  21.45  22.22  22.18  21.71  21.68  21.96  22.52  22.49   

21.22  20.69  20.48  21.34  19.27  21.80  22.14  22.56  21.87  22.51  22.35  22.10  22.17  22.20  21.66  22.21   

20.43  20.59  21.35  22.16  21.04  21.92  21.59  21.93  22.57  22.70  22.36  22.29  22.03  22.80  22.13  22.76   





0

21.32  21.06  21.28  21.58  21.85  22.25  21.80  22.47  21.96  21.96  21.82  22.60  21.90  22.60  23.19  22.39   

20.19  20.53  20.30  21.27  21.23  22.08  21.88  21.95  21.98  22.84  22.30  22.15  22.15  22.35  22.53  22.95   

21.24  20.57  21.21  21.46  20.26  22.76  22.26  22.88  22.09  22.52  22.67  22.33  22.42  22.83  22.50  23.13   

20.89  21.56  21.49  22.41  21.61  22.74  22.38  22.38  22.59  22.94  22.50  22.30  22.31  22.95  23.57  22.78   





0

21.61  20.91  21.27  21.20  21.48  22.58  21.79  22.34  22.17  21.95  22.03  22.13  21.65  22.33  22.62  21.91   

20.17  20.78  20.88  21.02  21.32  22.27  21.76  21.84  21.97  22.73  22.29  22.25  22.02  22.33  22.11  22.79   

20.94  20.69  20.96  21.23  20.25  22.12  22.24  22.46  22.59  23.03  21.93  22.00  22.29  22.08  22.35  22.21   

20.28  21.14  21.60  21.55  21.04  22.38  22.14  22.37  22.57  22.47  22.60  22.41  22.29  22.51  22.61  22.76   





0

21.33  20.50  21.16  21.35  21.39  22.49  21.70  22.37  21.86  21.53  21.83  22.04  22.03  22.61  22.23  22.25   

20.75  20.93  20.43  21.51  21.56  22.19  21.89  21.56  21.78  22.96  22.10  21.95  22.51  22.11  22.41  22.51   

21.25  20.84  21.34  21.36  19.46  22.67  22.16  22.18  21.90  22.43  22.37  21.69  22.43  22.23  21.82  22.54   

20.00  21.30  21.63  22.18  21.34  22.63  22.28  21.95  22.83  22.72  22.15  21.95  22.06  22.68  22.47  22.97   





0

21.31  21.05  21.40  21.32  21.13  22.01  21.45  22.23  22.17  22.06  22.14  22.59  21.89  22.45  22.48  22.54   

20.31  20.65  21.12  21.14  21.22  22.27  21.96  21.53  21.55  22.42  22.39  22.35  21.79  22.21  22.79  22.49   

20.80  20.69  21.08  21.79  20.25  22.43  22.45  22.36  22.39  22.19  22.66  21.78  22.52  22.57  22.76  23.26   

20.28  21.41  21.22  22.16  21.32  22.61  22.03  22.26  22.80  22.47  22.60  22.53  22.03  22.94  23.08  23.12   





0

21.90  20.32  21.78  21.31  21.24  22.34  21.77  22.44  21.82  22.27  21.91  22.11  22.11  22.44  22.61  22.37   

20.43  21.02  20.99  21.24  21.53  22.15  21.95  21.52  21.95  22.61  22.27  22.02  22.70  22.32  22.51  22.62   

21.07  20.55  21.42  21.55  19.42  22.52  22.44  22.65  22.07  22.60  22.34  21.76  22.04  22.44  21.92  22.80   

20.71  21.12  21.85  21.78  21.72  22.71  22.13  22.02  22.56  22.68  22.47  22.64  22.54  22.36  22.11  22.75   





0

21.02  20.50  21.03  21.22  20.92  22.38  21.36  22.26  21.75  21.98  21.95  22.50  22.03  22.22  22.78  21.93   

20.20  20.93  20.79  21.28  21.35  22.09  22.09  21.66  21.78  22.24  22.20  21.84  22.28  22.61  22.55  22.51   

20.54  20.33  20.98  21.59  20.11  22.46  22.16  22.48  22.31  22.53  22.27  21.58  22.31  22.10  22.37  22.69   

20.30  20.89  21.89  22.43  21.48  22.41  22.28  22.28  22.48  22.61  22.39  22.19  22.19  22.54  22.31  22.25   





0

21.94  20.50  21.29  21.47  21.16  22.26  21.70  22.37  22.19  21.87  21.95  22.27  21.67  22.22  22.37  22.09   

20.47  20.93  20.79  21.28  21.56  22.19  22.09  22.07  21.78  22.45  21.88  22.16  22.16  22.36  22.27  22.97   

20.68  20.71  20.98  21.48  19.95  22.56  22.37  22.38  22.31  22.32  22.58  21.69  22.20  21.98  22.10  22.24   

20.75  20.75  21.37  22.30  21.76  22.06  22.28  22.28  22.83  22.83  22.86  22.43  22.06  22.54  22.15  23.32   





0

21.34  20.80  20.91  21.36  21.29  22.05  21.83  22.38  22.10  21.77  21.51  22.39  22.04  22.36  22.80  21.79   

20.76  20.69  20.92  21.29  21.79  22.20  21.90  21.98  21.69  22.46  22.22  22.50  22.29  22.50  22.70  22.68   

20.41  21.10  21.12  21.60  20.61  22.57  21.97  23.00  22.53  22.23  22.49  22.14  22.68  22.61  22.11  22.25   

20.76  21.18  21.77  22.07  21.08  22.53  22.62  22.08  22.84  22.39  22.40  22.69  22.46  22.55  22.32  23.16   





0

21.18  20.36  20.77  20.98  21.27  22.15  21.92  22.26  22.52  21.75  22.17  22.27  21.44  22.35  22.65  21.77   

20.34  20.54  20.91  21.05  21.56  22.30  22.09  21.25  21.78  22.65  21.78  21.84  22.28  21.74  22.55  22.21   

20.82  20.58  20.74  21.36  20.11  22.46  22.58  22.48  22.31  22.00  22.68  21.58  22.43  22.35  22.10  21.94   

20.90  21.03  21.89  22.30  21.34  22.75  22.72  22.06  22.48  22.49  22.63  22.43  22.06  22.54  22.31  21.89   





0

21.79  20.79  21.42  21.22  21.39  21.92  21.59  22.59  22.52  21.87  22.06  21.92  21.79  22.48  22.65  21.77   

20.20  21.31  20.43  21.39  21.67  22.19  21.79  21.45  21.68  22.34  22.10  21.95  22.39  22.11  22.55  22.97   

20.68  20.58  20.98  21.25  19.79  22.56  22.37  22.18  22.21  22.21  22.27  21.91  21.96  22.47  22.24  22.54   

20.90  21.03  22.02  22.18  21.34  22.29  22.17  22.28  22.48  22.83  23.10  22.43  22.58  22.11  22.79  22.97   





0

21.96  20.95  21.57  21.60  21.52  22.39  21.38  22.60  22.21  21.77  21.96  22.17  21.81  22.49  22.80  22.42   

20.21  20.69  20.80  21.06  21.58  22.20  22.00  21.98  21.59  22.66  22.54  21.96  22.18  21.88  22.56  22.37   

20.84  20.34  21.12  21.71  20.29  22.47  22.18  22.60  22.43  22.65  22.49  21.92  22.09  22.36  22.39  22.10   

20.02  21.31  21.38  22.20  21.36  22.88  22.18  22.30  22.73  23.08  22.52  22.20  22.46  22.84  22.16  22.44   





0

21.64  20.93  21.29  20.98  21.27  22.49  21.70  22.14  22.08  21.75  21.72  22.73  22.39  22.09  22.51  22.41   

20.06  20.54  20.31  20.93  21.35  22.19  21.89  21.76  21.58  22.24  22.52  21.95  22.05  22.48  22.68  22.05   

20.54  20.71  20.86  21.14  19.62  22.67  22.27  22.48  22.21  22.53  22.48  22.02  22.31  22.47  22.65  22.39   

20.45  21.30  21.63  21.82  21.34  22.29  22.28  22.28  22.71  22.49  23.21  22.31  22.19  22.25  22.95  22.79   





0

21.34  20.80  21.17  20.99  21.17  22.16  21.71  22.72  22.21  22.10  22.18  22.74  22.16  22.88  22.80  22.73   

20.62  21.20  21.16  21.64  21.58  22.00  22.10  22.28  21.80  22.66  22.32  22.28  22.63  22.25  22.29  22.98   

21.68  20.60  21.00  21.71  20.12  22.36  22.28  23.00  22.43  22.44  22.28  22.14  22.44  22.98  22.80  23.15   

20.47  21.04  21.90  22.32  20.94  22.53  22.29  22.41  22.95  23.19  22.52  22.44  22.85  22.98  23.28  23.69   





0

21.37  20.97  21.07  21.51  21.67  22.30  21.51  22.52  22.01  21.68  21.98  22.19  21.83  22.39  22.82  22.29   

20.65  20.97  21.18  21.55  21.49  22.75  21.93  21.80  21.93  22.59  22.03  22.09  22.20  22.03  22.99  23.15   

21.29  20.88  20.78  21.63  19.99  22.39  22.52  22.62  22.14  22.67  22.51  21.73  22.47  22.63  22.14  22.13   

20.79  21.20  21.80  22.46  21.66  22.79  22.09  22.21  22.52  22.99  22.54  22.11  22.10  22.29  23.30  23.36   





0

21.20  21.10  21.58  21.74  21.18  22.40  21.84  23.06  22.55  22.22  22.41  22.64  22.41  22.89  23.36  22.43   

20.50  21.72  21.05  21.19  21.59  22.53  21.81  21.79  22.33  22.78  22.23  22.51  22.30  22.14  23.12  22.84   

21.13  20.61  21.61  21.50  20.30  22.48  22.19  22.71  22.85  22.87  22.61  22.48  22.69  22.75  22.67  23.01   

20.92  21.60  21.91  22.45  21.65  22.43  22.86  22.53  22.85  23.43  23.00  22.46  22.21  22.28  23.29  23.17   





0

21.96  21.37  22.48  24.37  25.45  26.34  24.70  25.35  24.93  24.60  24.16  22.97  22.16  22.62  22.80  22.26   

20.76  20.94  21.51  23.57  24.54  25.58  24.50  24.29  23.95  24.18  23.48  22.39  22.40  22.74  22.97  23.28   

20.98  21.23  21.47  22.27  22.53  25.06  25.17  24.59  23.86  23.28  23.01  22.47  22.91  22.61  22.66  22.55   

21.50  21.58  22.03  22.32  22.18  23.89  24.59  23.40  23.75  23.19  23.11  22.44  22.59  22.84  22.80  23.51   





0

22.09  21.64  21.82  21.96  21.39  22.61  22.04  23.26  22.74  22.64  22.28  22.95  22.86  22.86  23.34  22.56   

21.02  21.44  21.26  21.62  21.99  22.71  22.60  23.28  22.82  23.06  22.52  22.70  22.85  23.10  23.23  23.12   

21.11  20.84  21.82  22.37  20.27  22.67  22.69  24.18  23.54  23.27  23.10  22.56  23.24  23.09  22.79  22.99   

20.60  21.57  22.40  22.79  22.17  22.98  22.94  24.04  24.30  24.53  24.14  23.63  23.35  23.11  24.05  23.85   





0

21.65  21.23  21.57  21.73  21.64  22.85  22.05  22.60  22.65  22.43  22.62  22.39  22.04  22.36  22.52  22.58   

20.90  21.07  21.04  21.64  21.79  22.62  22.20  22.08  21.90  22.76  22.22  22.39  22.52  22.37  22.70  22.83   

21.26  20.47  21.71  21.71  20.12  22.57  22.91  23.40  22.43  22.65  22.39  22.47  22.68  23.23  22.39  22.55   

20.91  21.45  21.90  22.56  21.63  22.99  22.62  22.85  23.41  22.73  22.87  22.69  22.85  22.69  22.96  23.33   





0

21.94  20.79  21.16  21.59  21.39  22.26  21.92  22.59  22.41  21.98  22.06  22.38  22.27  22.35  22.92  22.09   

21.15  20.93  20.91  21.51  21.46  22.61  22.19  21.96  21.78  22.65  22.10  22.06  22.28  22.48  22.27  22.66   

20.97  20.84  20.98  21.59  20.27  22.46  22.79  22.79  22.21  22.85  22.37  22.24  22.31  21.98  22.24  22.69   

20.75  21.43  21.89  22.06  21.48  22.86  22.50  22.73  22.71  22.61  22.86  22.67  22.84  22.54  22.95  23.14   





0

21.82  20.96  21.19  21.37  21.65  22.75  21.61  22.28  22.33  21.56  22.08  22.52  21.94  22.50  22.53  22.59   

20.64  20.95  21.17  21.88  21.27  22.42  22.22  21.89  22.22  22.27  22.44  21.76  22.19  22.14  22.84  22.38   

20.99  20.99  21.25  21.50  20.62  22.59  22.71  23.01  22.54  22.87  22.50  22.26  22.57  22.50  22.95  22.56   

20.92  21.05  21.53  22.69  21.78  22.32  22.30  22.42  22.97  22.97  23.00  22.46  22.34  22.14  22.81  22.81   





0

21.51  20.96  21.45  21.37  21.65  22.17  21.39  22.73  22.44  21.78  21.41  22.41  22.29  22.25  22.39  22.27   

20.91  20.57  20.81  21.42  21.59  22.32  22.01  21.99  21.91  22.57  22.23  22.30  22.42  22.26  22.57  22.38   

21.42  20.99  21.49  21.73  20.62  22.59  22.50  22.71  22.44  22.45  22.29  22.26  22.34  22.87  22.40  22.26   

21.81  21.60  21.91  22.09  21.23  22.66  22.19  22.75  22.85  22.97  22.41  22.34  22.21  22.56  22.97  22.99   





0

21.36  20.82  21.84  21.49  22.01  22.29  21.61  22.17  21.89  21.78  22.08  22.29  22.06  21.86  22.81  22.59   

20.64  20.83  20.93  21.42  21.48  22.32  21.91  21.58  22.02  22.68  22.02  22.19  22.07  22.51  22.30  22.84   

21.13  20.86  20.89  21.39  20.46  22.69  22.50  22.71  22.54  22.35  22.19  21.94  22.34  22.62  22.54  22.56   

20.92  21.05  21.53  22.09  21.37  22.43  22.53  22.20  22.97  22.52  22.65  22.46  22.60  22.71  22.50  22.63   





0

21.82  20.82  21.45  21.13  21.18  22.06  21.73  22.39  22.33  21.78  21.97  21.95  22.06  22.25  22.67  21.80   

21.05  20.95  20.57  20.96  21.37  22.74  22.12  21.79  22.12  22.37  22.02  22.19  22.07  22.38  22.71  22.99   

21.13  20.61  21.13  21.73  20.46  22.48  22.40  22.51  22.54  22.45  22.61  22.15  22.22  22.75  22.40  22.56   

20.92  20.92  21.66  22.21  21.10  22.77  22.30  21.98  22.51  22.40  22.65  22.70  22.21  22.42  22.34  22.99   





0

21.65  20.95  21.17  21.24  21.52  22.51  21.71  22.60  22.10  21.88  21.96  22.62  21.93  22.49  23.07  22.26   

20.49  21.07  20.92  21.18  21.58  22.72  22.31  21.98  22.21  22.66  22.54  22.28  22.06  22.74  22.56  22.68   

20.98  20.60  20.88  21.60  20.29  22.57  22.80  22.50  22.22  22.33  22.70  22.36  22.56  22.49  22.94  22.70   

21.06  21.58  21.26  22.07  21.36  22.76  22.40  22.63  22.95  22.85  22.40  22.20  22.72  22.69  22.64  23.33   





0

21.20  20.67  21.45  21.13  21.42  22.40  21.39  22.39  22.11  21.56  21.97  22.52  22.29  22.50  22.81  22.43   

20.23  20.95  20.81  21.30  21.16  22.74  22.12  21.48  21.91  22.17  22.65  22.40  22.19  22.14  22.16  22.38   

21.13  20.61  21.01  21.61  20.14  22.48  22.61  22.51  22.13  22.66  22.61  22.15  22.57  22.62  22.40  22.56   

20.33  21.05  21.91  22.57  21.10  22.32  22.19  22.31  22.28  22.29  22.77  22.21  22.60  22.42  23.13  23.52   





0

21.04  20.66  21.04  20.87  21.05  22.05  21.60  22.60  21.87  21.21  21.51  21.93  21.81  22.23  22.38  21.94   

20.07  20.94  20.44  20.94  21.90  22.52  21.80  21.88  21.90  22.36  22.32  21.64  22.63  22.00  22.29  22.07   

21.12  20.21  20.64  21.60  19.64  22.36  22.18  22.60  22.01  21.91  22.49  22.25  22.33  22.24  22.25  21.80   

20.32  21.18  21.38  22.56  21.50  22.65  22.07  22.08  22.50  22.62  22.28  22.20  22.33  22.12  22.16  22.08   





0

21.97  20.82  21.19  21.49  20.83  21.94  21.61  22.39  22.00  21.56  21.64  22.06  21.58  22.38  22.81  22.59   

20.64  20.70  20.45  21.19  21.27  22.32  21.81  21.99  21.71  22.37  22.44  21.65  22.30  22.14  22.30  22.84   

20.71  20.23  20.53  21.50  19.81  22.48  22.19  22.61  21.82  22.24  22.40  21.83  22.22  22.62  21.99  21.81   

20.63  21.32  21.53  22.33  21.23  22.43  21.97  22.31  22.39  22.52  22.77  22.09  22.21  21.99  22.66  23.17   

